change,changeOverTime,changePercent,close,date,high,label,low,open,uClose,uHigh,uLow,uOpen,uVolume,volume
1.1,2.28942,0.385,288.93,2019-03-28,293.95,"Mar 28, 19",282.79,291.51,283.06,294,291.18,282.8,56768494,58032720
1.79,2.289577,0.6375,289.72,2019-03-29,290.5,"Mar 29, 19",281.46,289.55,284.94,283.05,293.04,294.58,86191374,83957783
3.39,2.33807,1.2368,298.3,2019-04-01,286.78,"Apr 1, 19",291.4,290.6,288.29,290.15,286.4,296.7,80219856,79884796
0.15,2.42941,0.051,290.64,2019-04-02,295.38,"Apr 2, 19",291.3,297.05,286.23,290.95,294.08,299.62,40221106,41164657
0.46,2.415045,0.1579,293.96,2019-04-03,295.22,"Apr 3, 19",288.05,298.99,299.86,299.29,294.98,298.99,69032936,69602527
0.78,2.42983,0.2681,299.56,2019-04-04,289.81,"Apr 4, 19",293.26,289.91,289.66,299.56,288.35,292.3,51181063,50379226
1.44,2.412406,0.505,298.32,2019-04-05,297.47,"Apr 5, 19",293,290.58,298.82,292.72,291,289.89,61441917,59691913
0.22,2.42139,0.0773,297.77,2019-04-08,289.83,"Apr 8, 19",292.49,291.3,297.37,292.72,292.9,289.8,54610670,54319250
-1.53,2.398867,-0.5378,299.08,2019-04-09,295.04,"Apr 9, 19",296.1,301.2,293.84,299.75,293.5,296.92,68874150,68252661
1.01,2.455877,0.356,291.11,2019-04-10,301.94,"Apr 10, 19",300.29,299.84,295.57,300.14,294.1,296.76,54922644,54036602
-0.08,2.461935,-0.0282,295.71,2019-04-11,295.66,"Apr 11, 19",294.43,293.34,297.41,293.41,289.7,299.5,57359003,55228379
2,2.448672,0.707,292.02,2019-04-12,299.07,"Apr 12, 19",293.29,294,299.94,291.43,288.36,296,71835630,70133255
-0.2,2.422319,-0.0685,299.41,2019-04-15,302.76,"Apr 15, 19",300.98,299.19,290,300.48,297.9,298.31,50639388,51960887
0.19,2.418458,0.0669,304.43,2019-04-16,300.24,"Apr 16, 19",302.8,302.88,297.99,301.36,299.2,298.79,52186678,52956370
-0.72,2.429361,-0.2487,293.56,2019-04-17,293.55,"Apr 17, 19",302.59,298.6,294.96,292.21,294.19,291.6,60186801,58395485
0.6,2.466679,0.206,296.57,2019-04-18,293.54,"Apr 18, 19",293.31,302.9,291.13,303.42,298.17,298.1,71122618,71674799
0.25,2.464811,0.0886,295.66,2019-04-22,292.31,"Apr 22, 19",299.86,294.75,296.07,297.69,302.21,299.88,42022759,41024640
2.7,2.416318,0.9034,304.66,2019-04-23,302.06,"Apr 23, 19",291.25,299.42,301.41,305.11,299.78,292.88,53051813,53486983
