symbol,change,changeOverTime,changePercent,close,high,low,open,uClose,uHigh,uLow,uOpen,uVolume,volume
NFLX,-3.08,-0.010503,-1.0503,290.17,293.35,287.03,293.35,290.17,293.35,287.03,293.35,5166556,5166556
KSS,0.31,0.006425,0.6425,48.56,49.2,48.31,48.56,48.56,49.2,48.31,48.56,3235403,3235403
DECK,-1.07,-0.006954,-0.6954,152.79,155.48,152.65,154.3,152.79,155.48,152.65,154.3,327613,327613
AAPL,-0.02,-9.4e-05,-0.0094,213.26,214.42,212.51,214.05,213.26,214.42,212.51,214.05,19362294,19362294
VFC,1.1,0.012715,1.2715,87.61,87.78,86.8,86.8,87.61,87.78,86.8,86.8,1665903,1665903
FB,-3.41,-0.017863,-1.7863,187.49,190.21,186.35,190.21,187.49,190.21,186.35,190.21,15226820,15226820
YRIV,-0.0044,-0.00935,-0.935,0.4662,0.49,0.4119,0.462,0.4662,0.49,0.4119,0.462,429567,429567
DEO,1.76,0.010466,1.0466,169.93,171.2,168.94,169.09,169.93,171.2,168.94,169.09,670363,670363
LRLCF,1.6,0.005766,0.5766,279.1,279.89,279.05,279.05,279.1,279.89,279.05,279.05,1160,1160
TIF,0.03,0.00034,0.034,88.22,89.25,87.95,88.5,88.22,89.25,87.95,88.5,1641008,1641008
DIS,0.71,0.005114,0.5114,139.55,139.81,138.25,139.13,139.55,139.81,138.25,139.13,4089995,4089995
SPY,0.23,0.000772,0.0772,298.05,298.76,297.42,298.17,298.05,298.76,297.42,298.17,49584290,49584290
LB,-0.11,-0.00654,-0.654,16.71,17.07,16.62,16.9,16.71,17.07,16.62,16.9,4214519,4214519
TGT,1.31,0.012069,1.2069,109.85,110.94,108.8,108.95,109.85,110.94,108.8,108.95,5274350,5274350
TM,0.88,0.006709,0.6709,132.05,132.25,131.81,132.01,132.05,132.25,131.81,132.01,331253,331253
UAA,-0.21,-0.010622,-1.0622,19.56,20.08,19.37,19.9,19.56,20.08,19.37,19.9,2931001,2931001
PLNT,0.31,0.004758,0.4758,65.46,66.0,64.84,65.5,65.46,66.0,64.84,65.5,1500431,1500431
EL,2.05,0.010001,1.0001,207.03,207.5,204.99,205.08,207.03,207.5,204.99,205.08,1899884,1899884
LVMHF,3.72,0.00899,0.899,417.5,419.9,417.5,418.79,417.5,419.9,417.5,418.79,300,300
LULU,14.73,0.078181,7.8181,203.14,204.44,197.75,197.79,203.14,204.44,197.75,197.79,10969415,10969415
ADDYY,2.34,0.015473,1.5473,153.83,154.46,153.59,153.59,153.83,154.46,153.59,153.59,18609,18609
SHMP,0.002,0.014085,1.4085,0.144,0.145,0.14,0.143,0.144,0.145,0.14,0.143,920479,920479
COTY,0.11,0.0111,1.11,10.02,10.16,9.75,9.75,10.02,10.16,9.75,9.75,4830432,4830432
GOOS,0.2,0.005063,0.5063,39.7,40.19,39.38,39.9,39.7,40.19,39.38,39.9,475499,475499
ETSY,-2.12,-0.042315,-4.2315,47.98,50.48,47.7,50.26,47.98,50.48,47.7,50.26,3700661,3700661
ULTA,-3.61,-0.015251,-1.5251,233.1,239.24,233.03,237.84,233.1,239.24,233.03,237.84,2026045,2026045
NKE,0.27,0.003054,0.3054,88.69,88.98,88.02,88.4,88.69,88.98,88.02,88.4,3625337,3625337
AVP,0.01,0.002342,0.2342,4.28,4.31,4.23,4.29,4.28,4.31,4.23,4.29,4575295,4575295
SBUX,0.18,0.001884,0.1884,95.74,96.34,95.51,95.75,95.74,96.34,95.51,95.75,3991773,3991773
SNAP,0.75,0.047259,4.7259,16.62,16.64,15.9,15.97,16.62,16.64,15.9,15.97,29128689,29128689
BYND,-5.98,-0.03715,-3.715,154.99,157.63,151.68,155.84,154.99,157.63,151.68,155.84,3560562,3560562
FIZZ,0.01,0.000246,0.0246,40.66,41.97,38.28,40.18,40.66,41.97,38.28,40.18,875759,875759
