symbol,change,changeOverTime,changePercent,close,high,low,open,uClose,uHigh,uLow,uOpen,uVolume,volume
NFLX,1.06,0.002913,0.2913,364.97,365.7,359.33,362.98,364.97,365.7,359.33,362.98,4944593,4944593
KSS,0.37,0.005618,0.5618,66.23,67.02,65.38,66.11,66.23,67.02,65.38,66.11,3223849,3223849
DECK,0.63,0.004258,0.4258,148.59,149.39,146.68,147.73,148.59,149.39,146.68,147.73,419800,419800
AAPL,0.1,0.000574,0.0574,174.33,175.3,173.17,173.71,174.33,175.3,173.17,173.71,17070211,17070211
VFC,0.36,0.004139,0.4139,87.33,87.62,86.94,86.98,87.33,87.62,86.94,86.98,1429263,1429263
FB,-0.49,-0.002977,-0.2977,164.13,166.24,163.8,164.34,164.13,166.24,163.8,164.34,13784063,13784063
YRIV,-0.1001,-0.174087,-17.4087,0.4749,0.64,0.4556,0.6,0.4749,0.64,0.4556,0.6,6167025,6167025
DEO,0.56,0.003579,0.3579,157.01,157.93,156.87,157.08,157.01,157.93,156.87,157.08,449992,449992
LRLCF,6.28,0.025048,2.5048,257.0,257.0,256.8,256.8,257.0,257.0,256.8,256.8,631,631
TIF,0.88,0.009361,0.9361,94.89,95.05,93.71,94.1,94.89,95.05,93.71,94.1,1788897,1788897
DIS,-0.09,-0.000792,-0.0792,113.5,114.01,112.85,113.65,113.5,114.01,112.85,113.65,8955976,8955976
SPY,-0.2,-0.000716,-0.0716,279.32,280.3,278.9,279.13,279.32,280.3,278.9,279.13,56844101,56844101
LB,-0.19,-0.006867,-0.6867,27.48,27.79,27.21,27.58,27.48,27.79,27.21,27.58,3036410,3036410
TGT,-0.81,-0.011081,-1.1081,72.29,73.22,71.71,72.92,72.29,73.22,71.71,72.92,5370854,5370854
TM,0.82,0.006699,0.6699,123.23,123.65,122.75,122.75,123.23,123.65,122.75,122.75,102371,102371
UAA,-0.08,-0.00367,-0.367,21.72,21.86,21.51,21.75,21.72,21.86,21.51,21.75,3953757,3953757
PLNT,0.17,0.002997,0.2997,56.89,57.55,56.21,56.9,56.89,57.55,56.21,56.9,2515782,2515782
EL,-0.82,-0.005214,-0.5214,156.44,158.2,155.84,156.86,156.44,158.2,155.84,156.86,1966619,1966619
LVMHF,4.46,0.013022,1.3022,346.96,347.46,343.05,343.05,346.96,347.46,343.05,343.05,1907,1907
LULU,2.44,0.016427,1.6427,150.98,151.4,148.19,148.2,150.98,151.4,148.19,148.2,1469107,1469107
ADDYY,2.75,0.022989,2.2989,122.15,122.15,120.96,121.1,122.15,122.15,120.96,121.1,32490,32490
SHMP,0.0398,0.072364,7.2364,0.5898,0.629,0.57,0.61,0.5898,0.629,0.57,0.61,13555766,13555766
COTY,0.02,0.001792,0.1792,11.18,11.35,11.16,11.17,11.18,11.35,11.16,11.17,8617565,8617565
GOOS,0.36,0.006468,0.6468,56.02,56.33,54.68,55.19,56.02,56.33,54.68,55.19,2589189,2589189
ETSY,9.64,0.163362,16.3362,68.65,69.5,64.25,65.22,68.65,69.5,64.25,65.22,23794161,23794161
ULTA,0.95,0.003074,0.3074,310.0,311.02,308.18,308.65,310.0,311.02,308.18,308.65,508317,508317
NKE,0.63,0.007397,0.7397,85.8,86.08,85.2,85.31,85.8,86.08,85.2,85.31,6678802,6678802
AVP,0.08,0.026578,2.6578,3.09,3.23,3.0,3.0,3.09,3.23,3.0,3.0,9485845,9485845
SBUX,0.09,0.001267,0.1267,71.14,71.45,70.92,71.0,71.14,71.45,70.92,71.0,12302254,12302254
SNAP,-0.04,-0.003953,-0.3953,10.08,10.42,9.82,10.12,10.08,10.42,9.82,10.12,30998766,30998766
BYND,0.0,0.0,0.0,0.0,0.0,0.0,0.0,0.0,0.0,0.0,0.0,0,0
FIZZ,-3.36,-0.046816,-4.6816,68.41,72.26,68.33,71.75,68.41,72.26,68.33,71.75,507373,507373
