symbol,change,changeOverTime,changePercent,close,high,low,open,uClose,uHigh,uLow,uOpen,uVolume,volume
NFLX,2.65,0.007063,0.7063,377.87,379.0,370.61,374.0,377.87,379.0,370.61,374.0,8544017,8544017
KSS,0.35,0.005142,0.5142,68.42,68.56,67.64,67.84,68.42,68.56,67.64,67.84,2846945,2846945
DECK,1.8,0.012465,1.2465,146.21,146.52,142.94,144.34,146.21,146.52,142.94,144.34,296023,296023
AAPL,6.93,0.03683,3.683,195.09,196.33,189.81,190.02,195.09,196.33,189.81,190.02,51034237,51034237
VFC,0.92,0.010834,1.0834,85.84,86.08,84.74,84.97,85.84,86.08,84.74,84.97,1127069,1127069
FB,0.64,0.003868,0.3868,166.08,166.39,163.75,164.89,166.08,166.39,163.75,164.89,16223007,16223007
DEO,0.93,0.005709,0.5709,163.82,164.11,163.03,163.05,163.82,164.11,163.03,163.05,246596,246596
LRLCF,0.0,0.0,0.0,269.0,0.0,0.0,0.0,269.0,0.0,0.0,0.0,740,740
TIF,2.99,0.030803,3.0803,100.06,100.79,96.49,96.49,100.06,100.79,96.49,96.49,2793125,2793125
DIS,-1.33,-0.012092,-1.2092,108.66,110.15,108.37,110.1,108.66,110.15,108.37,110.1,27438927,27438927
SPY,3.18,0.011295,1.1295,284.73,285.18,280.59,280.64,284.73,285.18,280.59,280.64,79550375,79550375
LB,0.34,0.012341,1.2341,27.89,28.09,27.38,27.58,27.89,28.09,27.38,27.58,3756150,3756150
TGT,1.95,0.025148,2.5148,79.49,79.93,78.2,78.2,79.49,79.93,78.2,78.2,5322152,5322152
TM,0.77,0.006434,0.6434,120.44,120.49,119.26,119.62,120.44,120.49,119.26,119.62,127196,127196
UAA,0.31,0.014493,1.4493,21.7,21.74,21.29,21.37,21.7,21.74,21.29,21.37,2102698,2102698
PLNT,0.22,0.003263,0.3263,67.65,68.34,67.34,67.39,67.65,68.34,67.34,67.39,1244845,1244845
EL,2.1,0.01315,1.315,161.79,162.01,158.56,159.31,161.79,162.01,158.56,159.31,975183,975183
LVMHF,2.25,0.006239,0.6239,362.9,362.9,361.0,361.5,362.9,362.9,361.0,361.5,58,58
LULU,4.56,0.03159,3.159,148.91,149.55,144.54,144.64,148.91,149.55,144.54,144.64,1672918,1672918
ADDYY,-1.11,-0.009256,-0.9256,118.81,119.05,118.09,118.78,118.81,119.05,118.09,118.78,15704,15704
COTY,-0.11,-0.009658,-0.9658,11.28,11.43,11.27,11.38,11.28,11.43,11.27,11.38,21122928,21122928
GOOS,0.86,0.017063,1.7063,51.26,51.49,50.0,50.02,51.26,51.49,50.0,50.02,985388,985388
ETSY,0.54,0.007837,0.7837,69.44,70.15,68.56,68.56,69.44,70.15,68.56,68.56,1362152,1362152
ULTA,4.34,0.01312,1.312,335.13,336.55,328.83,329.22,335.13,336.55,328.83,329.22,759099,759099
NKE,1.32,0.015227,1.5227,88.01,88.12,86.83,87.24,88.01,88.12,86.83,87.24,10386937,10386937
AVP,-0.03,-0.010676,-1.0676,2.78,2.84,2.74,2.8,2.78,2.84,2.74,2.8,3964938,3964938
SBUX,0.63,0.008795,0.8795,72.26,72.44,71.32,71.32,72.26,72.44,71.32,71.32,8044430,8044430
SNAP,0.07,0.006399,0.6399,11.01,11.02,10.76,10.86,11.01,11.02,10.76,10.86,14582407,14582407
BYND,0.0,0.0,0.0,0.0,0.0,0.0,0.0,0.0,0.0,0.0,0.0,0,0
FIZZ,0.01,0.000175,0.0175,57.13,57.64,56.53,57.07,57.13,57.64,56.53,57.07,324067,324067
