symbol,change,changeOverTime,changePercent,close,high,low,open,uClose,uHigh,uLow,uOpen,uVolume,volume
NFLX,-8.9,-0.030478,-3.0478,283.11,293.41,281.14,291.03,283.11,293.41,281.14,291.03,9233066,9233066
KSS,0.24,0.004252,0.4252,56.69,56.98,55.85,56.12,56.69,56.98,55.85,56.12,2198288,2198288
DECK,0.49,0.002984,0.2984,164.68,165.13,161.8,163.2,164.68,165.13,161.8,163.2,255669,255669
AAPL,2.51,0.009582,0.9582,264.47,264.78,261.07,261.13,264.47,264.78,261.07,261.13,25817593,25817593
VFC,1.04,0.012276,1.2276,85.76,86.02,83.91,84.79,85.76,86.02,83.91,84.79,2108232,2108232
FB,-1.28,-0.006582,-0.6582,193.19,195.7,192.74,194.7,193.19,195.7,192.74,194.7,11009800,11009800
YRIV,-0.024,-0.065041,-6.5041,0.345,0.369,0.3333,0.35,0.345,0.369,0.3333,0.35,125108,125108
DEO,2.36,0.014937,1.4937,160.36,160.59,159.16,159.82,160.36,160.59,159.16,159.82,271650,271650
LRLCF,-0.3,-0.001046,-0.1046,286.55,290.27,286.55,289.35,286.55,290.27,286.55,289.35,133,133
TIF,-1.59,-0.012807,-1.2807,122.56,124.0,122.33,123.72,122.56,124.0,122.33,123.72,3003018,3003018
DIS,10.14,0.073171,7.3171,148.72,149.92,136.84,138.58,148.72,149.92,136.84,138.58,46491397,46491397
SPY,0.1,0.000324,0.0324,309.1,309.54,307.66,307.91,309.1,309.54,307.66,307.91,54459018,54459018
LB,-0.34,-0.019395,-1.9395,17.19,17.3,16.97,17.2,17.19,17.3,16.97,17.2,4867207,4867207
TGT,0.23,0.002123,0.2123,108.58,109.23,107.02,108.63,108.58,109.23,107.02,108.63,3908352,3908352
TM,0.02,0.000138,0.0138,144.56,144.71,144.03,144.49,144.56,144.71,144.03,144.49,113793,113793
UAA,-0.06,-0.00347,-0.347,17.23,17.34,17.08,17.2,17.23,17.34,17.08,17.2,3907196,3907196
PLNT,1.02,0.014569,1.4569,71.03,71.57,69.41,69.76,71.03,71.57,69.41,69.76,2194045,2194045
EL,0.13,0.000692,0.0692,188.08,189.04,186.3,187.96,188.08,189.04,186.3,187.96,1021988,1021988
LVMHF,-0.14,-0.000315,-0.0315,444.82,445.0,441.0,445.0,444.82,445.0,441.0,445.0,232,232
LULU,3.3,0.01588,1.588,211.11,211.31,206.96,207.59,211.11,211.31,206.96,207.59,1740785,1740785
ADDYY,-2.12,-0.014307,-1.4307,146.06,147.85,145.95,147.85,146.06,147.85,145.95,147.85,302392,302392
SHMP,-0.0067,-0.058875,-5.8875,0.1071,0.12,0.104,0.105,0.1071,0.12,0.104,0.105,1219140,1219140
COTY,-0.17,-0.013699,-1.3699,12.24,12.42,12.17,12.36,12.24,12.42,12.17,12.36,3857762,3857762
GOOS,-4.23,-0.10835,-10.835,34.81,39.72,33.38,38.52,34.81,39.72,33.38,38.52,18637942,18637942
ETSY,-0.12,-0.002941,-0.2941,40.68,40.75,39.81,40.64,40.68,40.75,39.81,40.64,3147684,3147684
ULTA,0.07,0.000287,0.0287,244.04,245.14,238.64,241.99,244.04,245.14,238.64,241.99,582441,582441
NKE,1.79,0.02,2.0,91.29,91.55,89.57,89.73,91.29,91.55,89.57,89.73,5955836,5955836
AVP,-0.04,-0.00885,-0.885,4.48,4.55,4.4,4.5,4.48,4.55,4.4,4.5,6832125,6832125
SBUX,0.62,0.007441,0.7441,83.94,84.29,83.2,83.29,83.94,84.29,83.2,83.29,7439003,7439003
SNAP,0.09,0.006259,0.6259,14.47,14.64,14.34,14.38,14.47,14.64,14.34,14.38,8472354,8472354
BYND,0.745,0.009518,0.9518,79.02,80.18,77.0,78.0,79.02,80.18,77.0,78.0,3888707,3888707
FIZZ,1.41,0.03366,3.366,43.3,43.31,41.22,41.34,43.3,43.31,41.22,41.34,779917,779917
