symbol,change,changeOverTime,changePercent,close,high,low,open,uClose,uHigh,uLow,uOpen,uVolume,volume
NFLX,-6.26,-0.017093,-1.7093,359.97,368.38,358.02,367.87,359.97,368.38,358.02,367.87,7666475,7666475
KSS,0.17,0.002473,0.2473,68.9,70.27,68.34,69.36,68.9,70.27,68.34,69.36,2432228,2432228
DECK,0.26,0.001817,0.1817,143.36,144.59,142.49,144.0,143.36,144.59,142.49,144.0,259884,259884
AAPL,-1.95,-0.010332,-1.0332,186.79,192.88,184.58,191.66,186.79,192.88,184.58,191.66,49800538,49800538
VFC,0.5,0.005916,0.5916,85.01,85.63,84.55,85.29,85.01,85.63,84.55,85.29,1068903,1068903
FB,1.39,0.008359,0.8359,167.68,169.45,166.35,167.35,167.68,169.45,166.35,167.35,15437920,15437920
DEO,2.3,0.014116,1.4116,165.23,165.53,164.38,164.79,165.23,165.53,164.38,164.79,417977,417977
LRLCF,6.65,0.025199,2.5199,270.55,270.55,267.3,267.3,270.55,270.55,267.3,267.3,1043,1043
TIF,0.33,0.00321,0.321,103.13,104.18,102.13,103.49,103.13,104.18,102.13,103.49,1578461,1578461
DIS,2.35,0.021802,2.1802,110.14,110.34,108.27,108.4,110.14,110.34,108.27,108.4,16693081,16693081
SPY,2.08,0.007454,0.7454,281.12,282.18,279.56,280.99,281.12,282.18,279.56,280.99,68125920,68125920
LB,0.56,0.02046,2.046,27.93,28.22,27.49,27.83,27.93,28.22,27.49,27.83,4845227,4845227
TGT,1.1,0.014007,1.4007,79.63,80.03,79.05,79.16,79.63,80.03,79.05,79.16,3493843,3493843
TM,1.28,0.010623,1.0623,121.77,122.28,121.52,122.01,121.77,122.28,121.52,122.01,138308,138308
UAA,0.0,0.0,0.0,20.87,21.25,20.79,21.05,20.87,21.25,20.79,21.05,3467219,3467219
PLNT,-0.33,-0.004896,-0.4896,67.07,68.03,66.36,67.69,67.07,68.03,66.36,67.69,1321506,1321506
EL,1.83,0.011439,1.1439,161.81,162.86,160.42,161.04,161.81,162.86,160.42,161.04,712114,712114
LVMHF,6.65,0.018604,1.8604,364.1,364.2,362.7,363.9,364.1,364.2,362.7,363.9,981,981
LULU,-3.02,-0.020603,-2.0603,143.56,148.43,142.8,148.01,143.56,148.43,142.8,148.01,3010829,3010829
ADDYY,0.485,0.004031,0.4031,120.81,121.19,120.47,121.16,120.81,121.19,120.47,121.16,21771,21771
COTY,0.04,0.003562,0.3562,11.27,11.31,11.23,11.27,11.27,11.31,11.23,11.27,22506489,22506489
GOOS,-0.34,-0.007339,-0.7339,45.99,47.32,45.62,46.81,45.99,47.32,45.62,46.81,1498249,1498249
ETSY,-0.12,-0.001768,-0.1768,67.74,69.05,67.44,68.47,67.74,69.05,67.44,68.47,1431745,1431745
ULTA,6.23,0.018505,1.8505,342.9,345.63,337.45,339.62,342.9,345.63,337.45,339.62,847941,847941
NKE,1.05,0.012754,1.2754,83.38,84.09,82.91,83.63,83.38,84.09,82.91,83.63,9611895,9611895
AVP,0.15,0.047771,4.7771,3.29,3.34,3.15,3.17,3.29,3.34,3.15,3.17,8844966,8844966
SBUX,0.66,0.009129,0.9129,72.96,73.19,72.33,72.72,72.96,73.19,72.33,72.72,7624044,7624044
SNAP,0.04,0.003731,0.3731,10.76,10.94,10.7,10.83,10.76,10.94,10.7,10.83,10066432,10066432
BYND,0.0,0.0,0.0,0.0,0.0,0.0,0.0,0.0,0.0,0.0,0.0,0,0
FIZZ,0.93,0.016196,1.6196,58.35,58.69,57.1,57.69,58.35,58.69,57.1,57.69,245614,245614
