symbol,change,changeOverTime,changePercent,close,high,low,open,uClose,uHigh,uLow,uOpen,uVolume,volume
NFLX,-1.93,278.901669,-0.5228,380.74,383.54,365.8,372.75,384.2,372.73,363.7,382.3,4781502,4731409
DECK,1.8,103.813029,1.2174,145.69,147.52,142.84,148.68,149.33,147.73,146.33,146.28,323695,327360
AAPL,0.36,196.064933,0.176,200.68,202.07,196.75,203.3,201.33,205.66,197.64,194.8,19435992,19562970
VFC,2.2,8.952719,2.4501,92.43,93.27,88.3,88.0,90.92,93.68,88.62,91.44,1412823,1419286
FB,2.5,3.67988,1.4704,181.08,182.0,182.83,179.25,177.5,184.0,182.46,176.75,17892513,18139430
DEO,-0.28,3.00859,-0.1676,164.15,165.75,167.71,167.37,167.44,171.53,162.95,171.32,253317,249124
LRLCF,-0.6,2.780186,-0.2256,274.0,274.1,275.0,283.3,278.0,284.0,277.5,274.2,149,146
TIF,0.4,3.310692,0.3893,111.2,112.51,111.68,109.02,109.9,110.77,111.29,107.63,2001603,2015202
DIS,2.25,5.749794,1.9954,116.16,118.22,116.72,117.94,116.68,115.74,114.82,116.97,14603029,14947481
LB,0.77,1.187006,2.8294,28.39,28.23,27.42,27.95,28.6,28.82,27.6,27.7,5227505,5168435
TGT,2.14,1.801568,2.7,81.6,85.56,81.15,79.3,82.29,83.22,82.99,82.06,4451497,4482748
LRLCY,0.23,2.682116,0.435,56.82,55.0,54.18,55.0,55.72,55.05,56.36,56.0,49411,48162
UAA,0.64,2.510484,3.0382,22.05,22.18,22.4,21.43,22.69,22.49,21.8,21.98,2926174,2952772
PLNT,-0.5,3.52362,-0.7123,73.37,74.64,73.58,73.86,71.12,72.9,72.23,74.44,2708115,2748319
EL,-1.21,10.520668,-0.757,166.5,165.0,169.8,171.35,168.4,168.0,170.3,171.63,857386,862650
LVMHF,1.14,6.378995,0.302,385.85,382.97,385.1,384.8,387.27,378.96,376.1,381.89,75,74
LULU,5.33,11.246262,3.2539,178.99,177.85,173.07,172.23,174.94,178.34,172.5,166.41,2797627,2828265
ADDYY,1.55,5.768693,1.2695,130.3,128.66,126.8,128.07,127.5,132.53,125.81,128.69,123254,120159
COTY,0.11,-0.349853,1.03,11.4,11.78,11.42,11.47,11.6,11.37,11.27,11.32,9806626,10000422
LVMUY,-0.12,6.479688,-0.169,75.83,78.6,78.39,76.92,76.04,76.7,75.67,75.26,214893,220378
GOOS,0.29,2.135084,0.578,51.02,49.68,49.0,48.77,50.98,49.75,50.0,49.7,913113,921449
ETSY,-1.17,1.328488,-1.68,69.2,71.75,68.87,70.97,70.3,72.39,67.95,73.34,2778134,2796333
ULTA,-0.39,11.190193,-0.1168,355.25,355.0,353.48,355.13,365.71,361.4,353.31,364.55,400270,409699
NKE,0.84,12.943986,0.9637,88.5,87.1,84.9,85.74,87.44,88.29,87.48,87.28,3743459,3672910
SBUX,0.02,11.052129,0.0272,77.59,77.67,75.57,77.0,75.58,77.33,75.69,74.6,5654272,5711400
SNAP,0.12,-0.561226,1.0794,11.78,11.71,11.35,11.69,11.65,11.95,11.42,11.75,30020237,30267255
FIZZ,0.83,9.031879,1.475,58.9,58.84,57.05,58.89,59.6,58.83,58.71,57.51,279868,280349
