symbol,change,changeOverTime,changePercent,close,high,low,open,uClose,uHigh,uLow,uOpen,uVolume,volume
NFLX,-1.28,-0.004483,-0.4483,284.25,285.87,279.4,283.82,284.25,285.87,279.4,283.82,7728161,7728161
KSS,0.72,0.014193,1.4193,51.45,52.08,50.55,50.94,51.45,52.08,50.55,50.94,2225364,2225364
DECK,0.17,0.001108,0.1108,153.56,155.01,152.12,153.25,153.56,155.01,152.12,153.25,348364,348364
AAPL,-0.55,-0.002332,-0.2332,235.32,237.65,234.88,236.39,235.32,237.65,234.88,236.39,23040483,23040483
VFC,0.58,0.006378,0.6378,91.52,91.63,90.8,91.09,91.52,91.63,90.8,91.09,1196301,1196301
FB,5.61,0.030609,3.0609,188.89,190.38,183.66,183.8,188.89,190.38,183.66,183.8,15143119,15143119
YRIV,-0.019,-0.042222,-4.2222,0.431,0.47,0.41,0.43,0.431,0.47,0.41,0.43,122330,122330
DEO,-0.75,-0.004602,-0.4602,162.24,162.91,161.43,161.67,162.24,162.91,161.43,161.67,661273,661273
LRLCF,-1.0,-0.003715,-0.3715,268.15,271.45,265.95,265.95,268.15,271.45,265.95,265.95,1340,1340
TIF,0.78,0.008642,0.8642,91.04,92.07,90.29,90.8,91.04,92.07,90.29,90.8,988588,988588
DIS,0.06,0.000463,0.0463,129.76,130.89,129.4,130.01,129.76,130.89,129.4,130.01,5937287,5937287
SPY,2.93,0.0099,0.99,298.88,299.7,296.97,297.1,298.88,299.7,296.97,297.1,47832356,47832356
LB,0.41,0.023455,2.3455,17.89,18.24,17.47,17.69,17.89,18.24,17.47,17.69,5311222,5311222
TGT,0.74,0.006658,0.6658,111.89,112.3,111.34,111.56,111.89,112.3,111.34,111.56,2718702,2718702
TM,1.8,0.013326,1.3326,136.87,137.36,136.38,136.8,136.87,137.36,136.38,136.8,169433,169433
UAA,0.33,0.016442,1.6442,20.4,20.44,19.94,20.1,20.4,20.44,19.94,20.1,2455045,2455045
PLNT,0.02,0.000329,0.0329,60.79,61.43,59.83,61.0,60.79,61.43,59.83,61.0,1298107,1298107
EL,-1.74,-0.009023,-0.9023,191.09,194.46,190.99,193.1,191.09,194.46,190.99,193.1,1247056,1247056
LVMHF,5.81,0.013932,1.3932,422.85,423.14,419.5,422.0,422.85,423.14,419.5,422.0,191,191
LULU,0.85,0.004186,0.4186,203.89,205.4,202.31,203.4,203.89,205.4,202.31,203.4,2065306,2065306
ADDYY,3.34,0.021573,2.1573,158.16,158.79,156.99,157.42,158.16,158.79,156.99,157.42,17122,17122
SHMP,-0.0004,-0.00314,-0.314,0.127,0.1299,0.122,0.1272,0.127,0.1299,0.122,0.1272,791888,791888
COTY,-0.27,-0.025352,-2.5352,10.38,10.63,10.36,10.63,10.38,10.63,10.36,10.63,3014875,3014875
GOOS,1.36,0.034997,3.4997,40.22,41.31,38.58,39.1,40.22,41.31,38.58,39.1,1287718,1287718
ETSY,0.91,0.015395,1.5395,60.02,60.88,58.92,59.27,60.02,60.88,58.92,59.27,1629695,1629695
ULTA,-1.17,-0.004745,-0.4745,245.4,249.19,244.25,247.01,245.4,249.19,244.25,247.01,724072,724072
NKE,-0.09,-0.000949,-0.0949,94.79,95.18,94.12,95.0,94.79,95.18,94.12,95.0,4301375,4301375
AVP,-0.01,-0.00241,-0.241,4.14,4.22,4.08,4.13,4.14,4.22,4.08,4.13,8547827,8547827
SBUX,-0.17,-0.001963,-0.1963,86.45,87.25,85.76,87.0,86.45,87.25,85.76,87.0,4722624,4722624
SNAP,0.33,0.023983,2.3983,14.09,14.15,13.86,13.87,14.09,14.15,13.86,13.87,22110784,22110784
BYND,-4.26,-0.033727,-3.3727,122.05,125.4,120.53,124.27,122.05,125.4,120.53,124.27,2639299,2639299
FIZZ,0.84,0.017449,1.7449,48.98,49.61,47.4,48.23,48.98,49.61,47.4,48.23,493258,493258
