symbol,change,changeOverTime,changePercent,close,high,low,open,uClose,uHigh,uLow,uOpen,uVolume,volume
NFLX,-2.59,-0.007217,-0.7217,356.27,360.13,353.8,359.37,356.27,360.13,353.8,359.37,5164571,5164571
KSS,0.15,0.002157,0.2157,69.7,69.99,68.75,69.92,69.7,69.99,68.75,69.92,2657126,2657126
DECK,-0.93,-0.006516,-0.6516,141.79,143.28,139.81,142.72,141.79,143.28,139.81,142.72,406919,406919
AAPL,2.01,0.011235,1.1235,180.91,182.67,179.37,180.0,180.91,182.67,179.37,180.0,32467584,32467584
VFC,-0.34,-0.003994,-0.3994,84.78,85.67,84.48,85.4,84.78,85.67,84.48,85.4,1418526,1418526
FB,-0.15,-0.000872,-0.0872,171.92,173.8,171.22,172.09,171.92,173.8,171.22,172.09,12155264,12155264
YRIV,0.1386,0.271074,27.1074,0.6499,0.65,0.48,0.5,0.6499,0.65,0.48,0.5,12662111,12662111
DEO,-0.84,-0.005241,-0.5241,159.45,160.12,159.01,159.03,159.45,160.12,159.01,159.03,226374,226374
LRLCF,0.0,0.0,0.0,254.05,0.0,0.0,0.0,254.05,0.0,0.0,0.0,0,0
TIF,-0.41,-0.004258,-0.4258,95.87,96.86,95.42,96.16,95.87,96.86,95.42,96.16,1223496,1223496
DIS,-0.02,-0.000174,-0.0174,114.73,115.3,114.04,114.72,114.73,115.3,114.04,114.72,9920395,9920395
SPY,1.05,0.003771,0.3771,279.49,280.07,278.85,279.06,279.49,280.07,278.85,279.06,79667530,79667530
LB,0.03,0.001143,0.1143,26.27,26.44,25.87,26.2,26.27,26.44,25.87,26.2,3108062,3108062
TGT,-0.09,-0.00118,-0.118,76.18,76.5,75.77,76.44,76.18,76.5,75.77,76.44,3646239,3646239
TM,-0.37,-0.003106,-0.3106,118.76,119.2,118.58,119.18,118.76,119.2,118.58,119.18,78991,78991
UAA,-0.2,-0.009079,-0.9079,21.83,22.03,21.25,21.95,21.83,22.03,21.25,21.95,7068227,7068227
PLNT,0.84,0.01278,1.278,66.57,66.81,65.78,65.84,66.57,66.81,65.78,65.84,1213807,1213807
EL,1.71,0.010856,1.0856,159.22,160.0,157.82,158.2,159.22,160.0,157.82,158.2,2007193,2007193
LVMHF,3.75,0.010859,1.0859,349.1,349.96,345.3,347.05,349.1,349.96,345.3,347.05,105,105
LULU,0.5,0.003441,0.3441,145.79,146.06,142.67,145.28,145.79,146.06,142.67,145.28,2090125,2090125
ADDYY,-0.545,-0.004546,-0.4546,119.34,119.99,117.5,119.31,119.34,119.99,117.5,119.31,36299,36299
SHMP,-0.0451,-0.138727,-13.8727,0.28,0.3305,0.247,0.3216,0.28,0.3305,0.247,0.3216,21925341,21925341
COTY,-0.03,-0.002747,-0.2747,10.89,11.02,10.88,10.92,10.89,11.02,10.88,10.92,7704437,7704437
GOOS,-0.6,-0.011554,-1.1554,51.33,52.2,50.12,52.17,51.33,52.2,50.12,52.17,1474531,1474531
ETSY,0.49,0.006935,0.6935,71.15,71.68,69.3,70.51,71.15,71.68,69.3,70.51,1777680,1777680
ULTA,1.66,0.005359,0.5359,311.41,312.0,304.32,310.69,311.41,312.0,304.32,310.69,779268,779268
NKE,-0.39,-0.004544,-0.4544,85.43,86.08,85.02,85.78,85.43,86.08,85.02,85.78,4431552,4431552
AVP,-0.06,-0.022059,-2.2059,2.66,2.77,2.64,2.72,2.66,2.77,2.64,2.72,4598137,4598137
SBUX,0.37,0.00531,0.531,70.05,70.58,69.69,69.74,70.05,70.58,69.69,69.74,12751689,12751689
SNAP,-0.08,-0.008032,-0.8032,9.88,10.04,9.68,10.04,9.88,10.04,9.68,10.04,16308382,16308382
BYND,0.0,0.0,0.0,0.0,0.0,0.0,0.0,0.0,0.0,0.0,0.0,0,0
FIZZ,-0.29,-0.004885,-0.4885,59.07,59.85,57.16,59.38,59.07,59.85,57.16,59.38,726135,726135
