symbol,change,changeOverTime,changePercent,close,high,low,open,uClose,uHigh,uLow,uOpen,uVolume,volume
NFLX,4.94,0.013866,1.3866,361.21,362.48,352.77,355.81,361.21,362.48,352.77,355.81,6444092,6444092
KSS,-1.11,-0.015925,-1.5925,68.59,69.84,68.19,69.84,68.59,69.84,68.19,69.84,3542283,3542283
DECK,0.46,0.003244,0.3244,142.25,143.72,141.53,142.12,142.25,143.72,141.53,142.12,558103,558103
AAPL,0.8,0.004422,0.4422,181.71,183.3,180.92,182.25,181.71,183.3,180.92,182.25,31032524,31032524
VFC,0.27,0.003185,0.3185,85.05,85.78,84.51,84.98,85.05,85.78,84.51,84.98,1944654,1944654
FB,1.45,0.008434,0.8434,173.37,174.03,172.12,172.32,173.37,174.03,172.12,172.32,11973280,11973280
DEO,1.39,0.008717,0.8717,160.84,161.33,160.67,161.21,160.84,161.33,160.67,161.21,392420,392420
LRLCF,4.2,0.016532,1.6532,258.25,258.25,256.5,256.5,258.25,258.25,256.5,256.5,2146,2146
TIF,0.68,0.007093,0.7093,96.55,97.43,95.52,96.49,96.55,97.43,95.52,96.49,1495811,1495811
DIS,-0.64,-0.005578,-0.5578,114.09,114.85,113.72,114.84,114.09,114.85,113.72,114.84,17994525,17994525
SPY,1.85,0.006619,0.6619,281.34,282.38,280.3,280.48,281.34,282.38,280.3,280.48,80639153,80639153
LB,0.81,0.030834,3.0834,27.08,27.26,26.19,26.33,27.08,27.26,26.19,26.33,4012929,4012929
TGT,0.94,0.012339,1.2339,77.12,77.37,76.18,76.26,77.12,77.37,76.18,76.26,3796625,3796625
TM,0.55,0.004631,0.4631,119.31,119.66,118.56,118.65,119.31,119.66,118.56,118.65,61473,61473
UAA,0.25,0.011452,1.1452,22.08,22.28,21.67,21.88,22.08,22.28,21.67,21.88,3796249,3796249
PLNT,0.49,0.007361,0.7361,67.06,67.79,66.6,66.9,67.06,67.79,66.6,66.9,1671021,1671021
EL,0.22,0.001382,0.1382,159.44,160.83,158.97,160.0,159.44,160.83,158.97,160.0,1172762,1172762
LVMHF,1.15,0.003294,0.3294,350.25,353.51,350.25,350.8,350.25,353.51,350.25,350.8,1848,1848
LULU,-0.38,-0.002606,-0.2606,145.41,147.71,145.25,146.15,145.41,147.71,145.25,146.15,1309778,1309778
ADDYY,-3.33,-0.027903,-2.7903,116.01,116.81,114.9,115.13,116.01,116.81,114.9,115.13,66226,66226
COTY,0.11,0.010101,1.0101,11.0,11.11,10.89,10.9,11.0,11.11,10.89,10.9,14146778,14146778
GOOS,-0.1,-0.001948,-0.1948,51.23,52.23,51.12,51.27,51.23,52.23,51.12,51.27,1063076,1063076
ETSY,-1.0,-0.014055,-1.4055,70.15,72.39,69.93,71.61,70.15,72.39,69.93,71.61,2353793,2353793
ULTA,4.03,0.012941,1.2941,315.44,316.98,311.06,312.05,315.44,316.98,311.06,312.05,796764,796764
NKE,0.5,0.005853,0.5853,85.93,86.66,85.6,85.7,85.93,86.66,85.6,85.7,5037858,5037858
AVP,0.09,0.033835,3.3835,2.75,2.76,2.65,2.66,2.75,2.76,2.65,2.66,5515804,5515804
SBUX,0.05,0.000714,0.0714,70.1,70.9,69.98,70.09,70.1,70.9,69.98,70.09,13798644,13798644
SNAP,0.17,0.017206,1.7206,10.05,10.06,9.77,9.88,10.05,10.06,9.77,9.88,14360956,14360956
BYND,0.0,0.0,0.0,0.0,0.0,0.0,0.0,0.0,0.0,0.0,0.0,0,0
FIZZ,0.72,0.012189,1.2189,59.79,60.32,58.29,58.9,59.79,60.32,58.29,58.9,513422,513422
