symbol,change,changeOverTime,changePercent,close,high,low,open,uClose,uHigh,uLow,uOpen,uVolume,volume
NFLX,0,0,0,364.87,371.34,371.08,362.72,358.57,369.25,361.06,369.96,4894405,4934255
DECK,0,0,0,147.08,146.15,142.32,145.29,149.5,149.13,148.32,149.35,352287,347518
AAPL,0,0,0,193.0,192.7,193.86,189.02,195.0,197.8,193.95,188.86,33089006,34373458
VFC,0,0,0,93.0,92.57,91.41,94.21,91.2,93.41,94.27,91.44,1687989,1674970
FB,0,0,0,190.5,191.33,190.53,187.44,192.9,188.98,190.35,191.61,10868901,10704315
DEO,0,0,0,177.49,178.32,170.64,176.25,171.55,175.44,176.81,176.73,285835,291307
LRLCF,0,0,0,277.87,281.98,277.0,286.0,277.73,278.32,275.0,279.0,290,298
TIF,0,0,0,100.66,103.79,96.3,99.55,100.77,101.85,97.7,99.74,2332695,2280020
DIS,0,0,0,137.72,139.95,138.56,140.42,136.76,137.96,137.19,135.26,9020751,9101012
LB,0,0,0,22.89,23.51,22.7,22.32,23.2,23.66,22.8,22.92,3659242,3807183
TGT,0,0,0,72.39,71.62,70.37,72.47,70.96,73.66,72.15,73.02,3901290,3993808
LRLCY,0,0,0,56.26,55.96,54.6,54.34,56.87,55.05,55.6,55.83,86290,85994
UAA,0,0,0,23.67,24.4,23.21,23.4,24.51,24.89,23.4,23.3,14912539,15028764
PLNT,0,0,0,83.68,84.9,83.5,80.3,80.03,81.79,80.3,81.2,1337728,1330176
EL,0,0,0,167.88,176.95,169.92,176.07,174.84,172.1,172.86,173.72,1806526,1787831
LVMHF,0,0,0,398.8,386.0,392.29,385.97,398.7,399.0,397.42,379.32,197,191
LULU,0,0,0,178.0,182.09,175.9,181.97,177.0,184.42,177.33,181.4,1602286,1650032
ADDYY,0,0,0,145.2,149.0,141.67,144.51,146.4,144.0,142.63,146.79,23877,24428
COTY,0,0,0,13.5,14.35,13.34,13.44,13.7,14.37,13.35,13.27,21577758,20842798
LVMUY,0,0,0,77.9,78.99,76.24,77.81,76.9,76.61,76.02,79.07,114197,109206
GOOS,0,0,0,48.93,51.44,49.64,51.42,48.78,51.27,49.67,50.51,732971,761567
ETSY,0,0,0,63.1,64.41,62.53,63.87,65.13,66.95,64.32,63.92,1910547,1866455
ULTA,0,0,0,358.63,353.85,353.5,347.83,352.45,363.45,359.1,344.16,599342,597911
NKE,0,0,0,88.05,86.21,86.1,85.39,86.9,86.56,86.4,83.95,5171107,5155661
SBUX,0,0,0,80.45,81.35,79.89,80.73,81.05,81.08,82.01,82.04,7662368,7469048
SNAP,0,0,0,11.91,11.83,11.35,11.51,11.55,12.13,11.49,11.47,25922661,24831940
FIZZ,0,0,0,53.08,55.3,53.11,53.62,54.06,54.9,52.52,55.24,381781,388783
