symbol,change,changeOverTime,changePercent,close,high,low,open,uClose,uHigh,uLow,uOpen,uVolume,volume
NFLX,-7.01,-0.019493,-1.9493,352.6,362.86,350.5,360.16,352.6,362.86,350.5,360.16,6151331,6151331
KSS,-1.05,-0.014996,-1.4996,68.97,70.61,68.78,69.77,68.97,70.61,68.78,69.77,3318814,3318814
DECK,-1.12,-0.007828,-0.7828,141.96,143.58,141.26,142.75,141.96,143.58,141.26,142.75,653449,653449
AAPL,-2.02,-0.011575,-1.1575,172.5,174.44,172.02,173.87,172.5,174.44,172.02,173.87,24796374,24796374
VFC,-0.4,-0.004684,-0.4684,85.0,85.04,84.26,84.92,85.0,85.04,84.26,84.92,1982013,1982013
FB,-3.38,-0.019593,-1.9593,169.13,171.74,167.61,171.5,169.13,171.74,167.61,171.5,18306504,18306504
YRIV,0.0231,0.039972,3.9972,0.601,0.6448,0.5,0.54,0.601,0.6448,0.5,0.54,11014918,11014918
DEO,0.96,0.006076,0.6076,158.95,160.12,158.49,160.05,158.95,160.12,158.49,160.05,430041,430041
LRLCF,0.9999,0.003951,0.3951,254.05,258.07,254.05,258.07,254.05,258.07,254.05,258.07,355,355
TIF,-0.3,-0.003165,-0.3165,94.49,95.17,94.05,94.61,94.49,95.17,94.05,94.61,1014523,1014523
DIS,-0.84,-0.007314,-0.7314,114.01,114.9,113.47,114.85,114.01,114.9,113.47,114.85,6324026,6324026
SPY,-2.32,-0.008365,-0.8365,275.01,276.99,274.07,276.83,275.01,276.99,274.07,276.83,94885089,94885089
LB,-0.27,-0.010166,-1.0166,26.29,26.67,25.93,26.35,26.29,26.67,25.93,26.35,5987073,5987073
TGT,-0.73,-0.009493,-0.9493,76.17,76.99,75.52,76.33,76.17,76.99,75.52,76.33,5617920,5617920
TM,-0.74,-0.006272,-0.6272,117.24,118.26,116.81,118.24,117.24,118.26,116.81,118.24,138546,138546
UAA,-0.11,-0.005055,-0.5055,21.65,21.97,21.54,21.74,21.65,21.97,21.54,21.74,4278553,4278553
PLNT,0.11,0.001725,0.1725,63.89,64.43,63.07,63.66,63.89,64.43,63.07,63.66,1458658,1458658
EL,1.52,0.009878,0.9878,155.4,157.75,154.16,157.57,155.4,157.75,154.16,157.57,2405180,2405180
LVMHF,-3.95,-0.011444,-1.1444,341.2,344.88,341.2,344.2,341.2,344.88,341.2,344.2,459,459
LULU,-1.39,-0.009323,-0.9323,147.7,148.92,146.42,148.37,147.7,148.92,146.42,148.37,1465052,1465052
ADDYY,-2.49,-0.020219,-2.0219,120.66,122.1,120.46,122.1,120.66,122.1,120.46,122.1,45765,45765
SHMP,-0.0234,-0.065934,-6.5934,0.3315,0.36,0.3111,0.35,0.3315,0.36,0.3111,0.35,7724627,7724627
COTY,-0.12,-0.010929,-1.0929,10.86,11.05,10.78,10.98,10.86,11.05,10.78,10.98,4966635,4966635
GOOS,-1.68,-0.032432,-3.2432,50.12,51.74,49.57,51.61,50.12,51.74,49.57,51.61,3049781,3049781
ETSY,-2.8,-0.039977,-3.9977,67.24,71.91,65.75,70.26,67.24,71.91,65.75,70.26,6632390,6632390
ULTA,-7.06,-0.022591,-2.2591,305.45,312.2,304.48,312.01,305.45,312.2,304.48,312.01,877898,877898
NKE,0.13,0.001527,0.1527,85.26,85.41,84.66,84.97,85.26,85.41,84.66,84.97,4321788,4321788
AVP,-0.05,-0.018182,-1.8182,2.7,2.82,2.68,2.8,2.7,2.82,2.68,2.8,5160932,5160932
SBUX,-0.66,-0.009261,-0.9261,70.61,71.36,70.46,71.2,70.61,71.36,70.46,71.2,7814691,7814691
SNAP,-0.38,-0.038501,-3.8501,9.49,9.86,9.16,9.85,9.49,9.86,9.16,9.85,28694498,28694498
BYND,0.0,0.0,0.0,0.0,0.0,0.0,0.0,0.0,0.0,0.0,0.0,0,0
FIZZ,0.75,0.011108,1.1108,68.27,70.1,66.64,67.45,68.27,70.1,66.64,67.45,466512,466512
