symbol,change,changeOverTime,changePercent,close,high,low,open,uClose,uHigh,uLow,uOpen,uVolume,volume
NFLX,-2.2,-0.006127,-0.6127,356.87,364.4,355.5,358.47,356.87,364.4,355.5,358.47,9229980,9229980
KSS,-0.1,-0.001514,-0.1514,65.93,66.44,65.37,66.41,65.93,66.44,65.37,66.41,2543931,2543931
DECK,3.63,0.025445,2.5445,146.29,146.33,143.0,143.55,146.29,146.33,143.0,143.55,584654,584654
AAPL,-0.38,-0.002225,-0.2225,170.42,171.7,169.75,171.25,170.42,171.7,169.75,171.25,24626814,24626814
VFC,0.93,0.010818,1.0818,86.9,87.29,86.49,86.66,86.9,87.29,86.49,86.66,1866008,1866008
FB,-1.45,-0.008844,-0.8844,162.5,164.7,160.86,164.51,162.5,164.7,160.86,164.51,15504415,15504415
YRIV,-0.1189,-0.230874,-23.0874,0.3961,0.527,0.389,0.52,0.3961,0.527,0.389,0.52,2092905,2092905
DEO,2.41,0.015548,1.5548,157.41,157.89,155.96,156.5,157.41,157.89,155.96,156.5,1772732,1772732
LRLCF,3.1,0.012513,1.2513,250.85,250.85,250.85,250.85,250.85,250.85,250.85,250.85,541,541
TIF,0.5,0.005535,0.5535,90.83,91.1,89.97,90.96,90.83,91.1,89.97,90.96,1648042,1648042
DIS,1.93,0.017441,1.7441,112.59,112.63,111.03,111.4,112.59,112.63,111.03,111.4,8197250,8197250
SPY,2.99,0.010897,1.0897,277.37,277.41,276.13,276.36,277.37,277.41,276.13,276.36,97088659,97088659
LB,0.07,0.002567,0.2567,27.34,27.73,27.25,27.47,27.34,27.73,27.25,27.47,2933024,2933024
TGT,0.66,0.009144,0.9144,72.84,73.38,72.22,72.56,72.84,73.38,72.22,72.56,3835820,3835820
TM,1.9,0.015933,1.5933,121.15,121.23,120.21,120.35,121.15,121.23,120.21,120.35,164940,164940
UAA,-0.67,-0.030692,-3.0692,21.16,22.24,20.95,22.03,21.16,22.24,20.95,22.03,8897585,8897585
PLNT,0.33,0.005628,0.5628,58.97,59.35,58.51,59.0,58.97,59.35,58.51,59.0,1087088,1087088
EL,1.63,0.010627,1.0627,155.01,155.28,153.69,154.52,155.01,155.28,153.69,154.52,1509051,1509051
LVMHF,2.87,0.008675,0.8675,333.7,334.94,333.7,334.94,333.7,334.94,333.7,334.94,70,70
LULU,-3.76,-0.024282,-2.4282,151.09,156.23,150.54,155.6,151.09,156.23,150.54,155.6,1926342,1926342
ADDYY,1.41,0.012658,1.2658,112.8,113.02,111.55,111.83,112.8,113.02,111.55,111.83,25888,25888
SHMP,0.0361,0.112112,11.2112,0.3581,0.39,0.301,0.331,0.3581,0.39,0.301,0.331,15179544,15179544
COTY,-0.04,-0.00361,-0.361,11.04,11.25,10.98,11.12,11.04,11.25,10.98,11.12,9687281,9687281
GOOS,-1.42,-0.027557,-2.7557,50.11,53.64,49.85,52.0,50.11,53.64,49.85,52.0,6200017,6200017
ETSY,0.6,0.011099,1.1099,54.66,55.14,54.0,54.48,54.66,55.14,54.0,54.48,2537490,2537490
ULTA,1.36,0.004459,0.4459,306.36,308.52,305.44,307.42,306.36,308.52,305.44,307.42,565579,565579
NKE,0.7,0.008266,0.8266,85.38,85.78,85.1,85.49,85.38,85.78,85.1,85.49,6111250,6111250
AVP,0.03,0.011628,1.1628,2.61,2.64,2.54,2.62,2.61,2.64,2.54,2.62,3888925,3888925
SBUX,-0.13,-0.001835,-0.1835,70.71,71.37,70.19,71.15,70.71,71.37,70.19,71.15,13924591,13924591
SNAP,-0.07,-0.007617,-0.7617,9.12,9.23,9.04,9.2,9.12,9.23,9.04,9.2,19959810,19959810
BYND,0.0,0.0,0.0,0.0,0.0,0.0,0.0,0.0,0.0,0.0,0.0,0,0
FIZZ,1.5,0.02038,2.038,75.1,75.8,73.83,74.11,75.1,75.8,73.83,74.11,246571,246571
