symbol,change,changeOverTime,changePercent,close,high,low,open,uClose,uHigh,uLow,uOpen,uVolume,volume
NFLX,-2.39,268.873736,-0.6497,365.49,369.8,364.66,369.0,365.49,369.8,364.66,369.0,3905493,3905493
DECK,1.79,103.942857,1.2334,146.92,148.53,145.55,145.91,146.92,148.53,145.55,145.91,468466,468466
AAPL,1.31,193.779514,0.6694,197.0,197.1,195.93,196.45,197.0,197.1,195.93,196.45,18526644,18526644
VFC,-0.38,8.585595,-0.4243,89.17,89.95,88.87,89.63,89.17,89.95,88.87,89.63,1897715,1897715
FB,-0.3,3.596174,-0.1704,175.72,177.0,175.1,176.88,175.72,177.0,175.1,176.88,9594133,9594133
DEO,-0.14,2.943758,-0.086,162.68,163.33,162.17,162.7,162.68,163.33,162.17,162.7,192323,192323
LRLCF,1.95,2.737241,0.7249,270.95,271.25,267.7,267.7,270.95,271.25,267.7,267.7,453,453
TIF,0.2,3.315536,0.1864,107.5,108.32,107.04,107.99,107.5,108.32,107.04,107.99,1988951,1988951
DIS,0.25,5.721216,0.2179,115.0,115.13,114.3,114.97,115.0,115.13,114.3,114.97,10907893,10907893
LB,-0.26,1.150352,-0.938,27.46,27.95,27.34,27.78,27.46,27.95,27.34,27.78,3206468,3206468
TGT,-0.44,1.776672,-0.5407,80.94,81.57,80.6,81.06,80.94,81.57,80.6,81.06,4234646,4234646
LRLCY,-0.21,2.607358,-0.3971,53.93,53.95,53.7,53.75,53.93,53.95,53.7,53.75,44962,44962
UAA,-0.18,2.451383,-0.8178,21.83,22.15,21.65,22.02,21.83,22.15,21.65,22.02,4780398,4780398
PLNT,0.72,3.466875,1.0177,71.47,71.77,70.82,70.99,71.47,71.77,70.82,70.99,1567095,1567095
EL,0.43,10.084746,0.2637,163.5,163.98,162.91,163.46,163.5,163.98,162.91,163.46,733934,733934
LVMHF,0.69,6.246154,0.1835,376.8,378.9,376.29,376.29,376.8,378.9,376.29,376.29,340,340
LULU,-2.0,11.097857,-1.1671,169.37,172.9,168.84,172.04,169.37,172.9,168.84,172.04,1951884,1951884
ADDYY,0.59,5.553333,0.4638,127.79,127.82,126.94,126.98,127.79,127.82,126.94,126.98,47938,47938
COTY,-0.04,-0.351382,-0.354,11.26,11.32,11.23,11.32,11.26,11.32,11.23,11.32,7000425,7000425
LVMUY,0.41,6.255769,0.553,75.46,75.67,75.07,75.11,75.46,75.67,75.07,75.11,82317,82317
GOOS,-0.13,2.032338,-0.2659,48.76,49.38,48.41,49.13,48.76,49.38,48.41,49.13,750383,750383
ETSY,-0.08,1.274,-0.1171,68.22,69.14,67.81,68.4,68.22,69.14,67.81,68.4,1291559,1291559
ULTA,3.49,10.85882,0.9967,353.63,354.18,348.74,351.73,353.63,354.18,348.74,351.73,590451,590451
NKE,0.12,12.448819,0.1407,85.4,86.16,85.05,86.0,85.4,86.16,85.05,86.0,7367351,7367351
SBUX,0.68,10.848401,0.9146,75.03,75.08,74.35,74.35,75.03,75.08,74.35,74.35,5346334,5346334
SNAP,0.56,-0.51634,4.9645,11.84,12.05,11.45,11.64,11.84,12.05,11.45,11.64,58510718,58510718
FIZZ,0.39,8.945368,0.6783,57.89,58.4,56.76,57.5,57.89,58.4,56.76,57.5,186188,186188
