symbol,change,changeOverTime,changePercent,close,high,low,open,uClose,uHigh,uLow,uOpen,uVolume,volume
NFLX,-1.29,-0.003469,-0.3469,370.54,374.5,368.35,369.56,370.54,374.5,368.35,369.56,3870095,3870095
KSS,-1.32,-0.018227,-1.8227,71.1,72.8,70.71,72.5,71.1,72.8,70.71,72.5,3875089,3875089
DECK,0.58,0.00368,0.368,158.21,159.19,156.25,157.85,158.21,159.19,156.25,157.85,577168,577168
AAPL,-3.94,-0.019256,-1.9256,200.67,203.4,199.11,203.06,200.67,203.4,199.11,203.06,46534923,46534923
VFC,-0.08,-0.000847,-0.0847,94.41,94.53,93.61,94.09,94.41,94.53,93.61,94.09,1797606,1797606
FB,-1.38,-0.007085,-0.7085,193.4,197.39,192.28,194.19,193.4,197.39,192.28,194.19,23494689,23494689
YRIV,-0.0426,-0.048277,-4.8277,0.8398,0.9,0.83,0.9,0.8398,0.9,0.83,0.9,3236082,3236082
DEO,2.5,0.015048,1.5048,168.64,168.73,166.72,166.79,168.64,168.73,166.72,166.79,288681,288681
LRLCF,4.1,0.015236,1.5236,273.2,273.8,270.65,273.49,273.2,273.8,270.65,273.49,329,329
TIF,0.22,0.002045,0.2045,107.82,108.5,106.74,107.55,107.82,108.5,106.74,107.55,1339316,1339316
DIS,-2.33,-0.016726,-1.6726,136.97,139.39,136.03,139.12,136.97,139.39,136.03,139.12,15253088,15253088
SPY,0.15,0.00051,0.051,294.02,294.34,291.92,293.49,294.02,294.34,291.92,293.49,81111733,81111733
LB,-0.17,-0.006587,-0.6587,25.64,25.86,25.25,25.85,25.64,25.86,25.25,25.85,3803431,3803431
TGT,-0.38,-0.004884,-0.4884,77.42,78.14,77.01,78.06,77.42,78.14,77.01,78.06,5339778,5339778
TM,-0.21,-0.001696,-0.1696,123.6,124.21,123.46,124.21,123.6,124.21,123.46,124.21,155477,155477
UAA,0.23,0.010061,1.0061,23.09,23.17,22.79,22.83,23.09,23.17,22.79,22.83,5748959,5748959
PLNT,-0.37,-0.004864,-0.4864,75.7,76.31,75.13,76.07,75.7,76.31,75.13,76.07,922161,922161
EL,-0.65,-0.003769,-0.3769,171.81,172.96,171.18,172.65,171.81,172.96,171.18,172.65,1797626,1797626
LVMHF,6.72,0.017363,1.7363,393.76,393.76,387.7,387.7,393.76,393.76,387.7,387.7,724,724
LULU,-1.15,-0.006479,-0.6479,176.35,177.75,175.63,177.26,176.35,177.75,175.63,177.26,1268788,1268788
ADDYY,0.9,0.007051,0.7051,128.54,128.64,127.93,128.49,128.54,128.64,127.93,128.49,32348,32348
SHMP,-0.0072,-0.036829,-3.6829,0.1883,0.196,0.186,0.196,0.1883,0.196,0.186,0.196,722389,722389
COTY,-0.04,-0.003683,-0.3683,10.82,10.94,10.72,10.89,10.82,10.94,10.72,10.89,41339917,41339917
GOOS,-0.84,-0.01549,-1.549,53.39,54.24,52.84,53.87,53.39,54.24,52.84,53.87,1053669,1053669
ETSY,-1.87,-0.026941,-2.6941,67.54,69.79,65.81,69.13,67.54,69.79,65.81,69.13,2391658,2391658
ULTA,-1.92,-0.005472,-0.5472,348.98,352.16,346.99,351.12,348.98,352.16,346.99,351.12,736645,736645
NKE,-0.43,-0.004872,-0.4872,87.83,88.4,87.26,88.29,87.83,88.4,87.26,88.29,7614083,7614083
AVP,-0.04,-0.012422,-1.2422,3.18,3.31,3.04,3.22,3.18,3.31,3.04,3.22,8470543,8470543
SBUX,0.77,0.010012,1.0012,77.68,77.79,76.69,77.0,77.68,77.79,76.69,77.0,7384433,7384433
SNAP,-0.08,-0.00713,-0.713,11.14,11.37,11.02,11.16,11.14,11.37,11.02,11.16,17017903,17017903
BYND,0.0,0.0,0.0,0.0,0.0,0.0,0.0,0.0,0.0,0.0,0.0,0,0
FIZZ,-0.35,-0.006211,-0.6211,56.0,56.74,55.67,56.34,56.0,56.74,55.67,56.34,241729,241729
