symbol,change,changeOverTime,changePercent,close,high,low,open,uClose,uHigh,uLow,uOpen,uVolume,volume
NFLX,0,0,0,363.72,369.01,363.2,366.6,363.79,367.65,351.3,368.2,5873635,5655452
DECK,0,0,0,154.69,155.38,152.49,149.08,151.38,153.61,150.56,155.07,1484982,1469566
AAPL,0,0,0,185.33,185.49,179.37,188.6,181.56,180.89,178.6,186.5,37825282,37438852
VFC,0,0,0,87.72,86.45,87.1,88.18,87.19,88.8,86.24,86.69,3380942,3357225
FB,0,0,0,185.39,185.9,184.04,185.66,181.37,188.2,186.05,184.59,13390947,13056612
DEO,0,0,0,172.2,168.95,175.44,173.29,175.39,171.19,173.01,170.67,279654,281092
LRLCF,0,0,0,273.65,281.02,280.55,277.0,273.02,284.82,273.5,275.37,210,212
TIF,0,0,0,100.11,100.0,95.78,100.6,96.85,101.61,95.54,99.16,2129784,2066328
DIS,0,0,0,137.66,134.46,134.99,135.45,137.94,133.99,136.98,133.27,6826415,7068043
LB,0,0,0,25.03,25.62,22.81,23.37,25.09,26.23,22.14,23.03,22196808,21955063
TGT,0,0,0,82.0,82.29,78.33,78.59,82.3,79.8,79.42,78.96,11628640,12118784
LRLCY,0,0,0,56.61,56.08,56.2,55.32,55.33,55.44,55.4,55.11,37121,36285
UAA,0,0,0,23.7,25.12,23.38,24.74,24.35,24.58,24.46,25.13,5485923,5292908
PLNT,0,0,0,77.09,76.7,74.91,78.25,77.17,78.0,76.55,78.5,1165565,1160284
EL,0,0,0,169.99,173.16,165.22,166.33,165.94,169.02,168.37,169.44,1530670,1490578
LVMHF,0,0,0,390.49,381.77,373.23,373.7,388.97,374.49,378.32,386.5,103,103
LULU,0,0,0,178.4,182.32,172.3,175.61,170.8,175.67,170.79,174.58,1733480,1734607
ADDYY,0,0,0,149.31,150.89,148.0,147.91,152.05,148.99,147.0,149.55,23882,23620
COTY,0,0,0,13.19,13.54,13.42,13.06,13.12,13.57,13.34,13.67,4441267,4636881
LVMUY,0,0,0,74.6,78.2,75.97,75.74,76.8,76.53,77.06,77.14,228226,228298
GOOS,0,0,0,47.06,49.8,48.72,48.3,48.77,50.0,47.19,48.45,1403138,1442815
ETSY,0,0,0,64.41,65.73,62.63,64.69,64.73,64.66,64.7,62.82,2257068,2204626
ULTA,0,0,0,347.04,357.19,341.24,359.85,342.07,352.15,342.21,359.63,1068110,1072381
NKE,0,0,0,86.52,85.26,85.09,82.9,83.52,84.98,84.59,83.8,10060020,9741462
SBUX,0,0,0,77.15,78.33,78.06,80.46,77.93,78.96,79.11,79.81,9217390,9245804
SNAP,0,0,0,11.34,11.69,10.79,11.38,11.63,11.76,10.86,11.17,25680614,25133495
FIZZ,0,0,0,51.69,52.82,52.37,52.3,51.34,53.98,50.62,51.7,217255,215371
