symbol,change,changeOverTime,changePercent,close,high,low,open,uClose,uHigh,uLow,uOpen,uVolume,volume
NFLX,2.03,0.007142,0.7142,286.28,288.17,280.74,283.12,286.28,288.17,280.74,283.12,18413335,18413335
KSS,-0.43,-0.008358,-0.8358,51.02,52.07,50.75,51.07,51.02,52.07,50.75,51.07,2184944,2184944
DECK,0.12,0.000781,0.0781,153.68,155.17,152.15,153.3,153.68,155.17,152.15,153.3,300426,300426
AAPL,-0.95,-0.004037,-0.4037,234.37,235.24,233.2,233.37,234.37,235.24,233.2,233.37,19286694,19286694
VFC,-0.16,-0.001748,-0.1748,91.36,91.79,91.08,91.38,91.36,91.79,91.08,91.38,1127880,1127880
FB,0.66,0.003494,0.3494,189.55,189.7,186.9,188.32,189.55,189.7,186.9,188.32,10560343,10560343
YRIV,0.019,0.044084,4.4084,0.45,0.49,0.431,0.45,0.45,0.49,0.431,0.45,162274,162274
DEO,0.74,0.004561,0.4561,162.98,163.18,161.92,162.22,162.98,163.18,161.92,162.22,262662,262662
LRLCF,1.95,0.007272,0.7272,270.1,273.1,270.1,272.25,270.1,273.1,270.1,272.25,150,150
TIF,0.36,0.003954,0.3954,91.4,91.71,90.64,90.88,91.4,91.71,90.64,90.88,866338,866338
DIS,1.1,0.008477,0.8477,130.86,131.83,129.7,129.76,130.86,131.83,129.7,129.76,7671898,7671898
SPY,-0.48,-0.001606,-0.1606,298.4,299.16,297.92,298.37,298.4,299.16,297.92,298.37,50563596,50563596
LB,-0.08,-0.004472,-0.4472,17.81,18.24,17.74,17.84,17.81,18.24,17.74,17.84,3645720,3645720
TGT,0.3,0.002681,0.2681,112.19,112.21,111.18,111.79,112.19,112.21,111.18,111.79,2340192,2340192
TM,-0.11,-0.000804,-0.0804,136.76,137.43,136.59,137.18,136.76,137.43,136.59,137.18,172679,172679
UAA,-0.15,-0.007353,-0.7353,20.25,20.5,20.22,20.42,20.25,20.5,20.22,20.42,1918333,1918333
PLNT,-0.04,-0.000658,-0.0658,60.75,60.79,59.54,60.49,60.75,60.79,59.54,60.49,852670,852670
EL,1.65,0.008635,0.8635,192.74,192.77,189.02,192.55,192.74,192.77,189.02,192.55,1184929,1184929
LVMHF,-2.94,-0.006953,-0.6953,419.91,419.95,416.95,416.95,419.91,419.95,416.95,416.95,607,607
LULU,-0.81,-0.003973,-0.3973,203.08,203.93,201.67,202.36,203.08,203.93,201.67,202.36,1452582,1452582
ADDYY,-2.18,-0.013784,-1.3784,155.98,156.71,155.4,155.99,155.98,156.71,155.4,155.99,38878,38878
SHMP,0.0014,0.011024,1.1024,0.1284,0.1378,0.1251,0.129,0.1284,0.1378,0.1251,0.129,1639406,1639406
COTY,-0.08,-0.007707,-0.7707,10.3,10.5,10.28,10.43,10.3,10.5,10.28,10.43,3502616,3502616
GOOS,0.1,0.002486,0.2486,40.32,40.97,39.48,39.48,40.32,40.97,39.48,39.48,841287,841287
ETSY,-1.47,-0.024492,-2.4492,58.55,60.13,58.29,60.02,58.55,60.13,58.29,60.02,2319955,2319955
ULTA,-0.42,-0.001711,-0.1711,244.98,247.73,243.51,245.71,244.98,247.73,243.51,245.71,723055,723055
NKE,0.09,0.000949,0.0949,94.88,95.14,94.07,94.09,94.88,95.14,94.07,94.09,4885561,4885561
AVP,-0.01,-0.002415,-0.2415,4.13,4.16,4.06,4.15,4.13,4.16,4.06,4.15,2605364,2605364
SBUX,0.26,0.003008,0.3008,86.71,86.83,86.05,86.53,86.71,86.83,86.05,86.53,3706830,3706830
SNAP,-0.42,-0.029808,-2.9808,13.67,14.04,13.62,14.02,13.67,14.04,13.62,14.02,22875460,22875460
BYND,1.87,0.015322,1.5322,123.92,126.49,121.78,122.0,123.92,126.49,121.78,122.0,1971860,1971860
FIZZ,-0.62,-0.012658,-1.2658,48.36,49.95,48.33,49.15,48.36,49.95,48.33,49.15,370297,370297
