symbol,change,changeOverTime,changePercent,close,high,low,open,uClose,uHigh,uLow,uOpen,uVolume,volume
NFLX,2.03,0.005521,0.5521,369.75,373.41,366.19,369.26,369.75,373.41,366.19,369.26,5376623,5376623
KSS,0.14,0.001975,0.1975,71.01,71.91,70.81,71.23,71.01,71.91,70.81,71.23,2035376,2035376
DECK,0.17,0.001187,0.1187,143.4,144.07,142.18,144.07,143.4,144.07,142.18,144.07,552619,552619
AAPL,1.33,0.006855,0.6855,195.35,196.5,193.15,193.25,195.35,196.5,193.15,193.25,23271830,23271830
VFC,0.66,0.007605,0.7605,87.45,87.5,86.86,87.3,87.45,87.5,86.86,87.3,1478146,1478146
FB,-0.66,-0.003789,-0.3789,173.54,177.96,172.95,174.5,173.54,177.96,172.95,174.5,27590058,27590058
YRIV,0.401,0.550069,55.0069,1.13,1.27,0.72,0.7461,1.13,1.27,0.72,0.7461,44023006,44023006
DEO,-0.81,-0.004942,-0.4942,163.09,163.44,162.25,162.65,163.09,163.44,162.25,162.65,269005,269005
LRLCF,-0.8064,-0.002982,-0.2982,269.6,269.6,269.6,269.6,269.6,269.6,269.6,269.6,270,270
TIF,0.69,0.006497,0.6497,106.9,107.5,106.03,106.9,106.9,107.5,106.03,106.9,2189917,2189917
DIS,0.56,0.005002,0.5002,112.52,113.11,112.21,112.7,112.52,113.11,112.21,112.7,10534893,10534893
SPY,0.45,0.001574,0.1574,286.42,287.76,285.75,287.32,286.42,287.76,285.75,287.32,68243202,68243202
LB,-0.04,-0.00148,-0.148,26.98,27.64,26.87,27.26,26.98,27.64,26.87,27.26,3765545,3765545
TGT,-0.15,-0.001888,-0.1888,79.31,79.86,79.19,79.74,79.31,79.86,79.19,79.74,3251874,3251874
TM,0.42,0.003481,0.3481,121.07,121.6,120.83,120.95,121.07,121.6,120.83,120.95,117882,117882
UAA,0.06,0.002813,0.2813,21.39,21.68,21.32,21.46,21.39,21.68,21.32,21.46,3007809,3007809
PLNT,0.67,0.009493,0.9493,71.25,71.36,69.47,70.94,71.25,71.36,69.47,70.94,2001092,2001092
EL,1.06,0.006494,0.6494,164.28,164.83,163.01,163.45,164.28,164.83,163.01,163.45,897224,897224
LVMHF,3.51,0.009448,0.9448,375.0,376.23,373.75,373.75,375.0,376.23,373.75,373.75,615,615
LULU,0.74,0.004472,0.4472,166.21,167.5,163.95,165.6,166.21,167.5,163.95,165.6,1865303,1865303
ADDYY,1.13,0.009034,0.9034,125.66,125.94,125.3,125.39,125.66,125.94,125.3,125.39,38563,38563
SHMP,-0.0141,-0.071537,-7.1537,0.183,0.2208,0.1801,0.2208,0.183,0.2208,0.1801,0.2208,4430877,4430877
COTY,-0.06,-0.005333,-0.5333,11.19,11.3,11.16,11.27,11.19,11.3,11.16,11.27,10697387,10697387
GOOS,0.67,0.013976,1.3976,48.61,49.22,47.77,48.4,48.61,49.22,47.77,48.4,1044627,1044627
ETSY,-0.27,-0.003872,-0.3872,69.46,70.3,69.01,69.82,69.46,70.3,69.01,69.82,1912902,1912902
ULTA,3.23,0.0093,0.93,350.53,354.44,347.63,349.47,350.53,354.44,347.63,349.47,507664,507664
NKE,0.1,0.001185,0.1185,84.47,84.99,84.25,84.9,84.47,84.99,84.25,84.9,4080926,4080926
AVP,-0.04,-0.013605,-1.3605,2.9,2.99,2.82,2.93,2.9,2.99,2.82,2.93,4273027,4273027
SBUX,0.06,0.000808,0.0808,74.33,74.78,73.87,74.56,74.33,74.78,73.87,74.56,6755601,6755601
SNAP,-0.06,-0.005348,-0.5348,11.16,11.51,11.11,11.29,11.16,11.51,11.11,11.29,16793375,16793375
BYND,0.0,0.0,0.0,0.0,0.0,0.0,0.0,0.0,0.0,0.0,0.0,0,0
FIZZ,-0.93,-0.016146,-1.6146,56.67,57.9,55.91,57.6,56.67,57.9,55.91,57.6,336985,336985
