symbol,change,changeOverTime,changePercent,close,high,low,open,uClose,uHigh,uLow,uOpen,uVolume,volume
NFLX,0,0,0,345.73,352.87,344.81,350.0,345.73,352.87,344.81,350.0,5454863,5454863
KSS,0,0,0,64.37,65.0,63.0,65.0,64.37,65.0,63.0,65.0,4050182,4050182
DECK,0,0,0,143.86,144.37,141.29,142.31,143.86,144.37,141.29,142.31,605437,605437
AAPL,0,0,0,169.43,171.21,169.25,171.05,169.43,171.21,169.25,171.05,20993425,20993425
VFC,0,0,0,85.49,86.04,85.25,85.9,85.49,86.04,85.25,85.9,1499163,1499163
FB,0,0,0,165.79,168.3,165.08,167.9,165.79,168.3,165.08,167.9,12811176,12811176
DEO,0,0,0,154.23,155.27,153.67,154.92,154.23,155.27,153.67,154.92,365005,365005
LRLCF,0,0,0,247.6,250.12,247.6,250.12,247.6,250.12,247.6,250.12,222,222
TIF,0,0,0,87.85,88.3,87.05,88.08,87.85,88.3,87.05,88.08,1074604,1074604
DIS,0,0,0,109.44,111.81,109.25,111.77,109.44,111.81,109.25,111.77,11086391,11086391
SPY,0,0,0,270.62,271.49,270.03,271.2,270.62,271.49,270.03,271.2,68021423,68021423
LB,0,0,0,27.12,27.2,26.24,26.41,27.12,27.2,26.24,26.41,2899309,2899309
TGT,0,0,0,70.15,70.79,69.07,70.78,70.15,70.79,69.07,70.78,6660965,6660965
TM,0,0,0,117.15,117.89,117.0,117.89,117.15,117.89,117.0,117.89,167459,167459
UAA,0,0,0,20.78,21.16,20.63,20.89,20.78,21.16,20.63,20.89,7946500,7946500
PLNT,0,0,0,57.9,58.3,57.47,57.5,57.9,58.3,57.47,57.5,860803,860803
EL,0,0,0,153.69,154.38,152.75,154.38,153.69,154.38,152.75,154.38,1757938,1757938
LVMHF,0,0,0,324.0,327.01,323.74,324.94,324.0,327.01,323.74,324.94,747,747
LULU,0,0,0,149.79,151.93,149.28,149.7,149.79,151.93,149.28,149.7,1509232,1509232
ADDYY,0,0,0,112.4,112.8,112.29,112.4,112.4,112.8,112.29,112.4,26524,26524
COTY,0,0,0,9.66,9.81,9.24,9.3,9.66,9.81,9.24,9.3,21771850,21771850
GOOS,0,0,0,57.62,57.86,56.05,57.1,57.62,57.86,56.05,57.1,2001749,2001749
ETSY,0,0,0,53.15,54.33,52.7,53.79,53.15,54.33,52.7,53.79,2122329,2122329
ULTA,0,0,0,298.1,302.33,296.25,296.25,298.1,302.33,296.25,296.25,668155,668155
NKE,0,0,0,83.68,83.83,82.87,82.95,83.68,83.83,82.87,82.95,6158533,6158533
AVP,0,0,0,2.68,2.75,2.51,2.53,2.68,2.75,2.51,2.53,7711244,7711244
SBUX,0,0,0,69.99,70.47,69.85,70.0,69.99,70.47,69.85,70.0,9230088,9230088
SNAP,0,0,0,8.99,9.2,8.85,9.03,8.99,9.2,8.85,9.03,38495665,38495665
BYND,0,0,0,0.0,0.0,0.0,0.0,0.0,0.0,0.0,0.0,0,0
FIZZ,0,0,0,73.29,73.66,72.25,73.46,73.29,73.66,72.25,73.46,274814,274814
