symbol,change,changeOverTime,changePercent,close,high,low,open,uClose,uHigh,uLow,uOpen,uVolume,volume
NFLX,-2.94,-0.008169,-0.8169,356.97,362.85,353.88,360.03,356.97,362.85,353.88,360.03,6227897,6227897
KSS,-0.23,-0.003514,-0.3514,65.22,66.29,65.07,65.69,65.22,66.29,65.07,65.69,1846392,1846392
DECK,-0.51,-0.003547,-0.3547,143.26,144.16,141.46,143.23,143.26,144.16,141.46,143.23,312840,312840
AAPL,-0.97,-0.005639,-0.5639,171.06,172.37,170.3,171.8,171.06,172.37,170.3,171.8,17249670,17249670
VFC,-0.57,-0.0066,-0.66,85.8,86.46,85.56,86.29,85.8,86.46,85.56,86.29,2126955,2126955
FB,-2.52,-0.015502,-1.5502,160.04,162.24,159.59,161.93,160.04,162.24,159.59,161.93,15607828,15607828
DEO,0.59,0.003755,0.3755,157.73,158.2,157.41,158.07,157.73,158.2,157.41,158.07,401072,401072
LRLCF,-1.2,-0.004691,-0.4691,254.6,258.16,251.65,258.16,254.6,258.16,251.65,258.16,556,556
TIF,-0.13,-0.001419,-0.1419,91.49,92.54,91.08,91.46,91.49,92.54,91.08,91.46,1197843,1197843
DIS,0.61,0.005366,0.5366,114.29,114.54,112.87,113.4,114.29,114.54,112.87,113.4,9480098,9480098
SPY,-0.99,-0.003556,-0.3556,277.42,278.1,276.35,277.7,277.42,278.1,276.35,277.7,64214727,64214727
LB,-0.72,-0.026201,-2.6201,26.76,27.28,26.57,27.25,26.76,27.28,26.57,27.25,3069188,3069188
TGT,-0.68,-0.009352,-0.9352,72.03,72.97,71.68,72.76,72.03,72.97,71.68,72.76,3985269,3985269
TM,-1.55,-0.012623,-1.2623,121.24,121.98,121.09,121.74,121.24,121.98,121.09,121.74,173063,173063
UAA,0.14,0.006579,0.6579,21.42,21.76,20.86,21.36,21.42,21.76,20.86,21.36,6071727,6071727
PLNT,-0.23,-0.003933,-0.3933,58.25,58.73,57.98,58.62,58.25,58.73,57.98,58.62,619346,619346
EL,-0.14,-0.000894,-0.0894,156.53,157.0,155.62,156.14,156.53,157.0,155.62,156.14,1405641,1405641
LVMHF,-0.42,-0.001252,-0.1252,335.0,337.9,335.0,336.2,335.0,337.9,335.0,336.2,99,99
LULU,-0.01,-6.8e-05,-0.0068,148.11,149.11,147.05,147.47,148.11,149.11,147.05,147.47,977261,977261
ADDYY,-0.11,-0.000955,-0.0955,115.11,115.5,114.75,115.37,115.11,115.5,114.75,115.37,27072,27072
COTY,-0.04,-0.003587,-0.3587,11.11,11.29,11.04,11.13,11.11,11.29,11.04,11.13,6734223,6734223
GOOS,0.02,0.000374,0.0374,53.54,54.14,52.85,54.05,53.54,54.14,52.85,54.05,3173862,3173862
ETSY,-1.15,-0.021226,-2.1226,53.03,54.24,52.22,53.98,53.03,54.24,52.22,53.98,1911571,1911571
ULTA,1.71,0.005583,0.5583,308.02,309.7,304.12,306.28,308.02,309.7,304.12,306.28,671530,671530
NKE,-0.89,-0.01049,-1.049,83.95,84.15,83.35,83.57,83.95,84.15,83.35,83.57,8579155,8579155
AVP,-0.09,-0.029316,-2.9316,2.98,3.11,2.95,3.11,2.98,3.11,2.95,3.11,10770711,10770711
SBUX,0.31,0.004404,0.4404,70.7,70.93,70.14,70.14,70.7,70.93,70.14,70.14,10933548,10933548
SNAP,0.15,0.016234,1.6234,9.39,9.4,9.13,9.14,9.39,9.4,9.13,9.14,20051621,20051621
BYND,0.0,0.0,0.0,0.0,0.0,0.0,0.0,0.0,0.0,0.0,0.0,0,0
FIZZ,0.15,0.002054,0.2054,73.18,74.53,72.98,73.17,73.18,74.53,72.98,73.17,186263,186263
