symbol,change,changeOverTime,changePercent,close,high,low,open,uClose,uHigh,uLow,uOpen,uVolume,volume
NFLX,0,0,0,361.41,365.94,359.93,365.11,361.41,365.94,359.93,365.11,4653810,4653810
KSS,0,0,0,72.81,73.58,71.85,72.17,72.81,73.58,71.85,72.17,2541753,2541753
DECK,0,0,0,145.03,147.36,144.98,146.28,145.03,147.36,144.98,146.28,344444,344444
AAPL,0,0,0,200.1,200.23,196.34,196.42,200.1,200.23,196.34,196.42,25881697,25881697
VFC,0,0,0,89.83,90.29,88.87,89.52,89.83,90.29,88.87,89.52,2049896,2049896
FB,0,0,0,174.93,175.5,174.23,175.21,174.93,175.5,174.23,175.21,7297379,7297379
DEO,0,0,0,163.17,163.31,162.61,163.22,163.17,163.31,162.61,163.22,175847,175847
LRLCF,0,0,0,272.2,273.29,272.2,272.2,272.2,273.29,272.2,272.2,758,758
TIF,0,0,0,106.62,107.66,106.39,107.26,106.62,107.66,106.39,107.26,2038615,2038615
DIS,0,0,0,114.96,115.83,114.64,115.0,114.96,115.83,114.64,115.0,11054215,11054215
SPY,0,0,0,288.79,288.91,287.37,288.1,288.79,288.91,287.37,288.1,53566335,53566335
LB,0,0,0,27.48,27.76,27.35,27.35,27.48,27.76,27.35,27.35,3022557,3022557
TGT,0,0,0,81.93,82.23,80.86,80.91,81.93,82.23,80.86,80.91,4609000,4609000
TM,0,0,0,122.24,122.49,121.73,121.73,122.24,122.49,121.73,121.73,84568,84568
UAA,0,0,0,21.74,21.86,21.49,21.74,21.74,21.86,21.49,21.74,4311821,4311821
PLNT,0,0,0,70.64,71.29,69.77,71.25,70.64,71.29,69.77,71.25,1632512,1632512
EL,0,0,0,164.82,164.93,163.04,163.68,164.82,164.93,163.04,163.68,1090993,1090993
LVMHF,0,0,0,374.0,376.4,372.71,376.4,374.0,376.4,372.71,376.4,7270,7270
LULU,0,0,0,169.77,170.4,168.36,168.78,169.77,170.4,168.36,168.78,2135692,2135692
ADDYY,0,0,0,126.4,127.18,126.25,127.18,126.4,127.18,126.25,127.18,28718,28718
COTY,0,0,0,11.29,11.29,11.24,11.28,11.29,11.29,11.24,11.28,6393837,6393837
GOOS,0,0,0,47.49,48.58,47.3,48.57,47.49,48.58,47.3,48.57,887015,887015
ETSY,0,0,0,67.65,67.9,66.31,67.88,67.65,67.9,66.31,67.88,1049716,1049716
ULTA,0,0,0,354.47,355.73,351.29,353.56,354.47,355.73,351.29,353.56,439663,439663
NKE,0,0,0,84.73,85.29,84.57,85.01,84.73,85.29,84.57,85.01,4705846,4705846
AVP,0,0,0,2.88,2.98,2.86,2.97,2.88,2.98,2.86,2.97,4908871,4908871
SBUX,0,0,0,75.2,75.3,74.47,74.47,75.2,75.3,74.47,74.47,5140455,5140455
SNAP,0,0,0,12.27,12.63,12.19,12.31,12.27,12.63,12.19,12.31,42413410,42413410
BYND,0,0,0,0.0,0.0,0.0,0.0,0.0,0.0,0.0,0.0,0,0
FIZZ,0,0,0,57.91,58.12,57.59,57.89,57.91,58.12,57.59,57.89,222795,222795
