symbol,change,changeOverTime,changePercent,close,high,low,open,uClose,uHigh,uLow,uOpen,uVolume,volume
NFLX,7.04,0.023803,2.3803,302.8,303.55,296.27,298.86,302.8,303.55,296.27,298.86,7090757,7090757
KSS,1.24,0.02801,2.801,45.51,45.85,44.33,44.68,45.51,45.85,44.33,44.68,3864625,3864625
DECK,1.35,0.010155,1.0155,134.29,135.45,132.52,133.54,134.29,135.45,132.52,133.54,375371,375371
AAPL,4.76,0.023595,2.3595,206.5,207.16,203.84,204.28,206.5,207.16,203.84,204.28,28813624,28813624
VFC,1.3,0.016779,1.6779,78.78,79.02,77.78,78.18,78.78,79.02,77.78,78.18,1291091,1291091
FB,1.11,0.006079,0.6079,183.7,185.1,182.36,183.75,183.7,185.1,182.36,183.75,12844832,12844832
YRIV,-0.2075,-0.25668,-25.668,0.6009,0.73,0.6,0.71,0.6009,0.73,0.6,0.71,6784568,6784568
DEO,2.05,0.012376,1.2376,167.69,167.98,166.84,167.78,167.69,167.98,166.84,167.78,499030,499030
LRLCF,1.45,0.005654,0.5654,257.9,257.9,257.9,257.9,257.9,257.9,257.9,257.9,3,3
TIF,0.23,0.002855,0.2855,80.8,82.49,80.66,81.22,80.8,82.49,80.66,81.22,2735112,2735112
DIS,1.79,0.013417,1.3417,135.2,135.5,133.83,134.02,135.2,135.5,133.83,134.02,6353770,6353770
SPY,4.2,0.014755,1.4755,288.85,289.33,284.71,286.48,288.85,289.33,284.71,286.48,85825286,85825286
LB,0.67,0.034027,3.4027,20.36,20.7,19.81,19.9,20.36,20.7,19.81,19.9,4938484,4938484
TGT,1.65,0.019985,1.9985,84.21,84.46,83.17,83.3,84.21,84.46,83.17,83.3,4861051,4861051
TM,1.43,0.011228,1.1228,128.79,128.99,127.75,127.83,128.79,128.99,127.75,127.83,116706,116706
UAA,0.14,0.007563,0.7563,18.65,18.86,18.46,18.66,18.65,18.86,18.46,18.66,3324270,3324270
PLNT,0.94,0.013649,1.3649,69.81,70.0,69.11,69.29,69.81,70.0,69.11,69.29,551873,551873
EL,3.79,0.021604,2.1604,179.22,181.12,175.99,176.58,179.22,181.12,175.99,176.58,2451523,2451523
LVMHF,7.76,0.020384,2.0384,388.46,388.5,382.35,382.35,388.46,388.5,382.35,382.35,195,195
LULU,2.39,0.013623,1.3623,177.83,179.54,176.18,177.51,177.83,179.54,176.18,177.51,995738,995738
ADDYY,-0.06,-0.00042,-0.042,142.91,143.67,142.1,142.1,142.91,143.67,142.1,142.1,33344,33344
SHMP,0.029,0.298969,29.8969,0.126,0.128,0.0901,0.0925,0.126,0.128,0.0901,0.0925,11380153,11380153
COTY,0.1,0.011099,1.1099,9.11,9.14,8.96,9.05,9.11,9.14,8.96,9.05,4476951,4476951
GOOS,-0.5,-0.013086,-1.3086,37.71,39.17,37.59,38.99,37.71,39.17,37.59,38.99,1839438,1839438
ETSY,0.9,0.017405,1.7405,52.61,52.91,51.78,52.38,52.61,52.91,51.78,52.38,1842231,1842231
ULTA,1.59,0.004962,0.4962,322.03,327.89,319.26,323.52,322.03,327.89,319.26,323.52,573548,573548
NKE,0.77,0.009684,0.9684,80.28,80.56,79.25,80.09,80.28,80.56,79.25,80.09,5648999,5648999
AVP,-0.08,-0.018868,-1.8868,4.16,4.29,4.13,4.25,4.16,4.29,4.13,4.25,5578894,5578894
SBUX,0.99,0.010363,1.0363,96.52,96.83,95.85,96.29,96.52,96.83,95.85,96.29,5032916,5032916
SNAP,-0.01,-0.000625,-0.0625,15.98,16.19,15.47,16.13,15.98,16.19,15.47,16.13,25843920,25843920
BYND,0.57,0.003953,0.3953,144.77,148.54,136.27,144.21,144.77,148.54,136.27,144.21,5920368,5920368
FIZZ,1.31,0.031658,3.1658,42.69,43.28,41.5,41.53,42.69,43.28,41.5,41.53,390707,390707
