symbol,change,changeOverTime,changePercent,close,high,low,open,uClose,uHigh,uLow,uOpen,uVolume,volume
NFLX,2.47,0.008029,0.8029,310.1,311.88,305.3,310.58,310.1,311.88,305.3,310.58,6179090,6179090
KSS,1.02,0.020627,2.0627,50.47,50.58,49.38,49.75,50.47,50.58,49.38,49.75,2835698,2835698
DECK,3.5,0.02404,2.404,149.09,149.43,145.24,146.26,149.09,149.43,145.24,146.26,569871,569871
AAPL,3.66,0.01893,1.893,197.0,198.07,194.04,196.31,197.0,198.07,194.04,196.31,35824787,35824787
VFC,1.18,0.014666,1.4666,81.64,81.84,80.39,80.86,81.64,81.84,80.39,80.86,1585001,1585001
FB,2.78,0.015297,1.5297,184.51,185.79,183.09,183.69,184.51,185.79,183.09,183.69,18035686,18035686
DEO,0.46,0.002817,0.2817,163.74,164.3,162.87,163.69,163.74,164.3,162.87,163.69,223086,223086
LRLCF,0.45,0.00175,0.175,257.6,258.6,255.5,255.5,257.6,258.6,255.5,255.5,158,158
TIF,0.74,0.008422,0.8422,88.6,88.77,87.14,88.36,88.6,88.77,87.14,88.36,1531830,1531830
DIS,3.57,0.025813,2.5813,141.87,141.95,138.37,140.41,141.87,141.95,138.37,140.41,18818879,18818879
SPY,3.98,0.014023,1.4023,287.8,288.04,284.28,285.91,287.8,288.04,284.28,285.91,120711682,120711682
LB,0.09,0.003786,0.3786,23.86,23.99,23.32,23.91,23.86,23.99,23.32,23.91,3874992,3874992
TGT,1.98,0.024508,2.4508,82.77,83.21,80.77,81.16,82.77,83.21,80.77,81.16,5546338,5546338
TM,-1.25,-0.009743,-0.9743,127.05,127.74,125.64,127.46,127.05,127.74,125.64,127.46,188905,188905
UAA,0.45,0.021614,2.1614,21.27,21.42,20.68,21.04,21.27,21.42,20.68,21.04,7050277,7050277
PLNT,2.76,0.036928,3.6928,77.5,77.73,75.32,75.32,77.5,77.73,75.32,75.32,1845256,1845256
EL,5.0,0.028643,2.8643,179.56,180.15,175.81,175.99,179.56,180.15,175.81,175.99,2354718,2354718
LVMHF,12.57,0.032872,3.2872,394.96,397.34,390.84,393.6,394.96,397.34,390.84,393.6,715,715
LULU,5.17,0.029634,2.9634,179.63,180.46,175.82,176.5,179.63,180.46,175.82,176.5,1371873,1371873
ADDYY,3.69,0.02468,2.468,153.0,153.36,151.19,151.29,153.0,153.36,151.19,151.29,132982,132982
COTY,0.14,0.013793,1.3793,10.29,10.37,10.03,10.26,10.29,10.37,10.03,10.26,4641083,4641083
GOOS,0.55,0.01303,1.303,42.76,43.79,42.3,42.51,42.76,43.79,42.3,42.51,966815,966815
ETSY,1.45,0.026882,2.6882,55.39,56.4,54.66,55.68,55.39,56.4,54.66,55.68,3653537,3653537
ULTA,10.14,0.030714,3.0714,340.28,340.95,329.0,330.37,340.28,340.95,329.0,330.37,688204,688204
NKE,2.33,0.029505,2.9505,81.3,81.59,79.49,79.85,81.3,81.59,79.49,79.85,8664534,8664534
AVP,0.12,0.028037,2.8037,4.4,4.42,4.24,4.28,4.4,4.42,4.24,4.28,7216097,7216097
SBUX,1.64,0.017503,1.7503,95.34,95.71,93.8,94.31,95.34,95.71,93.8,94.31,7437982,7437982
SNAP,-0.17,-0.010328,-1.0328,16.29,16.63,16.16,16.2,16.29,16.63,16.16,16.2,30305926,30305926
BYND,-14.7,-0.083551,-8.3551,161.24,181.75,160.62,180.1,161.24,181.75,160.62,180.1,8407653,8407653
FIZZ,-0.5,-0.011282,-1.1282,43.82,45.16,43.38,44.71,43.82,45.16,43.38,44.71,3024578,3024578
