symbol,change,changeOverTime,changePercent,close,high,low,open,uClose,uHigh,uLow,uOpen,uVolume,volume
NFLX,1.96,0.007324,0.7324,269.58,272.2,264.03,267.35,269.58,272.2,264.03,267.35,8786284,8786284
KSS,-0.66,-0.01329,-1.329,49.0,50.54,48.97,50.09,49.0,50.54,48.97,50.09,3171924,3171924
DECK,-0.93,-0.006311,-0.6311,146.43,149.92,145.88,147.48,146.43,149.92,145.88,147.48,642157,642157
AAPL,0.62,0.002768,0.2768,224.59,228.22,224.2,225.07,224.59,228.22,224.2,225.07,36187163,36187163
VFC,0.02,0.000225,0.0225,89.01,89.73,88.42,89.06,89.01,89.73,88.42,89.06,2253641,2253641
FB,-2.27,-0.012747,-1.2747,175.81,179.84,174.88,179.15,175.81,179.84,174.88,179.15,17261556,17261556
YRIV,0.0,0.0,0.0,0.69,0.7195,0.665,0.69,0.69,0.7195,0.665,0.69,361335,361335
DEO,-0.12,-0.000734,-0.0734,163.4,163.6,161.63,162.33,163.4,163.6,161.63,162.33,325258,325258
LRLCF,-8.25,-0.029271,-2.9271,273.6,276.0,273.6,276.0,273.6,276.0,273.6,276.0,2282,2282
TIF,-1.75,-0.018892,-1.8892,90.88,94.04,90.79,93.09,90.88,94.04,90.79,93.09,1063208,1063208
DIS,-0.77,-0.005909,-0.5909,129.55,131.78,129.51,130.8,129.55,131.78,129.51,130.8,6011451,6011451
SPY,-3.53,-0.011895,-1.1895,293.24,298.46,293.0,297.74,293.24,298.46,293.0,297.74,89900420,89900420
LB,-0.5,-0.025523,-2.5523,19.09,20.03,19.06,19.7,19.09,20.03,19.06,19.7,4624088,4624088
TGT,-0.97,-0.009073,-0.9073,105.94,108.14,105.86,107.33,105.94,108.14,105.86,107.33,3572222,3572222
TM,-1.2,-0.008923,-0.8923,133.29,134.63,132.98,134.63,133.29,134.63,132.98,134.63,302000,302000
UAA,-0.21,-0.010532,-1.0532,19.73,20.2,19.73,20.01,19.73,20.2,19.73,20.01,3206347,3206347
PLNT,0.77,0.013306,1.3306,58.64,59.48,58.0,58.25,58.64,59.48,58.0,58.25,1134912,1134912
EL,-1.7,-0.008545,-0.8545,197.25,201.42,196.37,198.92,197.25,201.42,196.37,198.92,1191018,1191018
LVMHF,-6.69,-0.016784,-1.6784,391.9,394.4,391.76,394.4,391.9,394.4,391.76,394.4,28,28
LULU,0.16,0.000831,0.0831,192.69,194.07,191.32,193.41,192.69,194.07,191.32,193.41,1324128,1324128
ADDYY,-1.0,-0.006423,-0.6423,154.7,155.34,153.62,155.18,154.7,155.34,153.62,155.18,30079,30079
SHMP,-0.0169,-0.102424,-10.2424,0.1481,0.17,0.1449,0.17,0.1481,0.17,0.1449,0.17,2433663,2433663
COTY,0.09,0.008563,0.8563,10.6,10.63,10.29,10.54,10.6,10.63,10.29,10.54,5203475,5203475
GOOS,-3.34,-0.075961,-7.5961,40.63,44.98,40.4,44.23,40.63,44.98,40.4,44.23,1451215,1451215
ETSY,-1.2,-0.021239,-2.1239,55.3,57.33,55.15,56.72,55.3,57.33,55.15,56.72,2172734,2172734
ULTA,15.34,0.061201,6.1201,265.99,267.25,253.01,253.45,265.99,267.25,253.01,253.45,4329279,4329279
NKE,-1.64,-0.017462,-1.7462,92.28,94.75,92.06,94.13,92.28,94.75,92.06,94.13,8504893,8504893
AVP,-0.08,-0.018182,-1.8182,4.32,4.42,4.29,4.39,4.32,4.42,4.29,4.39,5756804,5756804
SBUX,-1.91,-0.021601,-2.1601,86.51,88.89,86.45,88.63,86.51,88.89,86.45,88.63,6805628,6805628
SNAP,-0.28,-0.017722,-1.7722,15.52,16.46,15.46,16.04,15.52,16.46,15.46,16.04,27745701,27745701
BYND,-2.2,-0.014803,-1.4803,146.42,149.4,143.7,148.65,146.42,149.4,143.7,148.65,1493329,1493329
FIZZ,1.7,0.038323,3.8323,46.06,46.13,44.25,44.56,46.06,46.13,44.25,44.56,337865,337865
