symbol,change,changeOverTime,changePercent,close,high,low,open,uClose,uHigh,uLow,uOpen,uVolume,volume
NFLX,6.05,0.016948,1.6948,363.02,366.13,360.05,360.34,363.02,366.13,360.05,360.34,7088214,7088214
KSS,-0.85,-0.013033,-1.3033,64.37,65.13,64.02,65.11,64.37,65.13,64.02,65.11,2986861,2986861
DECK,1.65,0.011518,1.1518,144.91,145.34,143.01,143.91,144.91,145.34,143.01,143.91,312688,312688
AAPL,1.91,0.011166,1.1166,172.97,173.0,171.38,171.58,172.97,173.0,171.38,171.58,18913154,18913154
VFC,0.7,0.008159,0.8159,86.5,86.98,86.21,86.24,86.5,86.98,86.21,86.24,1737689,1737689
FB,1.85,0.01156,1.156,161.89,162.41,160.31,160.58,161.89,162.41,160.31,160.58,15858468,15858468
YRIV,0.0482,0.119662,11.9662,0.451,0.56,0.36,0.4,0.451,0.56,0.36,0.4,8873635,8873635
DEO,0.06,0.00038,0.038,157.79,157.93,156.45,156.49,157.79,157.93,156.45,156.49,885291,885291
LRLCF,2.15,0.008445,0.8445,256.75,256.75,255.71,255.71,256.75,256.75,255.71,255.71,280,280
TIF,1.21,0.013225,1.3225,92.7,92.79,91.53,92.01,92.7,92.79,91.53,92.01,1047423,1047423
DIS,0.96,0.0084,0.84,115.25,115.77,113.95,114.63,115.25,115.77,113.95,114.63,8735066,8735066
SPY,1.72,0.0062,0.62,279.14,279.36,277.4,278.11,279.14,279.36,277.4,278.11,78114616,78114616
LB,0.3,0.011211,1.1211,27.06,27.06,26.36,26.82,27.06,27.06,26.36,26.82,3882600,3882600
TGT,0.22,0.003054,0.3054,72.25,72.64,71.8,72.21,72.25,72.64,71.8,72.21,3144996,3144996
TM,0.58,0.004784,0.4784,121.82,122.02,121.45,121.94,121.82,122.02,121.45,121.94,105041,105041
UAA,0.26,0.012138,1.2138,21.68,21.79,21.41,21.48,21.68,21.79,21.41,21.48,3389536,3389536
PLNT,-0.25,-0.004292,-0.4292,58.0,61.51,57.92,61.51,58.0,61.51,57.92,61.51,2243545,2243545
EL,2.45,0.015652,1.5652,158.98,159.07,155.48,156.53,158.98,159.07,155.48,156.53,1336534,1336534
LVMHF,3.39,0.010119,1.0119,338.39,340.5,337.25,337.25,338.39,340.5,337.25,337.25,572,572
LULU,1.15,0.007764,0.7764,149.26,149.36,147.5,148.7,149.26,149.36,147.5,148.7,966753,966753
ADDYY,0.79,0.006863,0.6863,115.9,116.1,114.85,114.85,115.9,116.1,114.85,114.85,44622,44622
SHMP,0.0211,0.053149,5.3149,0.4181,0.44,0.3742,0.404,0.4181,0.44,0.3742,0.404,6790256,6790256
COTY,0.16,0.014401,1.4401,11.27,11.29,10.98,11.08,11.27,11.29,10.98,11.08,12814084,12814084
GOOS,1.93,0.036048,3.6048,55.47,55.75,53.55,53.75,55.47,55.75,53.55,53.75,4200986,4200986
ETSY,3.64,0.06864,6.864,56.67,56.93,53.51,53.59,56.67,56.93,53.51,53.59,3844467,3844467
ULTA,2.7,0.008766,0.8766,310.72,310.93,308.0,309.63,310.72,310.93,308.0,309.63,580745,580745
NKE,0.81,0.009649,0.9649,84.76,85.02,84.03,84.2,84.76,85.02,84.03,84.2,4449747,4449747
AVP,0.23,0.077181,7.7181,3.21,3.24,2.97,2.97,3.21,3.24,2.97,2.97,17791780,17791780
SBUX,0.6,0.008487,0.8487,71.3,71.39,70.75,70.76,71.3,71.39,70.75,70.76,11311725,11311725
SNAP,0.32,0.034079,3.4079,9.71,9.8,9.32,9.39,9.71,9.8,9.32,9.39,30180703,30180703
BYND,0.0,0.0,0.0,0.0,0.0,0.0,0.0,0.0,0.0,0.0,0.0,0,0
FIZZ,0.13,0.001776,0.1776,73.31,73.42,72.33,73.03,73.31,73.42,72.33,73.03,214858,214858
