symbol,change,changeOverTime,changePercent,close,high,low,open,uClose,uHigh,uLow,uOpen,uVolume,volume
NFLX,-1.5,-0.003937,-0.3937,379.5,384.54,378.8,381.1,379.5,384.54,378.8,381.1,4336287,4336287
KSS,0.96,0.020356,2.0356,48.12,48.33,47.26,47.49,48.12,48.33,47.26,47.49,3180490,3180490
DECK,-2.62,-0.014919,-1.4919,172.99,176.46,172.25,176.46,172.99,176.46,172.25,176.46,401809,401809
AAPL,-1.48,-0.007282,-0.7282,201.75,204.39,201.71,203.31,201.75,204.39,201.71,203.31,20191842,20191842
VFC,1.03,0.011861,1.1861,87.87,87.94,86.59,86.9,87.87,87.94,86.59,86.9,1157385,1157385
FB,-1.5,-0.007399,-0.7399,201.23,203.8,200.21,203.26,201.23,203.8,200.21,203.26,13678457,13678457
DEO,0.07,0.000406,0.0406,172.53,173.08,171.97,172.86,172.53,173.08,171.97,172.86,153438,153438
LRLCF,0.85,0.00298,0.298,286.1,286.1,283.4,283.4,286.1,286.1,283.4,283.4,153,153
TIF,1.36,0.01466,1.466,94.13,94.18,92.64,93.22,94.13,94.18,92.64,93.22,660091,660091
DIS,0.02,0.000139,0.0139,143.56,145.34,143.54,144.01,143.56,145.34,143.54,144.01,10471130,10471130
SPY,0.7,0.002344,0.2344,299.31,299.58,298.2,299.32,299.31,299.58,298.2,299.32,50889481,50889481
LB,-0.31,-0.012025,-1.2025,25.47,26.38,24.94,26.23,25.47,26.38,24.94,26.23,7266909,7266909
TGT,0.62,0.007222,0.7222,86.47,87.22,86.06,86.4,86.47,87.22,86.06,86.4,5307719,5307719
TM,-0.63,-0.004946,-0.4946,126.75,127.08,126.37,127.08,126.75,127.08,126.37,127.08,74918,74918
UAA,0.14,0.005299,0.5299,26.56,26.59,26.08,26.5,26.56,26.59,26.08,26.5,2813419,2813419
PLNT,0.0,0.0,0.0,76.67,76.85,75.91,76.82,76.67,76.85,75.91,76.82,949365,949365
EL,1.79,0.009713,0.9713,186.08,187.05,183.76,184.52,186.08,187.05,183.76,184.52,1283118,1283118
LVMHF,4.0,0.009346,0.9346,432.0,432.4,429.25,432.4,432.0,432.4,429.25,432.4,313,313
LULU,-0.8,-0.004351,-0.4351,183.07,184.41,181.6,183.71,183.07,184.41,181.6,183.71,1244646,1244646
ADDYY,-0.13,-0.000828,-0.0828,156.91,157.66,156.24,157.66,156.91,157.66,156.24,157.66,20701,20701
COTY,-0.06,-0.00531,-0.531,11.24,11.36,11.19,11.28,11.24,11.36,11.19,11.28,4567294,4567294
GOOS,-0.34,-0.008045,-0.8045,41.92,42.88,41.32,42.46,41.92,42.88,41.32,42.46,1015871,1015871
ETSY,-1.46,-0.021971,-2.1971,64.99,66.95,64.34,66.46,64.99,66.95,64.34,66.46,1455554,1455554
ULTA,-0.22,-0.000634,-0.0634,346.98,349.95,346.16,348.0,346.98,349.95,346.16,348.0,537158,537158
NKE,0.85,0.009721,0.9721,88.29,88.3,87.4,87.71,88.29,88.3,87.4,87.71,3942358,3942358
AVP,-0.17,-0.041463,-4.1463,3.93,4.1,3.91,4.09,3.93,4.1,3.91,4.09,11252760,11252760
SBUX,0.69,0.007807,0.7807,89.07,89.29,88.27,88.66,89.07,89.29,88.27,88.66,6191375,6191375
SNAP,0.31,0.020315,2.0315,15.57,15.94,15.39,15.61,15.57,15.94,15.39,15.61,26709648,26709648
BYND,10.69,0.065378,6.5378,174.2,174.24,163.55,165.0,174.2,174.24,163.55,165.0,5469460,5469460
FIZZ,-0.55,-0.012987,-1.2987,41.8,42.78,41.53,42.42,41.8,42.78,41.53,42.42,337938,337938
