symbol,change,changeOverTime,changePercent,close,high,low,open,uClose,uHigh,uLow,uOpen,uVolume,volume
NFLX,0.76,270.520343,0.2071,367.72,368.42,362.22,366.25,367.72,368.42,362.22,366.25,5158742,5158742
DECK,-3.61,101.307143,-2.4585,143.23,147.24,142.8,147.24,143.23,147.24,142.8,147.24,593926,593926
AAPL,2.78,190.833103,1.4537,194.02,194.46,191.05,191.09,194.02,194.46,191.05,191.09,22765732,22765732
VFC,-0.54,8.32975,-0.6183,86.79,87.48,86.3,86.89,86.79,87.48,86.3,86.89,1714722,1714722
FB,5.5,3.556416,3.2602,174.2,174.9,169.55,170.14,174.2,174.9,169.55,170.14,23946529,23946529
DEO,0.53,2.973333,0.3244,163.9,164.19,163.32,163.75,163.9,164.19,163.32,163.75,244308,244308
LRLCF,2.5,2.729743,0.9356,270.4,270.4,270.4,270.4,270.4,270.4,270.4,270.4,1326,1326
TIF,0.4,3.263749,0.378,106.21,106.75,105.7,106.36,106.21,106.75,105.7,106.36,2364068,2364068
DIS,-0.55,5.543542,-0.4888,111.96,113.3,111.92,113.15,111.96,113.3,111.92,113.15,9231765,9231765
LB,-0.19,1.115897,-0.6983,27.02,27.52,26.95,27.26,27.02,27.52,26.95,27.26,5242010,5242010
TGT,-0.51,1.725901,-0.6377,79.46,80.26,79.36,79.6,79.46,80.26,79.36,79.6,2909158,2909158
LRLCY,-0.23,2.586622,-0.4271,53.62,53.68,53.31,53.65,53.62,53.68,53.31,53.65,44930,44930
UAA,0.23,2.372332,1.09,21.33,21.43,20.94,21.07,21.33,21.43,20.94,21.07,3823888,3823888
PLNT,0.85,3.41125,1.219,70.58,70.77,69.45,69.92,70.58,70.77,69.45,69.92,1473427,1473427
EL,-1.55,10.065763,-0.9407,163.22,164.7,162.47,164.23,163.22,164.7,162.47,164.23,805375,805375
LVMHF,-3.51,6.144038,-0.936,371.49,375.95,371.45,373.95,371.49,375.95,371.45,373.95,353,353
LULU,-0.05,10.819286,-0.0302,165.47,166.7,164.01,165.61,165.47,166.7,164.01,165.61,2207607,2207607
ADDYY,1.53,5.386154,1.2439,124.53,124.68,123.82,123.84,124.53,124.68,123.82,123.84,23175,23175
COTY,-0.03,-0.351959,-0.266,11.25,11.28,11.13,11.19,11.25,11.28,11.13,11.19,14645222,14645222
LVMUY,0.34,6.232212,0.4608,75.21,75.26,74.49,74.56,75.21,75.26,74.49,74.56,85945,85945
GOOS,-0.33,1.981343,-0.6837,47.94,48.46,47.85,48.17,47.94,48.46,47.85,48.17,963731,963731
ETSY,1.57,1.324333,2.3034,69.73,70.68,68.34,68.5,69.73,70.68,68.34,68.5,3552096,3552096
ULTA,-5.25,10.646546,-1.4892,347.3,354.09,346.59,353.37,347.3,354.09,346.59,353.37,514410,514410
NKE,-0.86,12.286614,-1.009,84.37,85.26,84.16,85.0,84.37,85.26,84.16,85.0,4433849,4433849
SBUX,0.31,10.728385,0.4191,74.27,74.45,73.84,74.01,74.27,74.45,73.84,74.01,5520938,5520938
SNAP,-0.14,-0.541667,-1.2324,11.22,11.3,10.93,11.0,11.22,11.3,10.93,11.0,20786542,20786542
FIZZ,0.02,8.895547,0.0347,57.6,58.76,56.81,57.71,57.6,58.76,56.81,57.71,231106,231106
