symbol,change,changeOverTime,changePercent,close,high,low,open,uClose,uHigh,uLow,uOpen,uVolume,volume
NFLX,3.74,0.010472,1.0472,360.87,365.15,355.69,357.39,360.87,365.15,355.69,357.39,4777321,4777321
KSS,0.21,0.004378,0.4378,48.18,48.58,47.53,48.02,48.18,48.58,47.53,48.02,4027926,4027926
DECK,4.7,0.0302,3.02,160.33,160.86,156.61,156.61,160.33,160.86,156.61,156.61,442804,442804
AAPL,4.93,0.026617,2.6617,190.15,191.92,185.77,186.51,190.15,191.92,185.77,186.51,30684393,30684393
VFC,0.25,0.00296,0.296,84.71,84.92,84.03,84.53,84.71,84.92,84.03,84.53,1297353,1297353
FB,5.02,0.029822,2.9822,173.35,173.87,168.84,170.17,173.35,173.87,168.84,170.17,16917343,16917343
DEO,2.35,0.013735,1.3735,173.44,173.87,172.95,173.07,173.44,173.87,172.95,173.07,337462,337462
LRLCF,5.89,0.021503,2.1503,279.8,279.8,279.8,279.8,279.8,279.8,279.8,279.8,21,21
TIF,-0.72,-0.007896,-0.7896,90.47,91.72,90.36,91.1,90.47,91.72,90.36,91.1,1208270,1208270
DIS,0.83,0.006049,0.6049,138.04,138.76,137.33,137.6,138.04,138.76,137.33,137.6,7026269,7026269
SPY,2.85,0.010007,1.0007,287.65,288.85,285.74,285.93,287.65,288.85,285.74,285.93,74272199,74272199
LB,-0.01,-0.00044,-0.044,22.7,23.05,22.64,22.92,22.7,23.05,22.64,22.92,4001291,4001291
TGT,1.15,0.013419,1.3419,86.85,87.43,86.05,86.26,86.85,87.43,86.05,86.26,5214068,5214068
TM,1.09,0.008986,0.8986,122.39,122.87,121.88,121.95,122.39,122.87,121.88,121.95,120322,120322
UAA,0.22,0.008567,0.8567,25.9,26.03,25.62,25.7,25.9,26.03,25.62,25.7,3349802,3349802
PLNT,-0.95,-0.012039,-1.2039,77.96,79.42,77.87,79.27,77.96,79.42,77.87,79.27,1287524,1287524
EL,2.93,0.016846,1.6846,176.86,177.35,174.71,174.71,176.86,177.35,174.71,174.71,1082983,1082983
LVMHF,10.8,0.027342,2.7342,405.8,408.33,401.3,401.3,405.8,408.33,401.3,401.3,1477,1477
LULU,2.11,0.012384,1.2384,172.49,172.8,169.59,171.66,172.49,172.8,169.59,171.66,1846585,1846585
ADDYY,2.63,0.017828,1.7828,150.15,151.16,149.26,149.26,150.15,151.16,149.26,149.26,37737,37737
COTY,0.01,0.00074,0.074,13.52,13.74,13.44,13.5,13.52,13.74,13.44,13.5,5348393,5348393
GOOS,1.2,0.036419,3.6419,34.15,34.24,32.75,33.02,34.15,34.24,32.75,33.02,2355611,2355611
ETSY,1.93,0.031149,3.1149,63.89,64.86,62.24,62.29,63.89,64.86,62.24,62.29,1926228,1926228
ULTA,-2.17,-0.006376,-0.6376,338.16,343.96,337.68,340.69,338.16,343.96,337.68,340.69,567317,567317
NKE,0.96,0.011643,1.1643,83.41,83.68,82.81,83.09,83.41,83.68,82.81,83.09,3891114,3891114
AVP,0.09,0.024,2.4,3.84,3.86,3.75,3.76,3.84,3.86,3.75,3.76,8356349,8356349
SBUX,1.08,0.013268,1.3268,82.48,83.33,81.51,81.6,82.48,83.33,81.51,81.6,11278802,11278802
SNAP,0.05,0.003618,0.3618,13.87,14.11,13.82,13.91,13.87,14.11,13.82,13.91,28549256,28549256
BYND,39.15,0.393467,39.3467,138.65,149.46,120.76,130.0,138.65,149.46,120.76,130.0,23916747,23916747
FIZZ,-0.46,-0.009419,-0.9419,48.38,49.9,48.36,49.12,48.38,49.9,48.36,49.12,329625,329625
