symbol,change,changeOverTime,changePercent,close,high,low,open,uClose,uHigh,uLow,uOpen,uVolume,volume
NFLX,4.7,0.014689,1.4689,324.66,325.37,312.5,314.57,324.66,325.37,312.5,314.57,13472475,13472475
KSS,-3.36,-0.048069,-4.8069,66.54,66.68,62.57,63.15,66.54,66.68,62.57,63.15,11173973,11173973
DECK,-13.01,-0.102748,-10.2748,113.61,125.83,112.65,124.61,113.61,125.83,112.65,124.61,1330775,1330775
AAPL,0.49,0.003196,0.3196,153.8,153.97,150.86,152.5,153.8,153.97,150.86,152.5,35780670,35780670
VFC,-1.13,-0.015113,-1.5113,73.64,73.88,72.45,73.39,73.64,73.88,72.45,73.39,1628260,1628260
FB,-0.03,-0.000208,-0.0208,144.2,144.56,140.84,143.08,144.2,144.56,140.84,143.08,16125004,16125004
YRIV,0.24,0.076677,7.6677,3.37,3.44,3.05,3.1,3.37,3.44,3.05,3.1,118209,118209
DEO,1.45,0.010478,1.0478,139.83,139.93,138.39,138.58,139.83,139.93,138.39,138.58,494985,494985
LRLCF,1.1,0.004825,0.4825,229.1,229.1,224.95,228.4,229.1,229.1,224.95,228.4,269,269
TIF,-1.52,-0.017576,-1.7576,84.96,85.28,83.67,85.03,84.96,85.28,83.67,85.03,2200330,2200330
DIS,0.13,0.001154,0.1154,112.8,112.91,111.5,111.99,112.8,112.91,111.5,111.99,6160065,6160065
SPY,0.91,0.003528,0.3528,258.88,259.16,255.5,256.26,258.88,259.16,255.5,256.26,96823923,96823923
LB,-1.24,-0.043925,-4.3925,26.99,27.07,24.66,26.05,26.99,27.07,24.66,26.05,9702734,9702734
TGT,-2.0,-0.028454,-2.8454,68.29,68.33,66.53,67.95,68.29,68.33,66.53,67.95,13913673,13913673
TM,1.57,0.012773,1.2773,124.49,124.58,123.27,123.71,124.49,124.58,123.27,123.71,202934,202934
UAA,-0.02,-0.001041,-0.1041,19.2,19.32,18.58,18.81,19.2,19.32,18.58,18.81,3870317,3870317
PLNT,0.32,0.005488,0.5488,58.63,59.23,57.39,57.98,58.63,59.23,57.39,57.98,1776211,1776211
EL,-2.53,-0.019792,-1.9792,125.3,125.94,121.47,122.55,125.3,125.94,121.47,122.55,4445643,4445643
LVMHF,-1.16,-0.003865,-0.3865,299.15,299.15,295.4,299.0,299.15,299.15,295.4,299.0,6954,6954
LULU,-4.39,-0.032279,-3.2279,131.61,132.41,129.5,131.03,131.61,132.41,129.5,131.03,3402087,3402087
ADDYY,0.535,0.004773,0.4773,112.64,112.8,111.9,112.34,112.64,112.8,111.9,112.34,25360,25360
SHMP,0.0003,0.017647,1.7647,0.0173,0.0189,0.0127,0.0185,0.0173,0.0189,0.0127,0.0185,8657008,8657008
COTY,-0.17,-0.023098,-2.3098,7.19,7.37,7.16,7.29,7.19,7.37,7.16,7.29,12387280,12387280
GOOS,-1.31,-0.026604,-2.6604,47.93,48.27,45.7,47.92,47.93,48.27,45.7,47.92,2904434,2904434
ETSY,-1.43,-0.027099,-2.7099,51.34,52.26,50.07,52.15,51.34,52.26,50.07,52.15,2946784,2946784
ULTA,-4.16,-0.014794,-1.4794,277.03,277.71,269.29,274.8,277.03,277.71,269.29,274.8,965600,965600
NKE,-0.17,-0.00222,-0.222,76.42,77.34,75.46,75.64,76.42,77.34,75.46,75.64,11148593,11148593
AVP,0.04,0.022472,2.2472,1.82,1.86,1.74,1.81,1.82,1.86,1.74,1.81,3438887,3438887
SBUX,0.31,0.004853,0.4853,64.19,64.39,63.24,63.61,64.19,64.39,63.24,63.61,10397645,10397645
SNAP,-0.06,-0.009554,-0.9554,6.22,6.4,6.11,6.37,6.22,6.4,6.11,6.37,15413432,15413432
BYND,0.0,0.0,0.0,0.0,0.0,0.0,0.0,0.0,0.0,0.0,0.0,0,0
FIZZ,0.78,0.010138,1.0138,77.72,78.78,76.2,76.89,77.72,78.78,76.2,76.89,243976,243976
