symbol,change,changeOverTime,changePercent,close,high,low,open,uClose,uHigh,uLow,uOpen,uVolume,volume
NFLX,4.0,0.010953,1.0953,369.21,371.45,365.0,365.0,369.21,371.45,365.0,365.0,7448356,7448356
KSS,0.63,0.013439,1.3439,47.51,47.87,46.24,46.85,47.51,47.87,46.24,46.85,5949608,5949608
DECK,1.45,0.008331,0.8331,175.5,175.83,172.61,172.92,175.5,175.83,172.61,172.92,508006,508006
AAPL,-0.68,-0.003409,-0.3409,198.78,200.85,198.15,198.8,198.78,200.85,198.15,198.8,47800589,47800589
VFC,-0.24,-0.002708,-0.2708,88.37,89.28,88.01,89.09,88.37,89.28,88.01,89.09,2884396,2884396
FB,1.61,0.008495,0.8495,191.14,192.0,188.75,188.75,191.14,192.0,188.75,188.75,22751159,22751159
YRIV,-0.0154,-0.028625,-2.8625,0.5226,0.5359,0.4907,0.4907,0.5226,0.5359,0.4907,0.4907,1310181,1310181
DEO,-0.83,-0.004804,-0.4804,171.94,172.18,170.8,171.37,171.94,172.18,170.8,171.37,256171,256171
LRLCF,1.0,0.003487,0.3487,287.8,290.15,287.2,289.75,287.8,290.15,287.2,289.75,1741,1741
TIF,-2.5,-0.026009,-2.6009,93.62,96.47,93.14,96.47,93.62,96.47,93.14,96.47,2309144,2309144
DIS,-1.79,-0.012604,-1.2604,140.23,142.0,140.0,141.95,140.23,142.0,140.0,141.95,14150036,14150036
SPY,-1.86,-0.006287,-0.6287,294.0,295.52,293.76,294.13,294.0,295.52,293.76,294.13,83309466,83309466
LB,0.67,0.02801,2.801,24.59,24.76,23.79,23.91,24.59,24.76,23.79,23.91,6480775,6480775
TGT,1.39,0.016123,1.6123,87.6,88.6,86.06,86.36,87.6,88.6,86.06,86.36,7847595,7847595
TM,-0.97,-0.007711,-0.7711,124.83,125.22,124.72,124.93,124.83,125.22,124.72,124.93,88820,88820
UAA,-0.43,-0.016178,-1.6178,26.15,26.57,26.06,26.44,26.15,26.57,26.06,26.44,5469706,5469706
PLNT,-2.18,-0.027881,-2.7881,76.01,77.82,75.75,77.48,76.01,77.82,75.75,77.48,1873833,1873833
EL,-1.65,-0.009018,-0.9018,181.31,183.29,180.92,182.94,181.31,183.29,180.92,182.94,1900221,1900221
LVMHF,0.0,0.0,0.0,418.75,418.75,416.04,416.14,418.75,418.75,416.04,416.14,272,272
LULU,-4.63,-0.024826,-2.4826,181.87,184.8,180.85,184.6,181.87,184.8,180.85,184.6,4115936,4115936
ADDYY,0.195,0.00128,0.128,152.5,152.88,151.55,151.55,152.5,152.88,151.55,151.55,49057,49057
SHMP,-0.0005,-0.003984,-0.3984,0.125,0.1259,0.12,0.1255,0.125,0.1259,0.12,0.1255,861852,861852
COTY,-0.41,-0.030393,-3.0393,13.08,13.5,13.01,13.47,13.08,13.5,13.01,13.47,12942423,12942423
GOOS,-0.13,-0.003496,-0.3496,37.06,37.33,36.58,36.81,37.06,37.33,36.58,36.81,724258,724258
ETSY,-3.05,-0.044312,-4.4312,65.78,68.64,65.66,68.39,65.78,68.64,65.66,68.39,2333680,2333680
ULTA,-2.53,-0.00706,-0.706,355.81,360.47,355.28,359.28,355.81,360.47,355.28,359.28,730417,730417
NKE,0.51,0.005983,0.5983,85.75,85.75,84.6,85.16,85.75,85.75,84.6,85.16,9289833,9289833
AVP,-0.03,-0.007538,-0.7538,3.95,4.0,3.94,3.99,3.95,4.0,3.94,3.99,10089208,10089208
SBUX,-0.87,-0.010273,-1.0273,83.82,84.77,83.81,84.43,83.82,84.77,83.81,84.43,12610163,12610163
SNAP,-0.28,-0.018868,-1.8868,14.56,14.82,14.53,14.79,14.56,14.82,14.53,14.79,13530765,13530765
BYND,-11.04,-0.06684,-6.684,154.13,161.79,150.0,153.54,154.13,161.79,150.0,153.54,7474586,7474586
FIZZ,0.67,0.015495,1.5495,43.91,44.32,42.54,42.98,43.91,44.32,42.54,42.98,509367,509367
