symbol,change,changeOverTime,changePercent,close,high,low,open,uClose,uHigh,uLow,uOpen,uVolume,volume
NFLX,0,0,0,363.91,371.49,363.79,367.01,363.91,371.49,363.79,367.01,7569320,7569320
KSS,0,0,0,65.86,66.63,64.71,64.75,65.86,66.63,64.71,64.75,5303411,5303411
DECK,0,0,0,147.96,149.8,145.12,145.29,147.96,149.8,145.12,145.29,683676,683676
AAPL,0,0,0,174.23,175.87,173.95,174.16,174.23,175.87,173.95,174.16,21873358,21873358
VFC,0,0,0,86.97,87.68,86.53,87.0,86.97,87.68,86.53,87.0,2623844,2623844
FB,0,0,0,164.62,166.07,162.9,163.07,164.62,166.07,162.9,163.07,18737106,18737106
DEO,0,0,0,156.45,157.49,156.17,157.34,156.45,157.49,156.17,157.34,680063,680063
LRLCF,0,0,0,250.72,252.5,250.72,252.3,250.72,252.5,250.72,252.3,85,85
TIF,0,0,0,94.01,94.78,93.27,93.27,94.01,94.78,93.27,93.27,2922849,2922849
DIS,0,0,0,113.59,115.8,113.46,115.62,113.59,115.8,113.46,115.62,9327690,9327690
SPY,0,0,0,279.52,281.31,279.43,280.73,279.52,281.31,279.43,280.73,69030699,69030699
LB,0,0,0,27.67,27.97,27.05,27.05,27.67,27.97,27.05,27.05,4628489,4628489
TGT,0,0,0,73.1,73.59,72.61,72.83,73.1,73.59,72.61,72.83,7782007,7782007
TM,0,0,0,122.41,122.95,122.4,122.71,122.41,122.95,122.4,122.71,119383,119383
UAA,0,0,0,21.8,22.2,21.75,21.97,21.8,22.2,21.75,21.97,4190756,4190756
PLNT,0,0,0,56.72,58.25,56.68,58.07,56.72,58.25,56.68,58.07,2454318,2454318
EL,0,0,0,157.26,159.37,157.05,159.37,157.26,159.37,157.05,159.37,1647114,1647114
LVMHF,0,0,0,342.5,345.9,342.45,344.7,342.5,345.9,342.45,344.7,117,117
LULU,0,0,0,148.54,151.51,148.05,150.12,148.54,151.51,148.05,150.12,1216851,1216851
ADDYY,0,0,0,119.41,119.98,118.48,118.53,119.41,119.98,118.48,118.53,47489,47489
COTY,0,0,0,11.16,11.31,10.99,11.31,11.16,11.31,10.99,11.31,11629403,11629403
GOOS,0,0,0,55.66,56.85,55.54,55.65,55.66,56.85,55.54,55.65,2078035,2078035
ETSY,0,0,0,59.01,60.5,55.86,59.85,59.01,60.5,55.86,59.85,12654098,12654098
ULTA,0,0,0,309.05,313.63,308.03,311.54,309.05,313.63,308.03,311.54,546264,546264
NKE,0,0,0,85.17,85.73,84.96,85.39,85.17,85.73,84.96,85.39,6229652,6229652
AVP,0,0,0,3.01,3.41,2.95,3.36,3.01,3.41,2.95,3.36,15502463,15502463
SBUX,0,0,0,71.05,72.07,70.98,71.9,71.05,72.07,70.98,71.9,12071170,12071170
SNAP,0,0,0,10.12,10.29,9.85,9.9,10.12,10.29,9.85,9.9,44870258,44870258
BYND,0,0,0,0.0,0.0,0.0,0.0,0.0,0.0,0.0,0.0,0,0
FIZZ,0,0,0,71.77,73.95,71.11,73.49,71.77,73.95,71.11,73.49,234033,234033
