symbol,change,changeOverTime,changePercent,close,high,low,open,uClose,uHigh,uLow,uOpen,uVolume,volume
NFLX,0,0,0,310.62,314.54,305.81,312.0,310.62,314.54,305.81,312.0,17725334,17725334
KSS,0,0,0,49.65,50.53,49.2,49.65,49.65,50.53,49.2,49.65,3525645,3525645
DECK,0,0,0,175.54,177.65,174.23,175.32,175.54,177.65,174.23,175.32,485661,485661
AAPL,0,0,0,207.22,207.23,203.61,203.65,207.22,207.23,203.61,203.65,22277932,22277932
VFC,0,0,0,86.84,88.0,86.83,87.97,86.84,88.0,86.83,87.97,1388584,1388584
FB,0,0,0,202.32,202.57,198.81,199.91,202.32,202.57,198.81,199.91,13589024,13589024
YRIV,0,0,0,0.4698,0.4845,0.45,0.4845,0.4698,0.4845,0.45,0.4845,626761,626761
DEO,0,0,0,169.77,170.13,168.81,169.24,169.77,170.13,168.81,169.24,515766,515766
LRLCF,0,0,0,280.0,281.85,280.0,281.85,280.0,281.85,280.0,281.85,1652,1652
TIF,0,0,0,91.73,93.01,90.74,92.68,91.73,93.01,90.74,92.68,1359171,1359171
DIS,0,0,0,140.84,141.44,140.01,141.25,140.84,141.44,140.01,141.25,7707699,7707699
SPY,0,0,0,297.9,298.5,297.04,297.61,297.9,298.5,297.04,297.61,43687404,43687404
LB,0,0,0,25.1,26.09,24.92,25.87,25.1,26.09,24.92,25.87,3138181,3138181
TGT,0,0,0,87.22,88.64,86.88,88.25,87.22,88.64,86.88,88.25,2850151,2850151
TM,0,0,0,131.14,131.58,130.86,131.26,131.14,131.58,130.86,131.26,263313,263313
UAA,0,0,0,26.64,27.22,26.62,27.1,26.64,27.22,26.62,27.1,2712582,2712582
PLNT,0,0,0,74.84,75.67,74.04,74.26,74.84,75.67,74.04,74.26,1523836,1523836
EL,0,0,0,188.64,191.78,188.31,191.25,188.64,191.78,188.31,191.25,949785,949785
LVMHF,0,0,0,431.94,431.95,429.15,431.25,431.94,431.95,429.15,431.25,1559,1559
LULU,0,0,0,187.75,189.66,186.08,189.46,187.75,189.66,186.08,189.46,970187,970187
ADDYY,0,0,0,159.27,159.73,158.46,158.92,159.27,159.73,158.46,158.92,20963,20963
SHMP,0,0,0,0.1212,0.125,0.0761,0.0778,0.1212,0.125,0.0762,0.0778,8131403,8131403
COTY,0,0,0,10.96,11.3,10.92,11.1,10.96,11.3,10.92,11.1,3705659,3705659
GOOS,0,0,0,43.73,44.95,43.72,44.24,43.73,44.95,43.72,44.24,808707,808707
ETSY,0,0,0,68.53,68.62,65.81,66.38,68.53,68.62,65.81,66.38,2115986,2115986
ULTA,0,0,0,352.95,359.8,351.09,357.79,352.95,359.8,351.09,357.79,550264,550264
NKE,0,0,0,85.97,86.99,85.83,86.56,85.97,86.99,85.83,86.56,6810325,6810325
AVP,0,0,0,3.92,4.01,3.9,3.99,3.92,4.01,3.9,3.99,6742309,6742309
SBUX,0,0,0,90.92,91.18,90.05,90.52,90.92,91.18,90.05,90.52,5636657,5636657
SNAP,0,0,0,14.15,14.47,13.98,14.02,14.15,14.47,13.98,14.02,26770029,26770029
BYND,0,0,0,194.2,200.8,177.76,178.5,194.2,200.8,177.76,178.5,11395384,11395384
FIZZ,0,0,0,41.25,42.07,40.62,42.03,41.25,42.07,40.62,42.03,348706,348706
