symbol,change,changeOverTime,changePercent,close,high,low,open,uClose,uHigh,uLow,uOpen,uVolume,volume
NFLX,-2.17,-0.007376,-0.7376,292.01,295.35,288.7,295.32,292.01,295.35,288.7,295.32,5774833,5774833
KSS,-0.56,-0.009823,-0.9823,56.45,57.04,55.34,56.42,56.45,57.04,55.34,56.42,4047383,4047383
DECK,-0.28,-0.001702,-0.1702,164.19,165.7,163.61,164.62,164.19,165.7,163.61,164.62,289609,289609
AAPL,-0.24,-0.000915,-0.0915,261.96,262.79,260.92,261.55,261.96,262.79,260.92,261.55,21847226,21847226
VFC,-1.68,-0.019444,-1.9444,84.72,86.76,84.56,86.4,84.72,86.76,84.56,86.4,2414463,2414463
FB,4.86,0.025632,2.5632,194.47,195.06,189.74,190.0,194.47,195.06,189.74,190.0,17615454,17615454
YRIV,-0.011,-0.028947,-2.8947,0.369,0.37,0.3112,0.35,0.369,0.37,0.3112,0.35,299618,299618
DEO,-1.79,-0.011202,-1.1202,158.0,158.95,157.31,158.86,158.0,158.95,157.31,158.86,396257,396257
LRLCF,-2.4,-0.008297,-0.8297,286.85,290.5,286.85,287.9,286.85,290.5,286.85,287.9,1540,1540
TIF,-1.42,-0.011308,-1.1308,124.15,125.4,123.81,125.2,124.15,125.4,123.81,125.2,2474890,2474890
DIS,1.84,0.013456,1.3456,138.58,139.34,136.74,138.03,138.58,139.34,136.74,138.03,17283987,17283987
SPY,0.65,0.002108,0.2108,309.0,309.99,308.15,308.75,309.0,309.99,308.15,308.75,46484624,46484624
LB,0.02,0.001142,0.1142,17.53,17.95,17.34,17.66,17.53,17.95,17.34,17.66,5275828,5275828
TGT,-2.1,-0.019013,-1.9013,108.35,110.28,107.91,110.22,108.35,110.28,107.91,110.22,5430655,5430655
TM,-0.52,-0.003585,-0.3585,144.54,145.28,143.68,144.77,144.54,145.28,143.68,144.77,119585,119585
UAA,-0.28,-0.015936,-1.5936,17.29,17.86,17.25,17.7,17.29,17.86,17.25,17.7,3831816,3831816
PLNT,2.28,0.033663,3.3663,70.01,70.24,67.53,68.0,70.01,70.24,67.53,68.0,2128732,2128732
EL,0.69,0.003685,0.3685,187.95,189.05,187.19,187.81,187.95,189.05,187.19,187.81,1037452,1037452
LVMHF,-2.78,-0.006209,-0.6209,444.96,446.4,443.69,446.05,444.96,446.4,443.69,446.05,986,986
LULU,0.62,0.002992,0.2992,207.81,208.74,206.67,207.18,207.81,208.74,206.67,207.18,1728112,1728112
ADDYY,-1.14,-0.007635,-0.7635,148.18,148.84,147.79,148.14,148.18,148.84,147.79,148.14,215813,215813
SHMP,0.0128,0.126733,12.6733,0.1138,0.118,0.1005,0.106,0.1138,0.118,0.1005,0.106,1929153,1929153
COTY,-0.01,-0.000805,-0.0805,12.41,12.6,12.32,12.42,12.41,12.6,12.32,12.42,4474570,4474570
GOOS,-0.11,-0.00281,-0.281,39.04,39.58,38.2,39.26,39.04,39.58,38.2,39.26,3345403,3345403
ETSY,-0.03,-0.000735,-0.0735,40.8,41.95,40.45,41.12,40.8,41.95,40.45,41.12,5035501,5035501
ULTA,2.01,0.008307,0.8307,243.97,246.1,239.74,241.16,243.97,246.1,239.74,241.16,867457,867457
NKE,-0.55,-0.006108,-0.6108,89.5,92.03,89.49,90.31,89.5,92.03,89.49,90.31,3982543,3982543
AVP,-0.17,-0.036247,-3.6247,4.52,4.69,4.5,4.69,4.52,4.69,4.5,4.69,4868772,4868772
SBUX,0.89,0.010797,1.0797,83.32,83.98,82.61,82.69,83.32,83.98,82.61,82.69,8552693,8552693
SNAP,-0.01,-0.000695,-0.0695,14.38,14.64,14.32,14.38,14.38,14.64,14.32,14.38,13020959,13020959
BYND,1.48,0.019273,1.9273,78.27,79.47,73.85,76.75,78.27,79.47,73.85,76.75,6289421,6289421
FIZZ,1.78,0.044378,4.4378,41.89,41.9,39.99,40.2,41.89,41.9,39.99,40.2,2144624,2144624
