symbol,change,changeOverTime,changePercent,close,high,low,open,uClose,uHigh,uLow,uOpen,uVolume,volume
NFLX,0,0,0,366.23,367.04,357.44,359.0,366.23,367.04,357.44,359.0,8473845,8473845
KSS,0,0,0,68.73,69.7,66.76,66.8,68.73,69.7,66.76,66.8,2770248,2770248
DECK,0,0,0,143.1,144.06,138.98,140.51,143.1,144.06,138.98,140.51,293546,293546
AAPL,0,0,0,188.74,191.98,186.6,191.51,188.74,191.98,186.6,191.51,43845293,43845293
VFC,0,0,0,84.51,84.66,83.32,83.77,84.51,84.66,83.32,83.77,1370525,1370525
FB,0,0,0,166.29,166.54,162.0,163.0,166.29,166.54,162.0,163.0,12631230,12631230
YRIV,0,0,0,0.4899,0.57,0.4706,0.56,0.4899,0.57,0.4706,0.56,21883845,21883845
DEO,0,0,0,162.93,163.47,162.07,162.45,162.93,163.47,162.07,162.45,235896,235896
LRLCF,0,0,0,263.9,266.61,263.0,263.05,263.9,266.61,263.0,263.05,1328,1328
TIF,0,0,0,102.8,103.78,102.09,103.21,102.8,103.78,102.09,103.21,2352022,2352022
DIS,0,0,0,107.79,109.07,107.32,108.49,107.79,109.07,107.32,108.49,18187512,18187512
SPY,0,0,0,279.04,280.19,277.64,278.87,279.04,280.19,277.64,278.87,85575197,85575197
LB,0,0,0,27.37,27.38,26.47,26.63,27.37,27.38,26.47,26.63,5429737,5429737
TGT,0,0,0,78.53,79.28,78.05,78.31,78.53,79.28,78.05,78.31,2911396,2911396
TM,0,0,0,120.49,120.68,119.42,119.89,120.49,120.68,119.42,119.89,136369,136369
UAA,0,0,0,20.87,20.96,20.45,20.6,20.87,20.96,20.45,20.6,2721371,2721371
PLNT,0,0,0,67.4,67.7,66.46,66.79,67.4,67.7,66.46,66.79,1696301,1696301
EL,0,0,0,159.98,160.28,158.58,159.03,159.98,160.28,158.58,159.03,1160120,1160120
LVMHF,0,0,0,357.45,360.45,356.3,357.8,357.45,360.45,356.3,357.8,1034,1034
LULU,0,0,0,146.58,147.37,141.34,142.91,146.58,147.37,141.34,142.91,2539885,2539885
ADDYY,0,0,0,120.32,120.64,119.77,120.13,120.32,120.64,119.77,120.13,19626,19626
SHMP,0,0,0,0.1999,0.248,0.185,0.241,0.1999,0.248,0.185,0.241,8428741,8428741
COTY,0,0,0,11.23,11.29,11.17,11.22,11.23,11.29,11.17,11.22,14656461,14656461
GOOS,0,0,0,46.33,48.0,45.58,48.0,46.33,48.0,45.58,48.0,3815679,3815679
ETSY,0,0,0,67.86,68.07,65.05,66.02,67.86,68.07,65.05,66.02,2396812,2396812
ULTA,0,0,0,336.67,338.25,330.88,330.88,336.67,338.25,330.88,330.88,811861,811861
NKE,0,0,0,82.33,83.22,80.89,81.48,82.33,83.22,80.89,81.48,15558297,15558297
AVP,0,0,0,3.14,3.16,2.93,3.09,3.14,3.16,2.93,3.09,8398039,8398039
SBUX,0,0,0,72.3,72.48,71.73,72.0,72.3,72.48,71.73,72.0,6453840,6453840
SNAP,0,0,0,10.72,10.85,10.46,10.68,10.72,10.85,10.46,10.68,13166322,13166322
BYND,0,0,0,0.0,0.0,0.0,0.0,0.0,0.0,0.0,0.0,0,0
FIZZ,0,0,0,57.42,57.94,56.69,56.69,57.42,57.94,56.69,56.69,322862,322862
