symbol,change,changeOverTime,changePercent,close,high,low,open,uClose,uHigh,uLow,uOpen,uVolume,volume
NFLX,0,0,0,310.83,312.89,303.24,305.46,310.83,312.89,303.24,305.46,6531722,6531722
KSS,0,0,0,49.23,49.61,48.6,48.75,49.23,49.61,48.6,48.75,3856283,3856283
DECK,0,0,0,143.07,143.98,140.33,143.45,143.07,143.98,140.33,143.45,608995,608995
AAPL,0,0,0,200.48,202.05,199.15,199.62,200.48,202.05,199.15,199.62,22481889,22481889
VFC,0,0,0,81.93,82.29,80.94,82.17,81.93,82.29,80.94,82.17,1371236,1371236
FB,0,0,0,185.37,187.59,184.46,186.85,185.37,187.59,184.46,186.85,10936283,10936283
YRIV,0,0,0,1.29,1.43,0.93,1.04,1.29,1.43,0.93,1.04,39048520,39048520
DEO,0,0,0,164.72,165.8,164.47,165.36,164.72,165.8,164.47,165.36,223316,223316
LRLCF,0,0,0,264.22,264.22,261.1,261.1,264.22,264.22,261.1,261.1,925,925
TIF,0,0,0,87.06,88.56,85.98,88.56,87.06,88.56,85.98,88.56,1360767,1360767
DIS,0,0,0,135.75,137.57,135.23,137.31,135.75,137.57,135.23,137.31,7918904,7918904
SPY,0,0,0,288.07,291.61,287.02,289.96,288.07,291.61,287.02,289.96,65527630,65527630
LB,0,0,0,22.05,22.65,21.98,22.59,22.05,22.65,21.98,22.59,3873154,3873154
TGT,0,0,0,82.03,82.15,81.05,81.32,82.03,82.15,81.05,81.32,5134282,5134282
TM,0,0,0,128.23,128.85,127.83,128.68,128.23,128.85,127.83,128.68,124820,124820
UAA,0,0,0,19.68,20.1,19.58,20.0,19.68,20.1,19.58,20.0,4960274,4960274
PLNT,0,0,0,71.63,73.49,70.99,73.49,71.63,73.49,70.99,73.49,838296,838296
EL,0,0,0,177.72,181.0,175.03,181.0,177.72,181.0,175.03,181.0,1772422,1772422
LVMHF,0,0,0,400.04,401.13,397.09,400.95,400.04,401.13,397.09,400.95,821,821
LULU,0,0,0,178.82,182.05,177.66,182.0,178.82,182.05,177.66,182.0,965449,965449
ADDYY,0,0,0,147.1,147.23,146.31,146.55,147.1,147.23,146.31,146.55,32573,32573
SHMP,0,0,0,0.091,0.102,0.089,0.102,0.091,0.102,0.089,0.102,988715,988715
COTY,0,0,0,9.84,10.29,9.83,10.29,9.84,10.29,9.83,10.29,3533834,3533834
GOOS,0,0,0,42.06,43.17,41.95,42.5,42.06,43.17,41.95,42.5,861164,861164
ETSY,0,0,0,54.97,56.0,54.15,55.76,54.97,56.0,54.15,55.76,1512952,1512952
ULTA,0,0,0,336.51,345.91,332.68,345.91,336.51,345.91,332.68,345.91,759225,759225
NKE,0,0,0,81.65,81.95,81.18,81.41,81.65,81.95,81.18,81.41,3654499,3654499
AVP,0,0,0,4.24,4.34,4.2,4.3,4.24,4.34,4.2,4.3,3857859,3857859
SBUX,0,0,0,94.91,96.02,94.3,95.78,94.91,96.02,94.3,95.78,5513811,5513811
SNAP,0,0,0,16.81,16.97,16.36,16.85,16.81,16.97,16.36,16.85,17838911,17838911
BYND,0,0,0,169.11,172.18,162.5,164.53,169.11,172.18,162.5,164.53,3973805,3973805
FIZZ,0,0,0,43.73,44.2,42.17,43.48,43.73,44.2,42.17,43.48,218174,218174
