symbol,change,changeOverTime,changePercent,close,high,low,open,uClose,uHigh,uLow,uOpen,uVolume,volume
NFLX,4.31,0.014645,1.4645,298.6,299.15,291.79,294.5,298.6,299.15,291.79,294.5,4817119,4817119
KSS,-2.32,-0.043666,-4.3666,50.81,52.15,50.42,52.12,50.81,52.15,50.42,52.12,4513501,4513501
DECK,-2.03,-0.013996,-1.3996,143.01,145.37,142.53,144.61,143.01,145.37,142.53,144.61,399787,399787
AAPL,0.8,0.003638,0.3638,220.7,220.82,219.12,219.96,220.7,220.82,219.12,219.96,18386468,18386468
VFC,-0.5,-0.005655,-0.5655,87.92,87.98,86.47,87.98,87.92,87.98,86.47,87.98,1778185,1778185
FB,1.86,0.009988,0.9988,188.08,188.32,185.54,186.66,188.08,188.32,185.54,186.66,9751570,9751570
YRIV,-0.006,-0.012739,-1.2739,0.465,0.489,0.45,0.46,0.465,0.489,0.45,0.46,270870,270870
DEO,2.49,0.015427,1.5427,163.9,163.99,162.22,162.38,163.9,163.99,162.22,162.38,351231,351231
LRLCF,0.0,0.0,0.0,268.25,0.0,0.0,0.0,268.25,0.0,0.0,0.0,0,0
TIF,-1.14,-0.011826,-1.1826,95.26,96.38,94.12,96.15,95.26,96.38,94.12,96.15,1932779,1932779
DIS,0.51,0.003756,0.3756,136.31,136.73,135.67,135.8,136.31,136.73,135.67,135.8,4759951,4759951
SPY,0.76,0.002532,0.2532,300.92,301.02,299.75,299.94,300.92,301.02,299.75,299.94,42904427,42904427
LB,-0.08,-0.004115,-0.4115,19.36,19.49,18.85,19.27,19.36,19.49,18.85,19.27,7548675,7548675
TGT,0.32,0.002992,0.2992,107.28,107.46,106.18,106.63,107.28,107.46,106.18,106.63,4334260,4334260
TM,1.88,0.01383,1.383,137.82,137.89,136.9,137.0,137.82,137.89,136.9,137.0,149561,149561
UAA,-0.13,-0.006158,-0.6158,20.98,21.18,20.69,21.05,20.98,21.18,20.69,21.05,3817656,3817656
PLNT,0.53,0.008515,0.8515,62.77,63.35,61.71,62.46,62.77,63.35,61.71,62.46,683344,683344
EL,-1.21,-0.006284,-0.6284,191.34,194.45,191.12,193.4,191.34,194.45,191.12,193.4,1603495,1603495
LVMHF,5.46,0.013497,1.3497,410.0,410.06,403.65,403.65,410.0,410.06,403.65,403.65,275,275
LULU,1.77,0.009138,0.9138,195.47,197.33,193.38,193.5,195.47,197.33,193.38,193.5,1222983,1222983
ADDYY,2.43,0.016442,1.6442,150.22,150.22,149.01,149.01,150.22,150.22,149.01,149.01,14760,14760
SHMP,0.0104,0.054565,5.4565,0.201,0.217,0.196,0.217,0.201,0.217,0.196,0.217,5548508,5548508
COTY,-0.29,-0.026728,-2.6728,10.56,10.81,10.46,10.81,10.56,10.81,10.46,10.81,3375027,3375027
GOOS,-0.58,-0.013498,-1.3498,42.39,42.93,41.96,42.89,42.39,42.93,41.96,42.89,793106,793106
ETSY,2.01,0.034751,3.4751,59.85,59.93,57.35,57.89,59.85,59.93,57.35,57.89,3747700,3747700
ULTA,8.4,0.037259,3.7259,233.85,235.09,225.15,225.69,233.85,235.09,225.15,225.69,2217206,2217206
NKE,0.32,0.003667,0.3667,87.59,87.64,86.47,86.77,87.59,87.64,86.47,86.77,3269921,3269921
AVP,0.08,0.017021,1.7021,4.78,4.8,4.65,4.7,4.78,4.8,4.65,4.7,5437086,5437086
SBUX,1.33,0.014874,1.4874,90.75,91.46,89.65,89.67,90.75,91.46,89.65,89.67,6511690,6511690
SNAP,1.07,0.067893,6.7893,16.83,16.9,15.98,16.01,16.83,16.9,15.98,16.01,40407384,40407384
BYND,1.34,0.008429,0.8429,160.31,161.49,158.9,160.0,160.31,161.49,158.9,160.0,1576523,1576523
FIZZ,0.79,0.017359,1.7359,46.3,46.41,44.51,45.18,46.3,46.41,44.51,45.18,301474,301474
