symbol,change,changeOverTime,changePercent,close,high,low,open,uClose,uHigh,uLow,uOpen,uVolume,volume
NFLX,3.77,0.010022,1.0022,379.93,384.76,377.5,379.06,379.93,384.76,377.5,379.06,6932822,6932822
KSS,-0.52,-0.010773,-1.0773,47.75,48.47,47.7,48.29,47.75,48.47,47.7,48.29,3375311,3375311
DECK,-3.73,-0.020964,-2.0964,174.19,177.64,173.77,176.6,174.19,177.64,173.77,176.6,415367,415367
AAPL,1.22,0.006099,0.6099,201.24,201.51,198.81,199.2,201.24,201.51,198.81,199.2,20578015,20578015
VFC,-1.6,-0.018108,-1.8108,86.76,88.15,86.58,87.93,86.76,88.15,86.58,87.93,1200032,1200032
FB,3.45,0.017624,1.7624,199.21,199.46,194.89,194.97,199.21,199.46,194.89,194.97,14698611,14698611
YRIV,-0.0021,-0.004208,-0.4208,0.497,0.51,0.471,0.4954,0.497,0.51,0.471,0.4954,831149,831149
DEO,-1.25,-0.007218,-0.7218,171.94,172.77,171.62,171.95,171.94,172.77,171.62,171.95,290233,290233
LRLCF,0.2,0.000698,0.0698,286.6,286.6,286.6,286.6,286.6,286.6,286.6,286.6,300,300
TIF,-0.66,-0.007038,-0.7038,93.11,93.72,92.16,93.52,93.11,93.72,92.16,93.52,1283186,1283186
DIS,0.59,0.004184,0.4184,141.61,141.72,139.75,140.06,141.61,141.72,139.75,140.06,7396283,7396283
SPY,0.37,0.001247,0.1247,297.19,297.52,295.48,295.54,297.19,297.52,295.48,295.54,41101279,41101279
LB,-1.15,-0.041742,-4.1742,26.4,27.51,26.3,27.35,26.4,27.51,26.3,27.35,5566073,5566073
TGT,-1.11,-0.012485,-1.2485,87.8,89.4,87.8,88.47,87.8,89.4,87.8,88.47,3986931,3986931
TM,0.03,0.000236,0.0236,126.9,126.9,126.41,126.86,126.9,126.9,126.41,126.86,85538,85538
UAA,0.1,0.003775,0.3775,26.59,26.8,26.26,26.4,26.59,26.8,26.26,26.4,4373938,4373938
PLNT,-0.05,-0.000655,-0.0655,76.3,76.83,75.85,76.08,76.3,76.83,75.85,76.08,1063565,1063565
EL,-1.35,-0.007287,-0.7287,183.9,184.69,183.32,184.57,183.9,184.69,183.32,184.57,938775,938775
LVMHF,-1.3,-0.003021,-0.3021,429.0,430.5,427.65,427.85,429.0,430.5,427.65,427.85,662,662
LULU,-0.75,-0.004015,-0.4015,186.05,186.5,183.9,184.93,186.05,186.5,183.9,184.93,2323075,2323075
ADDYY,0.64,0.004069,0.4069,157.93,158.4,157.3,157.33,157.93,158.4,157.3,157.33,16360,16360
SHMP,0.0,0.0,0.0,0.105,0.115,0.1,0.1065,0.105,0.115,0.1,0.1065,1182823,1182823
COTY,-0.03,-0.00262,-0.262,11.42,11.49,11.24,11.4,11.42,11.49,11.24,11.4,7183266,7183266
GOOS,0.65,0.016022,1.6022,41.22,41.78,40.04,40.15,41.22,41.78,40.04,40.15,1120588,1120588
ETSY,2.85,0.044524,4.4524,66.86,67.12,63.99,64.32,66.86,67.12,63.99,64.32,3057130,3057130
ULTA,-4.21,-0.011937,-1.1937,348.48,353.19,347.0,351.2,348.48,353.19,347.0,351.2,729058,729058
NKE,-0.44,-0.004973,-0.4973,88.04,88.8,87.82,88.1,88.04,88.8,87.82,88.1,6219722,6219722
AVP,-0.06,-0.015075,-1.5075,3.92,3.98,3.87,3.97,3.92,3.98,3.87,3.97,5521836,5521836
SBUX,-0.21,-0.002402,-0.2402,87.23,87.65,86.89,87.29,87.23,87.65,86.89,87.29,5355536,5355536
SNAP,0.11,0.007266,0.7266,15.25,15.57,14.8,15.3,15.25,15.57,14.8,15.3,26250621,26250621
BYND,1.15,0.00734,0.734,157.82,159.59,154.51,158.73,157.82,159.59,154.51,158.73,2607748,2607748
FIZZ,-2.14,-0.047747,-4.7747,42.68,44.9,42.63,44.89,42.68,44.9,42.63,44.89,510821,510821
