symbol,change,changeOverTime,changePercent,close,high,low,open,uClose,uHigh,uLow,uOpen,uVolume,volume
NFLX,0.56,0.001944,0.1944,288.59,290.56,285.84,288.19,288.59,290.56,285.84,288.19,3438257,3438257
KSS,-0.91,-0.016456,-1.6456,54.39,54.97,53.79,54.78,54.39,54.97,53.79,54.78,3193345,3193345
DECK,0.17,0.001044,0.1044,162.99,164.77,160.7,163.04,162.99,164.77,160.7,163.04,520103,520103
AAPL,0.11,0.000428,0.0428,257.24,257.49,255.37,256.77,257.24,257.49,255.37,256.77,18966124,18966124
VFC,-0.09,-0.001044,-0.1044,86.11,86.57,85.32,86.34,86.11,86.57,85.32,86.34,2360280,2360280
FB,-2.77,-0.014255,-1.4255,191.55,194.37,191.35,194.03,191.55,194.37,191.35,194.03,10973019,10973019
YRIV,-0.0111,-0.034687,-3.4688,0.3089,0.32,0.29,0.305,0.3089,0.32,0.29,0.305,174075,174075
DEO,0.53,0.003313,0.3313,160.51,161.39,160.39,161.29,160.51,161.39,160.39,161.29,251764,251764
LRLCF,5.0,0.017301,1.7301,294.0,294.0,290.9,290.9,294.0,294.0,290.9,290.9,477,477
TIF,0.39,0.003138,0.3138,124.69,125.78,123.86,124.87,124.69,125.78,123.86,124.87,7523392,7523392
DIS,-0.18,-0.001369,-0.1369,131.27,131.66,130.66,131.6,131.27,131.66,130.66,131.6,9132465,9132465
SPY,0.07,0.000228,0.0228,307.1,307.4,306.06,307.03,307.1,307.4,306.06,307.03,46487108,46487108
LB,0.19,0.010698,1.0698,17.95,17.99,17.34,17.78,17.95,17.99,17.34,17.78,4728192,4728192
TGT,0.45,0.004089,0.4089,110.51,110.6,109.34,109.89,110.51,110.6,109.34,109.89,3234351,3234351
TM,-0.37,-0.002629,-0.2629,140.37,140.85,140.19,140.63,140.37,140.85,140.19,140.63,98929,98929
UAA,0.27,0.015084,1.5084,18.17,18.37,17.77,18.11,18.17,18.37,17.77,18.11,7430604,7430604
PLNT,1.56,0.026009,2.6009,61.54,61.71,59.73,59.98,61.54,61.71,59.73,59.98,849329,849329
EL,3.06,0.01663,1.663,187.06,187.54,184.41,185.04,187.06,187.54,184.41,185.04,1363062,1363062
LVMHF,2.45,0.005549,0.5549,444.0,444.0,440.04,442.0,444.0,444.0,440.04,442.0,848,848
LULU,6.4,0.032932,3.2932,200.74,200.9,194.29,196.98,200.74,200.9,194.29,196.98,2484817,2484817
ADDYY,-6.83,-0.044016,-4.4016,148.34,151.79,147.2,151.33,148.34,151.79,147.2,151.33,73855,73855
SHMP,0.0045,0.042453,4.2453,0.1105,0.115,0.106,0.112,0.1105,0.115,0.106,0.112,1065276,1065276
COTY,1.56,0.136126,13.6126,13.02,13.42,11.39,11.95,13.02,13.42,11.39,11.95,24447601,24447601
GOOS,-2.45,-0.057243,-5.7243,40.35,42.92,40.17,42.8,40.35,42.92,40.17,42.8,1800600,1800600
ETSY,-0.61,-0.014111,-1.4111,42.62,43.33,42.0,43.23,42.62,43.33,42.0,43.23,3972412,3972412
ULTA,-1.43,-0.005827,-0.5827,243.99,246.75,241.35,246.11,243.99,246.75,241.35,246.11,627044,627044
NKE,-0.4,-0.00445,-0.445,89.48,90.72,88.74,90.64,89.48,90.72,88.74,90.64,7033830,7033830
AVP,0.13,0.031026,3.1026,4.32,4.4,4.17,4.17,4.32,4.4,4.17,4.17,10598569,10598569
SBUX,1.1,0.013433,1.3433,82.99,83.37,82.0,82.08,82.99,83.37,82.0,82.08,6365267,6365267
SNAP,-0.42,-0.028321,-2.8321,14.41,14.88,14.23,14.87,14.41,14.88,14.23,14.87,23041331,23041331
BYND,-0.72,-0.00884,-0.884,80.73,83.51,80.5,82.04,80.73,83.51,80.5,82.04,3672013,3672013
FIZZ,-0.7,-0.015341,-1.5341,44.93,46.02,44.86,45.75,44.93,46.02,44.86,45.75,302636,302636
