symbol,change,changeOverTime,changePercent,close,high,low,open,uClose,uHigh,uLow,uOpen,uVolume,volume
NFLX,-3.06,-0.009697,-0.9697,312.49,316.5,311.69,315.0,312.49,316.5,311.69,315.0,5328348,5328348
KSS,-0.35,-0.007231,-0.7231,48.05,48.98,47.81,48.36,48.05,48.98,47.81,48.36,3930191,3930191
DECK,3.06,0.0186,1.86,167.58,168.18,165.23,167.5,167.58,168.18,165.23,167.5,530700,530700
AAPL,-2.08,-0.007809,-0.7809,264.29,267.16,262.5,266.94,264.29,267.16,262.5,266.94,26334882,26334882
VFC,1.1,0.012709,1.2709,87.65,87.86,85.73,86.28,87.65,87.86,85.73,86.28,3464485,3464485
FB,-0.82,-0.004104,-0.4104,198.97,200.15,198.04,200.0,198.97,200.15,198.04,200.0,11748664,11748664
YRIV,-0.0035,-0.009901,-0.9901,0.35,0.405,0.34,0.405,0.35,0.405,0.34,0.405,183852,183852
DEO,1.27,0.007815,0.7815,163.78,164.49,163.32,163.93,163.78,164.49,163.32,163.93,434655,434655
LRLCF,1.57,0.005592,0.5592,282.32,284.85,281.65,281.65,282.32,284.85,281.65,281.65,365,365
TIF,-0.03,-0.000225,-0.0225,133.22,133.44,133.1,133.44,133.22,133.44,133.1,133.44,7833200,7833200
DIS,1.95,0.013027,1.3027,151.64,153.41,150.61,151.75,151.64,153.41,150.61,151.75,24973011,24973011
SPY,0.71,0.002266,0.2266,314.08,314.28,313.06,313.41,314.08,314.28,313.06,313.41,37727953,37727953
LB,-0.09,-0.004695,-0.4695,19.08,19.46,18.66,19.03,19.08,19.46,18.66,19.03,18846730,18846730
TGT,1.7,0.013579,1.3579,126.89,127.84,125.0,125.26,126.89,127.84,125.0,125.26,7582283,7582283
TM,-0.57,-0.003999,-0.3999,141.97,142.0,141.28,141.98,141.97,142.0,141.28,141.98,86419,86419
UAA,0.63,0.03629,3.629,17.99,18.04,17.27,17.38,17.99,18.04,17.27,17.38,6231712,6231712
PLNT,1.1,0.015023,1.5023,74.32,74.5,73.31,73.44,74.32,74.5,73.31,73.44,1063255,1063255
EL,0.72,0.003698,0.3698,195.42,196.45,193.9,195.43,195.42,196.45,193.9,195.43,1761579,1761579
LVMHF,3.45,0.007701,0.7701,451.45,453.0,448.2,450.0,451.45,453.0,448.2,450.0,1910,1910
LULU,0.68,0.003061,0.3061,222.84,225.01,220.25,223.26,222.84,225.01,220.25,223.26,1522024,1522024
ADDYY,1.84,0.012133,1.2133,153.07,153.33,151.93,151.93,153.07,153.33,151.93,151.93,48013,48013
SHMP,0.0023,0.02416,2.416,0.0975,0.1026,0.094,0.1001,0.0975,0.1026,0.094,0.1001,1868640,1868640
COTY,0.06,0.005226,0.5226,11.54,11.86,11.48,11.54,11.54,11.86,11.48,11.54,5593459,5593459
GOOS,0.54,0.014331,1.4331,38.22,38.64,37.07,37.72,38.22,38.64,37.07,37.72,1902412,1902412
ETSY,0.61,0.014262,1.4262,43.38,44.27,43.0,43.0,43.38,44.27,43.0,43.0,3565375,3565375
ULTA,4.76,0.020587,2.0587,235.97,236.85,231.13,231.13,235.97,236.85,231.13,231.13,1555605,1555605
NKE,0.43,0.004629,0.4629,93.33,93.63,93.02,93.38,93.33,93.63,93.02,93.38,5908540,5908540
AVP,0.04,0.00905,0.905,4.46,4.49,4.28,4.41,4.46,4.49,4.28,4.41,10308080,10308080
SBUX,0.81,0.009672,0.9672,84.56,84.65,84.0,84.13,84.56,84.65,84.0,84.13,7652316,7652316
SNAP,-0.04,-0.002581,-0.2581,15.46,15.55,15.16,15.46,15.46,15.55,15.16,15.46,20548404,20548404
BYND,2.15,0.027821,2.7821,79.43,79.73,76.7,77.52,79.43,79.73,76.7,77.52,3318089,3318089
FIZZ,2.68,0.058147,5.8147,48.77,49.09,45.89,46.36,48.77,49.09,45.89,46.36,640917,640917
