symbol,change,changeOverTime,changePercent,close,high,low,open,uClose,uHigh,uLow,uOpen,uVolume,volume
NFLX,0.12,0.000448,0.0448,268.15,268.84,257.01,267.78,268.15,268.84,257.01,267.78,9068810,9068810
KSS,0.39,0.008445,0.8445,46.57,46.64,44.67,45.94,46.57,46.64,44.67,45.94,4040804,4040804
DECK,1.78,0.012342,1.2342,146.0,146.17,140.91,144.06,146.0,146.17,140.91,144.06,396915,396915
AAPL,1.86,0.008495,0.8495,220.82,220.96,215.13,218.43,220.82,220.96,215.13,218.43,30352686,30352686
VFC,0.46,0.005305,0.5305,87.17,87.19,85.15,86.59,87.17,87.19,85.15,86.59,1255846,1255846
FB,4.78,0.027377,2.7377,179.38,179.84,173.63,175.57,179.38,179.84,173.63,175.57,16789319,16789319
YRIV,-0.002,-0.003115,-0.3115,0.64,0.67,0.6,0.67,0.64,0.67,0.6,0.67,227671,227671
DEO,4.24,0.026788,2.6788,162.52,162.86,160.58,161.09,162.52,162.86,160.58,161.09,462000,462000
LRLCF,3.06,0.011637,1.1637,266.01,268.4,264.0,266.5,266.01,268.4,264.0,266.5,198,198
TIF,0.59,0.006659,0.6659,89.19,89.29,86.39,88.4,89.19,89.29,86.39,88.4,1359774,1359774
DIS,-0.99,-0.007666,-0.7666,128.15,129.43,127.54,128.6,128.15,129.43,127.54,128.6,8683717,8683717
SPY,2.36,0.008193,0.8193,290.42,290.45,284.82,287.81,290.42,290.45,284.82,287.81,85906799,85906799
LB,0.41,0.02259,2.259,18.56,18.56,17.56,18.03,18.56,18.56,17.56,18.03,6293318,6293318
TGT,1.46,0.013884,1.3884,106.62,106.7,104.39,105.23,106.62,106.7,104.39,105.23,4291835,4291835
TM,-0.27,-0.002054,-0.2054,131.2,131.22,129.74,130.59,131.2,131.22,129.74,130.59,149362,149362
UAA,0.03,0.001558,0.1558,19.28,19.28,18.68,19.21,19.28,19.28,18.68,19.21,3280648,3280648
PLNT,0.29,0.005042,0.5042,57.81,58.1,56.63,57.43,57.81,58.1,56.63,57.43,886509,886509
EL,1.67,0.008697,0.8697,193.7,194.58,191.67,192.21,193.7,194.58,191.67,192.21,1357658,1357658
LVMHF,2.01,0.005301,0.5301,380.26,383.91,379.04,383.1,380.26,383.91,379.04,383.1,3262,3262
LULU,1.02,0.005393,0.5393,190.15,190.3,185.36,188.76,190.15,190.3,185.36,188.76,1400034,1400034
ADDYY,1.2,0.008128,0.8128,148.83,149.0,147.5,148.5,148.83,149.0,147.5,148.5,17969,17969
SHMP,0.001,0.006803,0.6803,0.148,0.158,0.1355,0.155,0.148,0.158,0.1355,0.155,3220498,3220498
COTY,0.19,0.018905,1.8905,10.24,10.24,9.85,10.02,10.24,10.24,9.85,10.02,1922686,1922686
GOOS,0.34,0.008718,0.8718,39.34,39.34,37.26,38.83,39.34,39.34,37.26,38.83,1686215,1686215
ETSY,1.91,0.035429,3.5429,55.82,55.84,53.48,53.83,55.82,55.84,53.48,53.83,2762503,2762503
ULTA,-5.36,-0.020397,-2.0397,257.43,265.21,250.65,263.37,257.43,265.21,250.65,263.37,2261053,2261053
NKE,0.73,0.007979,0.7979,92.22,92.32,90.35,91.31,92.22,92.32,90.35,91.31,5934889,5934889
AVP,0.1,0.023697,2.3697,4.32,4.37,4.12,4.23,4.32,4.37,4.12,4.23,9464472,9464472
SBUX,0.35,0.004151,0.4151,84.67,84.91,83.61,84.3,84.67,84.91,83.61,84.3,6061699,6061699
SNAP,-0.5,-0.033784,-3.3784,14.3,14.64,13.68,14.58,14.3,14.64,13.68,14.58,58435966,58435966
BYND,2.14,0.014934,1.4934,145.44,146.93,141.32,142.06,145.44,146.93,141.32,142.06,1161546,1161546
FIZZ,0.69,0.014948,1.4948,46.85,48.52,46.21,46.41,46.85,48.52,46.21,46.41,620595,620595
