symbol,change,changeOverTime,changePercent,close,high,low,open,uClose,uHigh,uLow,uOpen,uVolume,volume
NFLX,-0.31,-0.000968,-0.0968,319.96,323.35,313.5,317.71,319.96,323.35,313.5,317.71,13343152,13343152
KSS,0.72,0.010408,1.0408,69.9,70.87,68.4,69.56,69.9,70.87,68.4,69.56,4238556,4238556
DECK,0.6,0.004761,0.4761,126.62,128.27,125.11,126.59,126.62,128.27,125.11,126.59,611698,611698
AAPL,2.56,0.016982,1.6982,153.31,154.53,149.63,151.29,153.31,154.53,149.63,151.29,45099081,45099081
VFC,0.16,0.002144,0.2144,74.77,75.67,74.41,74.87,74.77,75.67,74.41,74.87,1886160,1886160
FB,1.7,0.011927,1.1927,144.23,144.7,141.27,142.95,144.23,144.7,141.27,142.95,22205879,22205879
DEO,-1.84,-0.013122,-1.3122,138.38,139.49,138.24,138.81,138.38,139.49,138.24,138.81,630165,630165
LRLCF,-0.85,-0.003714,-0.3714,228.0,228.0,226.53,227.5,228.0,228.0,226.53,227.5,515,515
TIF,-0.49,-0.005634,-0.5634,86.48,87.65,86.17,87.54,86.48,87.65,86.17,87.54,1678577,1678577
DIS,1.25,0.011219,1.1219,112.67,112.8,111.56,111.8,112.67,112.8,111.56,111.8,5931922,5931922
SPY,1.2,0.004673,0.4673,257.97,258.91,256.19,257.56,257.97,258.91,256.19,257.56,95006554,95006554
LB,0.03,0.001064,0.1064,28.23,29.24,28.15,28.43,28.23,29.24,28.15,28.43,5012440,5012440
TGT,0.68,0.009769,0.9769,70.29,70.98,68.78,69.38,70.29,70.98,68.78,69.38,6025085,6025085
TM,0.61,0.004987,0.4987,122.92,123.3,122.39,122.85,122.92,123.3,122.39,122.85,139796,139796
UAA,0.35,0.018548,1.8548,19.22,19.38,18.82,18.9,19.22,19.38,18.82,18.9,3209163,3209163
PLNT,0.69,0.011975,1.1975,58.31,58.98,57.73,57.99,58.31,58.98,57.73,57.99,1811909,1811909
EL,-4.9,-0.036917,-3.6917,127.83,131.41,127.27,130.81,127.83,131.41,127.27,130.81,2728093,2728093
LVMHF,1.35,0.004518,0.4518,300.31,303.77,300.2,303.67,300.31,303.77,300.2,303.67,795,795
LULU,0.14,0.00103,0.103,136.0,137.51,134.64,137.5,136.0,137.51,134.64,137.5,3339351,3339351
ADDYY,0.78,0.007007,0.7007,112.1,112.51,111.1,112.25,112.1,112.51,111.1,112.25,32967,32967
COTY,-0.16,-0.021277,-2.1277,7.36,7.69,7.31,7.58,7.36,7.69,7.31,7.58,9491329,9491329
GOOS,1.17,0.02434,2.434,49.24,49.78,48.25,48.57,49.24,49.78,48.25,48.57,1959411,1959411
ETSY,-1.11,-0.020601,-2.0601,52.77,54.8,52.55,53.91,52.77,54.8,52.55,53.91,2078315,2078315
ULTA,5.19,0.018804,1.8804,281.19,282.1,274.92,275.82,281.19,282.1,274.92,275.82,707695,707695
NKE,-0.14,-0.001825,-0.1825,76.59,77.15,76.14,76.97,76.59,77.15,76.14,76.97,8590991,8590991
AVP,-0.06,-0.032609,-3.2609,1.78,1.89,1.77,1.86,1.78,1.89,1.77,1.86,4976953,4976953
SBUX,0.26,0.004087,0.4087,63.88,64.04,62.95,63.65,63.88,64.04,62.95,63.65,13080263,13080263
SNAP,-0.12,-0.01875,-1.875,6.28,6.31,5.84,6.2,6.28,6.31,5.84,6.2,30170276,30170276
BYND,0.0,0.0,0.0,0.0,0.0,0.0,0.0,0.0,0.0,0.0,0.0,0,0
FIZZ,-2.29,-0.028903,-2.8903,76.94,79.25,75.14,79.24,76.94,79.25,75.14,79.24,353102,353102
