symbol,change,changeOverTime,changePercent,close,high,low,open,uClose,uHigh,uLow,uOpen,uVolume,volume
NFLX,0.98,0.003396,0.3396,289.57,298.19,288.27,290.7,289.57,298.19,288.27,290.7,5928471,5928471
KSS,2.35,0.043206,4.3206,56.74,57.41,55.46,55.7,56.74,57.41,55.46,55.7,4944077,4944077
DECK,-0.93,-0.005706,-0.5706,162.06,167.14,160.82,164.09,162.06,167.14,160.82,164.09,587054,587054
AAPL,2.19,0.008513,0.8513,259.43,260.35,258.11,258.74,259.43,260.35,258.11,258.74,23735083,23735083
VFC,0.3,0.003484,0.3484,86.41,88.33,86.26,86.89,86.41,88.33,86.26,86.89,2335594,2335594
FB,-1.13,-0.005899,-0.5899,190.42,193.44,189.47,191.91,190.42,193.44,189.47,191.91,13472998,13472998
YRIV,-0.009,-0.029136,-2.9136,0.2999,0.309,0.279,0.309,0.2999,0.309,0.279,0.309,191268,191268
DEO,-0.44,-0.002741,-0.2741,160.07,160.84,159.28,160.84,160.07,160.84,159.28,160.84,235683,235683
LRLCF,-1.9,-0.006463,-0.6463,292.1,292.1,289.3,289.3,292.1,292.1,289.3,289.3,17,17
TIF,0.31,0.002486,0.2486,125.0,125.91,124.09,125.6,125.0,125.91,124.09,125.6,3914757,3914757
DIS,1.69,0.012874,1.2874,132.96,133.7,131.75,132.35,132.96,133.7,131.75,132.35,18047601,18047601
SPY,1.08,0.003517,0.3517,308.18,309.65,307.66,308.57,308.18,309.65,307.66,308.57,54272274,54272274
LB,0.13,0.007242,0.7242,18.08,18.3,17.86,18.15,18.08,18.3,17.86,18.15,5711655,5711655
TGT,0.08,0.000724,0.0724,110.59,111.86,110.34,111.62,110.59,111.86,110.34,111.62,3494344,3494344
TM,2.49,0.017739,1.7739,142.86,143.5,142.64,142.7,142.86,143.5,142.64,142.7,179985,179985
UAA,-0.58,-0.031921,-3.1921,17.59,18.57,17.39,18.44,17.59,18.57,17.39,18.44,8155147,8155147
PLNT,1.17,0.019012,1.9012,62.71,62.88,61.05,61.8,62.71,62.88,61.05,61.8,2659407,2659407
EL,0.08,0.000428,0.0428,187.14,189.08,186.36,187.69,187.14,189.08,186.36,187.69,1476606,1476606
LVMHF,2.0,0.004505,0.4505,446.0,448.0,445.63,446.9,446.0,448.0,445.63,446.9,786,786
LULU,2.08,0.010362,1.0362,202.82,203.55,200.9,202.0,202.82,203.55,200.9,202.0,1791363,1791363
ADDYY,3.16,0.021302,2.1302,151.5,152.48,151.23,152.03,151.5,152.48,151.23,152.03,57251,57251
SHMP,-0.0045,-0.040724,-4.0724,0.106,0.116,0.102,0.111,0.106,0.116,0.102,0.111,2136019,2136019
COTY,-0.02,-0.001536,-0.1536,13.0,13.14,12.81,13.14,13.0,13.14,12.81,13.14,7574365,7574365
GOOS,-1.89,-0.04684,-4.684,38.46,40.02,38.36,39.68,38.46,40.02,38.36,39.68,1540132,1540132
ETSY,-0.76,-0.017832,-1.7832,41.86,43.0,41.42,42.74,41.86,43.0,41.42,42.74,3467639,3467639
ULTA,-0.22,-0.000902,-0.0902,243.77,248.88,243.45,246.59,243.77,248.88,243.45,246.59,763208,763208
NKE,0.92,0.010282,1.0282,90.4,90.6,89.77,90.47,90.4,90.6,89.77,90.47,7110290,7110290
AVP,0.44,0.101852,10.1852,4.76,4.79,4.58,4.6,4.76,4.79,4.58,4.6,11348461,11348461
SBUX,-1.04,-0.012532,-1.2532,81.95,83.29,81.84,83.06,81.95,83.29,81.84,83.06,7221382,7221382
SNAP,-0.25,-0.017349,-1.7349,14.16,14.7,14.14,14.41,14.16,14.7,14.14,14.41,17196476,17196476
BYND,-1.74,-0.021553,-2.1553,78.99,81.19,77.22,81.1,78.99,81.19,77.22,81.1,6171218,6171218
FIZZ,-4.84,-0.107723,-10.7723,40.09,44.58,39.32,44.58,40.09,44.58,39.32,44.58,1252335,1252335
