symbol,change,changeOverTime,changePercent,close,high,low,open,uClose,uHigh,uLow,uOpen,uVolume,volume
NFLX,0,0,0,289.29,293.9,288.06,290.82,289.29,293.9,288.06,290.82,3684177,3684177
KSS,0,0,0,46.22,47.23,45.93,46.61,46.22,47.23,45.93,46.61,3201597,3201597
DECK,0,0,0,145.46,146.86,144.12,145.88,145.46,146.86,144.12,145.88,513987,513987
AAPL,0,0,0,205.7,206.98,204.22,206.43,205.7,206.98,204.22,206.43,20059574,20059574
VFC,0,0,0,80.95,81.84,80.25,81.31,80.95,81.84,80.25,81.31,1420822,1420822
FB,0,0,0,182.39,185.67,182.11,184.0,182.39,185.67,182.11,184.0,9792187,9792187
YRIV,0,0,0,0.565,0.675,0.525,0.66,0.565,0.675,0.525,0.66,695739,695739
DEO,0,0,0,174.72,175.42,173.39,173.61,174.72,175.42,173.39,173.61,376840,376840
LRLCF,0,0,0,278.45,278.45,278.45,278.45,278.45,278.45,278.45,278.45,108,108
TIF,0,0,0,82.49,84.39,81.61,84.0,82.49,84.39,81.61,84.0,2662887,2662887
DIS,0,0,0,136.31,136.42,135.06,136.37,136.31,136.42,135.06,136.37,5998686,5998686
SPY,0,0,0,290.74,291.58,289.27,290.57,290.74,291.58,289.27,290.57,69231875,69231875
LB,0,0,0,15.86,16.63,15.82,16.63,15.86,16.63,15.82,16.63,7289313,7289313
TGT,0,0,0,106.71,107.48,106.01,106.77,106.71,107.48,106.01,106.77,3992082,3992082
TM,0,0,0,131.57,131.86,131.18,131.4,131.57,131.86,131.18,131.4,97894,97894
UAA,0,0,0,18.56,18.61,18.24,18.61,18.56,18.61,18.24,18.61,3978549,3978549
PLNT,0,0,0,67.1,69.06,66.47,68.15,67.1,69.06,66.47,68.15,2367138,2367138
EL,0,0,0,199.49,199.61,196.6,196.76,199.49,199.61,196.6,196.76,2012239,2012239
LVMHF,0,0,0,388.0,392.35,388.0,392.35,388.0,392.35,388.0,392.35,137,137
LULU,0,0,0,179.54,184.26,178.26,183.53,179.54,184.26,178.26,183.53,2558651,2558651
ADDYY,0,0,0,148.89,148.89,148.0,148.46,148.89,148.89,148.0,148.46,36526,36526
SHMP,0,0,0,0.127,0.1425,0.115,0.1355,0.127,0.1425,0.115,0.1355,4703751,4703751
COTY,0,0,0,9.11,9.6,9.07,9.5,9.11,9.6,9.07,9.5,8929192,8929192
GOOS,0,0,0,36.5,37.32,35.98,36.79,36.5,37.32,35.98,36.79,1105966,1105966
ETSY,0,0,0,50.3,52.33,49.64,51.85,50.3,52.33,49.64,51.85,2679405,2679405
ULTA,0,0,0,237.41,244.21,231.02,234.05,237.41,244.21,231.02,234.05,5435457,5435457
NKE,0,0,0,84.67,84.83,83.62,84.0,84.67,84.83,83.62,84.0,6360877,6360877
AVP,0,0,0,4.19,4.35,4.12,4.29,4.19,4.35,4.12,4.29,8930251,8930251
SBUX,0,0,0,96.77,97.21,96.05,96.42,96.77,97.21,96.05,96.42,5150830,5150830
SNAP,0,0,0,15.93,16.4,15.57,16.09,15.93,16.4,15.57,16.09,30209466,30209466
BYND,0,0,0,163.15,169.31,162.21,167.63,163.15,169.31,162.21,167.63,2435860,2435860
FIZZ,0,0,0,41.52,41.55,39.4,40.55,41.52,41.55,39.4,40.55,454444,454444
