symbol,change,changeOverTime,changePercent,close,high,low,open,uClose,uHigh,uLow,uOpen,uVolume,volume
NFLX,0,0,0,361.92,365.0,355.32,355.8,361.92,365.0,355.32,355.8,7396559,7396559
KSS,0,0,0,66.24,66.61,65.69,65.99,66.24,66.61,65.69,65.99,3090911,3090911
DECK,0,0,0,145.61,146.56,145.11,146.22,145.61,146.56,145.11,146.22,527863,527863
AAPL,0,0,0,170.93,171.44,169.49,169.71,170.93,171.44,169.49,169.71,18972826,18972826
VFC,0,0,0,86.73,87.02,86.03,86.32,86.73,87.02,86.03,86.32,1814786,1814786
FB,0,0,0,162.29,164.15,160.33,160.5,162.29,164.15,160.33,160.5,14345390,14345390
DEO,0,0,0,157.29,157.94,157.06,157.92,157.29,157.94,157.06,157.92,419345,419345
LRLCF,0,0,0,251.15,254.69,250.95,254.69,251.15,254.69,250.95,254.69,200,200
TIF,0,0,0,90.38,90.72,89.39,90.49,90.38,90.72,89.39,90.49,1095555,1095555
DIS,0,0,0,113.51,113.77,112.83,112.91,113.51,113.77,112.83,112.91,8169630,8169630
SPY,0,0,0,277.85,278.58,276.47,276.48,277.85,278.58,276.47,276.48,59120804,59120804
LB,0,0,0,27.5,27.52,26.72,27.29,27.5,27.52,26.72,27.29,3324009,3324009
TGT,0,0,0,73.3,73.71,72.02,72.93,73.3,73.71,72.02,72.93,6867952,6867952
TM,0,0,0,121.49,121.77,120.52,120.52,121.49,121.77,120.52,120.52,104107,104107
UAA,0,0,0,21.36,21.52,20.93,21.05,21.36,21.52,20.93,21.05,5321464,5321464
PLNT,0,0,0,58.57,59.87,58.56,59.0,58.57,59.87,58.56,59.0,1089975,1089975
EL,0,0,0,155.4,155.85,152.37,154.32,155.4,155.85,152.37,154.32,1514507,1514507
LVMHF,0,0,0,338.5,339.08,333.2,333.93,338.5,339.08,333.2,333.93,377,377
LULU,0,0,0,147.57,149.8,145.53,149.18,147.57,149.8,145.53,149.18,2451490,2451490
ADDYY,0,0,0,114.55,114.93,113.05,113.15,114.55,114.93,113.05,113.15,48667,48667
COTY,0,0,0,11.04,11.11,10.87,11.03,11.04,11.11,10.87,11.03,10020036,10020036
GOOS,0,0,0,54.15,54.18,49.71,50.11,54.15,54.18,49.71,50.11,4703063,4703063
ETSY,0,0,0,55.28,55.84,54.23,54.4,55.28,55.84,54.23,54.4,1440256,1440256
ULTA,0,0,0,304.65,305.82,299.76,304.1,304.65,305.82,299.76,304.1,1038415,1038415
NKE,0,0,0,84.57,85.05,84.46,84.58,84.57,85.05,84.46,84.58,5105894,5105894
AVP,0,0,0,2.83,2.87,2.6,2.61,2.83,2.87,2.6,2.61,9747389,9747389
SBUX,0,0,0,70.2,70.6,69.78,70.46,70.2,70.6,69.78,70.46,9208382,9208382
SNAP,0,0,0,9.28,9.34,9.05,9.05,9.28,9.34,9.05,9.05,22961347,22961347
BYND,0,0,0,0.0,0.0,0.0,0.0,0.0,0.0,0.0,0.0,0,0
FIZZ,0,0,0,72.21,74.5,71.94,74.25,72.21,74.5,71.94,74.25,379471,379471
