symbol,change,changeOverTime,changePercent,close,high,low,open,uClose,uHigh,uLow,uOpen,uVolume,volume
NFLX,6.5,0.018539,1.8539,357.12,361.5,353.75,355.57,357.12,361.5,353.75,355.57,5428542,5428542
KSS,-0.05,-0.001053,-0.1053,47.42,48.39,47.09,47.59,47.42,48.39,47.09,47.59,3907502,3907502
DECK,1.67,0.009645,0.9645,174.82,176.12,173.44,173.97,174.82,176.12,173.44,173.97,286721,286721
AAPL,4.56,0.023518,2.3518,198.45,200.29,195.21,196.05,198.45,200.29,195.21,196.05,26551004,26551004
VFC,1.12,0.012847,1.2847,88.3,88.64,87.5,87.79,88.3,88.64,87.5,87.79,1827860,1827860
FB,-0.54,-0.002857,-0.2857,188.47,194.53,187.28,194.0,188.47,194.53,187.28,194.0,37571352,37571352
DEO,-0.42,-0.002461,-0.2461,170.25,172.95,169.95,172.86,170.25,172.95,169.95,172.86,303569,303569
LRLCF,3.4,0.012168,1.2168,282.4,286.65,282.15,286.65,282.4,286.65,282.15,286.65,660,660
TIF,0.61,0.006672,0.6672,92.04,93.0,91.75,91.97,92.04,93.0,91.75,91.97,2499862,2499862
DIS,-1.73,-0.012272,-1.2272,139.24,143.51,138.97,141.99,139.24,143.51,138.97,141.99,11231406,11231406
SPY,3.03,0.010471,1.0471,292.4,293.57,290.99,291.39,292.4,293.57,290.99,291.39,85434823,85434823
LB,0.33,0.014647,1.4647,22.86,23.44,22.58,22.63,22.86,23.44,22.58,22.63,5153855,5153855
TGT,-0.67,-0.007689,-0.7689,86.47,87.61,86.28,87.51,86.47,87.61,86.28,87.51,4389069,4389069
TM,1.2,0.009664,0.9664,125.37,125.49,124.7,124.81,125.37,125.49,124.7,124.81,120694,120694
UAA,0.58,0.021731,2.1731,27.27,27.5,26.83,26.87,27.27,27.5,26.83,26.87,4564337,4564337
PLNT,-0.68,-0.008405,-0.8405,80.22,81.9,79.44,81.68,80.22,81.9,79.44,81.68,1096273,1096273
EL,1.52,0.008558,0.8558,179.14,179.97,178.27,179.95,179.14,179.97,178.27,179.95,1541929,1541929
LVMHF,11.92,0.029646,2.9646,414.0,414.4,411.63,411.63,414.0,414.4,411.63,411.63,216,216
LULU,4.69,0.025581,2.5581,188.03,188.8,184.45,185.57,188.03,188.8,184.45,185.57,3034139,3034139
ADDYY,5.49,0.037147,3.7147,153.28,153.64,151.08,151.15,153.28,153.64,151.08,151.15,19489,19489
COTY,0.12,0.008817,0.8817,13.73,13.79,13.59,13.69,13.73,13.79,13.59,13.69,2257486,2257486
GOOS,0.72,0.019906,1.9906,36.89,37.36,36.03,36.22,36.89,37.36,36.03,36.22,1176194,1176194
ETSY,-1.51,-0.022057,-2.2057,66.95,69.66,65.94,69.0,66.95,69.66,65.94,69.0,2433368,2433368
ULTA,-2.98,-0.00851,-0.851,347.21,354.09,345.9,352.58,347.21,354.09,345.9,352.58,617834,617834
NKE,2.19,0.026672,2.6672,84.3,84.65,82.5,82.7,84.3,84.65,82.5,82.7,6456476,6456476
AVP,0.0,0.0,0.0,3.85,3.92,3.82,3.88,3.85,3.92,3.82,3.88,10375227,10375227
SBUX,-0.1,-0.001205,-0.1205,82.92,84.11,82.89,83.55,82.92,84.11,82.89,83.55,10582586,10582586
SNAP,1.31,0.096679,9.6679,14.86,14.98,14.12,14.14,14.86,14.98,14.12,14.14,56473196,56473196
BYND,-0.07,-0.000412,-0.0412,169.89,201.88,160.7,200.0,169.89,201.88,160.7,200.0,23966910,23966910
FIZZ,-0.86,-0.019107,-1.9107,44.15,45.61,43.97,45.08,44.15,45.61,43.97,45.08,326341,326341
