symbol,change,changeOverTime,changePercent,close,high,low,open,uClose,uHigh,uLow,uOpen,uVolume,volume
NFLX,11.61,0.038154,3.8154,315.9,316.36,306.63,311.03,315.9,316.36,306.63,311.03,5905865,5905865
KSS,-0.41,-0.008109,-0.8109,50.15,51.32,49.81,50.59,50.15,51.32,49.81,50.59,4356667,4356667
DECK,0.98,0.006617,0.6617,149.08,150.5,148.07,148.82,149.08,150.5,148.07,148.82,865791,865791
AAPL,4.39,0.022056,2.2056,203.43,203.53,199.39,200.2,203.43,203.53,199.39,200.2,27009523,27009523
VFC,1.92,0.023492,2.3492,83.65,83.67,81.93,82.3,83.65,83.67,81.93,82.3,1289734,1289734
FB,5.01,0.027059,2.7059,190.16,190.34,184.05,186.62,190.16,190.34,184.05,186.62,14828916,14828916
YRIV,0.108,0.257143,25.7143,0.528,0.5367,0.41,0.42,0.528,0.5367,0.41,0.42,2497613,2497613
DEO,-1.34,-0.008125,-0.8125,163.58,163.89,160.99,161.21,163.58,163.89,160.99,161.21,361977,361977
LRLCF,7.5,0.028879,2.8879,267.2,267.4,265.0,265.1,267.2,267.4,265.0,265.1,67,67
TIF,2.32,0.026114,2.6114,91.16,91.35,89.24,89.42,91.16,91.35,89.24,89.42,1161693,1161693
DIS,3.03,0.022468,2.2468,137.89,138.0,136.01,137.9,137.89,138.0,136.01,137.9,14054758,14054758
SPY,5.65,0.01962,1.962,293.62,293.62,289.01,289.62,293.62,293.62,289.01,289.62,87713904,87713904
LB,-0.07,-0.002947,-0.2947,23.68,23.94,23.3,23.89,23.68,23.94,23.3,23.89,3671216,3671216
TGT,0.79,0.009517,0.9517,83.8,84.62,82.98,83.73,83.8,84.62,82.98,83.73,4464131,4464131
TM,1.13,0.008813,0.8813,129.35,129.59,128.04,128.49,129.35,129.59,128.04,128.49,106387,106387
UAA,0.15,0.007167,0.7167,21.08,21.19,20.69,21.15,21.08,21.19,20.69,21.15,4250384,4250384
PLNT,3.1,0.042907,4.2907,75.35,75.47,72.31,72.8,75.35,75.47,72.31,72.8,1281336,1281336
EL,3.84,0.021031,2.1031,186.43,187.45,182.74,183.23,186.43,187.45,182.74,183.23,1310630,1310630
LVMHF,5.53,0.013639,1.3639,410.98,413.5,409.32,409.32,410.98,413.5,409.32,409.32,233,233
LULU,4.99,0.027514,2.7514,186.35,186.88,182.26,182.6,186.35,186.88,182.26,182.6,1481180,1481180
ADDYY,-5.5,-0.035472,-3.5472,149.61,150.29,142.79,150.29,149.61,150.29,142.79,150.29,72926,72926
SHMP,0.0067,0.08375,8.375,0.0867,0.089,0.046,0.051,0.0867,0.089,0.046,0.051,10808616,10808616
COTY,-0.02,-0.001916,-0.1916,10.42,10.64,10.41,10.48,10.42,10.64,10.41,10.48,3888000,3888000
GOOS,1.63,0.037775,3.7775,44.78,44.98,43.28,43.48,44.78,44.98,43.28,43.48,727536,727536
ETSY,1.98,0.035319,3.5319,58.04,58.85,56.09,56.55,58.04,58.85,56.09,56.55,3183090,3183090
ULTA,9.36,0.027235,2.7235,353.04,355.36,344.76,345.18,353.04,355.36,344.76,345.18,588157,588157
NKE,1.72,0.021161,2.1161,83.0,83.36,81.61,81.81,83.0,83.36,81.61,81.81,6208980,6208980
AVP,0.06,0.013825,1.3825,4.4,4.45,4.3,4.35,4.4,4.45,4.3,4.35,8206235,8206235
SBUX,1.05,0.011027,1.1027,96.27,96.41,94.44,95.23,96.27,96.41,94.44,95.23,7423616,7423616
SNAP,0.85,0.053426,5.3426,16.76,16.82,15.9,16.1,16.76,16.82,15.9,16.1,35592717,35592717
BYND,-4.3,-0.025749,-2.5749,162.7,168.68,158.0,168.57,162.7,168.68,158.0,168.57,5106005,5106005
FIZZ,1.63,0.037995,3.7995,44.53,44.59,42.85,43.14,44.53,44.59,42.85,43.14,395439,395439
