symbol,change,changeOverTime,changePercent,close,high,low,open,uClose,uHigh,uLow,uOpen,uVolume,volume
NFLX,8.27,0.022319,2.2319,378.81,385.99,373.17,374.0,378.81,385.99,373.17,374.0,9257284,9257284
KSS,-1.34,-0.018847,-1.8847,69.76,71.58,69.75,71.15,69.76,71.58,69.75,71.15,2794074,2794074
DECK,-1.65,-0.010429,-1.0429,156.56,158.42,156.25,158.15,156.56,158.42,156.25,158.15,434774,434774
AAPL,9.85,0.049086,4.9086,210.52,215.31,209.23,209.88,210.52,215.31,209.23,209.88,64827328,64827328
VFC,-1.4,-0.014829,-1.4829,93.01,94.5,92.98,94.38,93.01,94.5,92.98,94.38,1090621,1090621
FB,-0.37,-0.001913,-0.1913,193.03,196.18,193.01,194.78,193.03,196.18,193.01,194.78,15996646,15996646
DEO,-1.48,-0.008776,-0.8776,167.16,169.53,167.12,169.53,167.16,169.53,167.12,169.53,306361,306361
LRLCF,0.6,0.002196,0.2196,273.8,276.9,273.8,276.9,273.8,276.9,273.8,276.9,124,124
TIF,-1.49,-0.013819,-1.3819,106.33,108.85,106.19,107.8,106.33,108.85,106.19,107.8,906631,906631
DIS,-0.59,-0.004308,-0.4308,136.38,138.17,136.24,137.49,136.38,138.17,136.24,137.49,8906731,8906731
SPY,-2.21,-0.007516,-0.7516,291.81,294.95,291.8,294.72,291.81,294.95,291.8,294.72,71671870,71671870
LB,-0.72,-0.028081,-2.8081,24.92,25.76,24.91,25.67,24.92,25.76,24.91,25.67,3291569,3291569
TGT,-1.75,-0.022604,-2.2604,75.67,78.04,75.62,77.8,75.67,78.04,75.62,77.8,5463155,5463155
TM,-0.68,-0.005502,-0.5502,122.92,123.95,122.79,123.95,122.92,123.95,122.79,123.95,94451,94451
UAA,-1.05,-0.045474,-4.5474,22.04,23.3,21.98,23.16,22.04,23.3,21.98,23.16,7976126,7976126
PLNT,-0.32,-0.004227,-0.4227,75.38,76.48,75.31,76.28,75.38,76.48,75.31,76.28,1206773,1206773
EL,-1.51,-0.008789,-0.8789,170.3,180.2,169.83,179.99,170.3,180.2,169.83,179.99,3355144,3355144
LVMHF,-1.9,-0.004825,-0.4825,391.86,394.3,390.25,390.25,391.86,394.3,390.25,390.25,300,300
LULU,-0.68,-0.003856,-0.3856,175.67,178.27,175.58,176.23,175.67,178.27,175.58,176.23,1306986,1306986
ADDYY,-1.11,-0.008635,-0.8635,127.43,129.05,126.95,129.05,127.43,129.05,126.95,129.05,19337,19337
COTY,0.02,0.001848,0.1848,10.84,10.99,10.74,10.89,10.84,10.99,10.74,10.89,29102354,29102354
GOOS,-1.64,-0.030717,-3.0717,51.75,53.65,51.75,53.44,51.75,53.65,51.75,53.44,822514,822514
ETSY,-0.75,-0.011105,-1.1105,66.79,68.72,66.74,68.09,66.79,68.72,66.74,68.09,1672027,1672027
ULTA,-14.04,-0.040232,-4.0232,334.94,348.33,334.65,347.81,334.94,348.33,334.65,347.81,1151636,1151636
NKE,-1.93,-0.021974,-2.1974,85.9,87.95,85.87,87.73,85.9,87.95,85.87,87.73,6524576,6524576
AVP,-0.03,-0.009434,-0.9434,3.15,3.23,3.12,3.16,3.15,3.23,3.12,3.16,8633705,8633705
SBUX,-0.16,-0.00206,-0.206,77.52,78.15,77.37,77.67,77.52,78.15,77.37,77.67,6678194,6678194
SNAP,0.06,0.005386,0.5386,11.2,11.36,11.14,11.2,11.2,11.36,11.14,11.2,13589920,13589920
BYND,0.0,0.0,0.0,0.0,0.0,0.0,0.0,0.0,0.0,0.0,0.0,0,0
FIZZ,-0.88,-0.015714,-1.5714,55.12,56.4,55.07,55.85,55.12,56.4,55.07,55.85,584459,584459
