symbol,change,changeOverTime,changePercent,close,high,low,open,uClose,uHigh,uLow,uOpen,uVolume,volume
NFLX,-10.39,-0.033583,-3.3583,298.99,305.0,297.68,304.57,298.99,305.0,297.68,304.57,7352162,7352162
KSS,-3.32,-0.06888,-6.888,44.88,48.37,44.79,47.63,44.88,48.37,44.79,47.63,14909460,14909460
DECK,-0.31,-0.002251,-0.2251,137.43,138.5,136.09,136.8,137.43,138.5,136.09,136.8,388269,388269
AAPL,0.01,4.8e-05,0.0048,210.36,213.35,210.32,210.88,210.36,213.35,210.32,210.88,26919529,26919529
VFC,-0.09,-0.001125,-0.1125,79.9,80.1,79.51,79.71,79.9,80.1,79.51,79.71,1390869,1390869
FB,-2.36,-0.012677,-1.2677,183.81,186.0,182.39,185.45,183.81,186.0,182.39,185.45,10087592,10087592
YRIV,0.0,0.0,0.0,0.61,0.0,0.0,0.0,0.61,0.0,0.0,0.0,0,0
DEO,-0.16,-0.000959,-0.0959,166.7,168.38,166.52,168.19,166.7,168.38,166.52,168.19,482616,482616
LRLCF,-4.8,-0.018093,-1.8093,260.5,260.5,260.5,260.5,260.5,260.5,260.5,260.5,25,25
TIF,0.17,0.002071,0.2071,82.26,82.73,81.16,81.62,82.26,82.73,81.16,81.62,1756538,1756538
DIS,-0.16,-0.001183,-0.1183,135.13,136.04,133.26,133.33,135.13,136.04,133.26,133.33,8628920,8628920
SPY,-2.24,-0.007663,-0.7663,290.09,292.36,289.95,291.77,290.09,292.36,289.95,291.77,51652752,51652752
LB,-0.31,-0.015324,-1.5324,19.92,20.22,19.83,20.11,19.92,20.22,19.83,20.11,5079422,5079422
TGT,-1.05,-0.012128,-1.2128,85.53,87.12,85.53,86.23,85.53,87.12,85.53,86.23,8826659,8826659
TM,-0.61,-0.004705,-0.4705,129.03,129.7,128.95,129.48,129.03,129.7,128.95,129.48,73816,73816
UAA,-0.22,-0.011721,-1.1721,18.55,18.76,18.28,18.61,18.55,18.76,18.28,18.61,4220005,4220005
PLNT,-2.54,-0.036552,-3.6552,66.95,69.39,66.88,69.35,66.95,69.39,66.88,69.35,1424372,1424372
EL,0.55,0.002727,0.2727,202.2,206.0,198.61,199.39,202.2,206.0,198.61,199.39,3406868,3406868
LVMHF,1.1,0.002793,0.2793,395.0,395.31,392.36,394.4,395.0,395.31,392.36,394.4,46,46
LULU,1.0,0.005597,0.5597,179.67,180.6,177.24,178.84,179.67,180.6,177.24,178.84,1039194,1039194
ADDYY,1.12,0.007786,0.7786,144.96,145.25,144.0,144.58,144.96,145.25,144.0,144.58,21448,21448
SHMP,-0.0155,-0.125506,-12.5506,0.108,0.125,0.105,0.1249,0.108,0.125,0.105,0.1249,3397763,3397763
COTY,-0.38,-0.041349,-4.1349,8.81,9.09,8.71,9.08,8.81,9.09,8.71,9.08,8547906,8547906
GOOS,0.22,0.005682,0.5682,38.94,39.66,38.25,38.5,38.94,39.66,38.25,38.5,1026129,1026129
ETSY,0.48,0.009159,0.9159,52.89,53.37,51.75,52.43,52.89,53.37,51.75,52.43,2168428,2168428
ULTA,-2.17,-0.006672,-0.6672,323.08,328.28,320.51,325.17,323.08,328.28,320.51,325.17,475818,475818
NKE,-0.6,-0.007396,-0.7396,80.53,81.23,79.45,80.72,80.53,81.23,79.45,80.72,5903126,5903126
AVP,-0.1,-0.023923,-2.3923,4.08,4.16,4.05,4.14,4.08,4.16,4.05,4.14,4387931,4387931
SBUX,-1.03,-0.010656,-1.0656,95.63,97.12,95.59,96.35,95.63,97.12,95.59,96.35,6809918,6809918
SNAP,-0.08,-0.00495,-0.495,16.08,16.44,15.95,15.99,16.08,16.44,15.95,15.99,17837393,17837393
BYND,9.46,0.065463,6.5463,153.97,158.2,151.53,155.0,153.97,158.2,151.53,155.0,7059305,7059305
FIZZ,-0.09,-0.002075,-0.2075,43.28,43.77,42.24,43.43,43.28,43.77,42.24,43.43,210216,210216
