symbol,change,changeOverTime,changePercent,close,high,low,open,uClose,uHigh,uLow,uOpen,uVolume,volume
NFLX,0,0,0,381.72,381.99,375.84,376.69,381.72,381.99,375.84,376.69,3799009,3799009
KSS,0,0,0,47.52,48.12,47.01,47.19,47.52,48.12,47.01,47.19,2159599,2159599
DECK,0,0,0,176.08,176.34,172.1,174.19,176.08,176.34,172.1,174.19,223152,223152
AAPL,0,0,0,204.41,204.44,202.69,203.28,204.41,204.44,202.69,203.28,11362045,11362045
VFC,0,0,0,87.94,88.19,86.91,87.08,87.94,88.19,86.91,87.08,975325,975325
FB,0,0,0,197.2,197.4,194.16,194.16,197.2,197.4,194.16,194.16,10246119,10246119
DEO,0,0,0,175.53,176.07,175.01,175.1,175.53,176.07,175.01,175.1,148031,148031
LRLCF,0,0,0,289.5,291.7,289.15,291.6,289.5,291.7,289.15,291.6,3216,3216
TIF,0,0,0,93.6,94.78,91.69,92.67,93.6,94.78,91.69,92.67,1126401,1126401
DIS,0,0,0,142.98,143.0,142.0,142.7,142.98,143.0,142.0,142.7,4150852,4150852
SPY,0,0,0,298.8,298.82,297.02,297.18,298.8,298.82,297.02,297.18,40898896,40898896
LB,0,0,0,27.29,27.31,26.29,26.39,27.29,27.31,26.29,26.39,2152093,2152093
TGT,0,0,0,87.9,87.98,87.42,87.5,87.9,87.98,87.42,87.5,1532928,1532928
TM,0,0,0,126.83,127.43,126.23,126.87,126.83,127.43,126.23,126.87,72058,72058
UAA,0,0,0,25.93,25.96,25.44,25.7,25.93,25.96,25.44,25.7,2365736,2365736
PLNT,0,0,0,76.94,77.25,75.62,76.12,76.94,77.25,75.62,76.12,745957,745957
EL,0,0,0,186.03,186.88,183.02,184.21,186.03,186.88,183.02,184.21,650000,650000
LVMHF,0,0,0,429.58,429.58,427.82,428.85,429.58,429.58,427.82,428.85,3361,3361
LULU,0,0,0,183.99,184.47,180.8,181.51,183.99,184.47,180.8,181.51,1178847,1178847
ADDYY,0,0,0,157.63,157.85,157.09,157.33,157.63,157.85,157.09,157.33,20351,20351
COTY,0,0,0,11.67,11.78,11.53,11.62,11.67,11.78,11.53,11.62,3231639,3231639
GOOS,0,0,0,39.91,40.02,39.62,39.84,39.91,40.02,39.62,39.84,409820,409820
ETSY,0,0,0,64.28,64.52,62.55,62.55,64.28,64.52,62.55,62.55,1028865,1028865
ULTA,0,0,0,345.43,346.0,341.21,343.65,345.43,346.0,341.21,343.65,330025,330025
NKE,0,0,0,86.2,86.29,85.12,85.33,86.2,86.29,85.12,85.33,4012837,4012837
AVP,0,0,0,3.9,3.94,3.85,3.9,3.9,3.94,3.85,3.9,6254599,6254599
SBUX,0,0,0,87.79,87.82,85.98,86.04,87.79,87.82,85.98,86.04,7818552,7818552
SNAP,0,0,0,14.76,14.77,14.08,14.1,14.76,14.77,14.08,14.1,15065242,15065242
BYND,0,0,0,151.5,154.0,148.7,151.0,151.5,154.0,148.7,151.0,2261049,2261049
FIZZ,0,0,0,45.56,45.95,44.42,44.67,45.56,45.95,44.42,44.67,184944,184944
