symbol,change,changeOverTime,changePercent,close,high,low,open,uClose,uHigh,uLow,uOpen,uVolume,volume
NFLX,10.16,0.039907,3.9907,264.75,266.6,253.7,255.71,264.75,266.6,253.7,255.71,11846748,11846748
KSS,0.6,0.0122,1.22,49.78,50.18,49.09,49.18,49.78,50.18,49.09,49.18,1776895,1776895
DECK,1.38,0.010374,1.0374,134.4,135.94,131.73,134.03,134.4,135.94,131.73,134.03,476418,476418
AAPL,3.35,0.01539,1.539,221.03,221.5,217.14,218.55,221.03,221.5,217.14,218.55,22481006,22481006
VFC,0.58,0.00671,0.671,87.02,88.11,86.67,87.33,87.02,88.11,86.67,87.33,1481055,1481055
FB,1.52,0.008385,0.8385,182.8,183.42,177.87,181.45,182.8,183.42,177.87,181.45,18339960,18339960
YRIV,0.1104,0.175545,17.5545,0.7393,0.8,0.64,0.64,0.7393,0.8,0.64,0.64,2130003,2130003
DEO,-1.49,-0.009182,-0.9182,160.78,161.24,160.02,160.89,160.78,161.24,160.02,160.89,459067,459067
LRLCF,-4.26,-0.01544,-1.544,271.64,271.65,269.15,270.2,271.64,271.65,269.15,270.2,78,78
TIF,1.18,0.01299,1.299,92.02,92.31,90.49,90.62,92.02,92.31,90.49,90.62,1357388,1357388
DIS,1.12,0.008487,0.8487,133.09,133.42,131.22,131.79,133.09,133.42,131.22,131.79,6613058,6613058
SPY,1.75,0.005915,0.5915,297.62,298.11,294.33,295.96,297.62,298.11,294.33,295.96,73434081,73434081
LB,0.1,0.005426,0.5426,18.53,18.94,18.43,18.51,18.53,18.94,18.43,18.51,3995958,3995958
TGT,-0.65,-0.006049,-0.6049,106.8,108.13,106.62,107.07,106.8,108.13,106.62,107.07,3957193,3957193
TM,-0.79,-0.005749,-0.5749,136.62,136.93,135.57,136.35,136.62,136.93,135.57,136.35,166019,166019
UAA,0.19,0.009794,0.9794,19.59,19.98,19.35,19.4,19.59,19.98,19.35,19.4,3796938,3796938
PLNT,-0.99,-0.016045,-1.6045,60.71,62.2,60.17,61.62,60.71,62.2,60.17,61.62,1091432,1091432
EL,-1.62,-0.008308,-0.8308,193.38,195.83,192.69,195.0,193.38,195.83,192.69,195.0,1124124,1124124
LVMHF,-6.14,-0.015193,-1.5193,397.99,399.2,394.2,399.2,397.99,399.2,394.2,399.2,435,435
LULU,-0.83,-0.004282,-0.4282,193.02,195.1,190.57,193.94,193.02,195.1,190.57,193.94,1376055,1376055
ADDYY,-2.81,-0.018651,-1.8651,147.85,149.71,147.64,149.71,147.85,149.71,147.64,149.71,35667,35667
SHMP,-0.0151,-0.083842,-8.3842,0.165,0.189,0.165,0.185,0.165,0.189,0.165,0.185,1984206,1984206
COTY,0.07,0.006718,0.6718,10.49,10.55,10.41,10.46,10.49,10.55,10.41,10.46,1954030,1954030
GOOS,0.75,0.017756,1.7756,42.99,43.3,42.26,42.37,42.99,43.3,42.26,42.37,647039,647039
ETSY,-1.9,-0.033392,-3.3392,55.0,56.93,54.6,56.64,55.0,56.93,54.6,56.64,6619823,6619823
ULTA,-3.94,-0.016452,-1.6452,235.54,239.43,233.28,238.75,235.54,239.43,233.28,238.75,1421394,1421394
NKE,3.63,0.041638,4.1638,90.81,92.79,90.15,91.78,90.81,92.79,90.15,91.78,25406829,25406829
AVP,-0.06,-0.013015,-1.3015,4.55,4.64,4.49,4.59,4.55,4.64,4.49,4.59,4493797,4493797
SBUX,0.43,0.004782,0.4782,90.35,90.61,89.02,89.94,90.35,90.61,89.02,89.94,5263768,5263768
SNAP,0.07,0.004108,0.4108,17.11,17.21,16.48,17.21,17.11,17.21,16.48,17.21,29375758,29375758
BYND,-4.67,-0.03266,-3.266,138.32,142.9,133.08,139.3,138.32,142.9,133.08,139.3,2534585,2534585
FIZZ,0.54,0.012405,1.2405,44.07,44.5,43.51,43.78,44.07,44.5,43.51,43.78,231521,231521
