symbol,change,changeOverTime,changePercent,close,high,low,open,uClose,uHigh,uLow,uOpen,uVolume,volume
NFLX,-2.94,-0.00902,-0.902,322.99,331.77,318.53,325.16,322.99,331.77,318.53,325.16,6259494,6259494
KSS,0.56,0.010507,1.0507,53.86,54.86,52.93,53.31,53.86,54.86,52.93,53.31,5720340,5720340
DECK,0.68,0.00437,0.437,156.28,157.69,154.17,155.67,156.28,157.69,154.17,155.67,617517,617517
AAPL,4.26,0.020404,2.0404,213.04,221.37,211.3,216.42,213.04,221.37,211.3,216.42,69281361,69281361
VFC,-0.77,-0.008734,-0.8734,87.39,88.27,86.72,88.08,87.39,88.27,86.72,88.08,1662875,1662875
FB,-2.81,-0.014261,-1.4261,194.23,198.76,192.68,196.95,194.23,198.76,192.68,196.95,14593544,14593544
DEO,-1.26,-0.007494,-0.7494,166.88,168.62,165.8,167.48,166.88,168.62,165.8,167.48,312690,312690
LRLCF,-1.2,-0.004458,-0.4458,267.95,271.15,267.95,271.15,267.95,271.15,267.95,271.15,156,156
TIF,-0.2,-0.002125,-0.2125,93.92,95.56,93.09,94.08,93.92,95.56,93.09,94.08,1491481,1491481
DIS,-1.92,-0.013248,-1.3248,143.01,145.0,142.34,144.99,143.01,145.0,142.34,144.99,9710669,9710669
SPY,-3.29,-0.01094,-1.094,297.43,301.2,295.2,300.99,297.43,301.2,295.2,300.99,104245162,104245162
LB,0.2,0.007767,0.7767,25.95,26.19,25.56,25.66,25.95,26.19,25.56,25.66,4695015,4695015
TGT,-0.48,-0.005525,-0.5525,86.4,87.51,85.83,86.83,86.4,87.51,85.83,86.83,4470584,4470584
TM,-2.08,-0.015862,-1.5862,129.05,129.89,128.38,129.46,129.05,129.89,128.38,129.46,203243,203243
UAA,-1.01,-0.041944,-4.1944,23.07,24.08,22.84,23.83,23.07,24.08,22.84,23.83,9407939,9407939
PLNT,-0.04,-0.000508,-0.0508,78.66,79.46,77.86,78.47,78.66,79.46,77.86,78.47,823704,823704
EL,-4.79,-0.025347,-2.5347,184.19,188.74,182.1,188.52,184.19,188.74,182.1,188.52,1925695,1925695
LVMHF,1.49,0.003577,0.3577,418.0,420.1,409.5,418.7,418.0,420.1,409.5,418.7,315,315
LULU,-0.68,-0.003546,-0.3546,191.09,194.25,189.04,191.0,191.09,194.25,189.04,191.0,1256831,1256831
ADDYY,3.92,0.025203,2.5203,159.46,161.66,159.35,159.43,159.46,161.66,159.35,159.43,57517,57517
COTY,-0.28,-0.025022,-2.5022,10.91,11.2,10.74,11.16,10.91,11.2,10.74,11.16,7365816,7365816
GOOS,0.37,0.007971,0.7971,46.79,46.95,46.03,46.52,46.79,46.95,46.03,46.52,803624,803624
ETSY,-0.98,-0.014412,-1.4412,67.02,68.59,66.0,68.04,67.02,68.59,66.0,68.04,1957070,1957070
ULTA,0.62,0.001778,0.1778,349.25,354.0,344.37,347.62,349.25,354.0,344.37,347.62,521277,521277
NKE,-1.17,-0.013417,-1.3417,86.03,87.27,85.55,87.09,86.03,87.27,85.55,87.09,5818168,5818168
AVP,0.12,0.029056,2.9056,4.25,4.29,4.12,4.12,4.25,4.29,4.12,4.12,15086753,15086753
SBUX,-1.96,-0.020279,-2.0279,94.69,96.65,93.5,96.65,94.69,96.65,93.5,96.65,9912147,9912147
SNAP,-0.13,-0.007679,-0.7679,16.8,17.32,16.48,16.98,16.8,17.32,16.48,16.98,30566771,30566771
BYND,1.75,0.008985,0.8985,196.51,207.0,193.5,195.76,196.51,207.0,193.5,195.76,11930614,11930614
FIZZ,0.31,0.007173,0.7173,43.53,44.17,42.82,43.27,43.53,44.17,42.82,43.27,288370,288370
