symbol,change,changeOverTime,changePercent,close,high,low,open,uClose,uHigh,uLow,uOpen,uVolume,volume
NFLX,1.95,0.005499,0.5499,356.56,358.25,353.71,357.16,356.56,358.25,353.71,357.16,4705636,4705636
KSS,-0.29,-0.004199,-0.4199,68.77,69.68,68.42,69.53,68.77,69.68,68.42,69.53,2669105,2669105
DECK,0.01,6.8e-05,0.0068,146.99,148.19,145.59,147.79,146.99,148.19,145.59,147.79,382447,382447
AAPL,1.23,0.006518,0.6518,189.95,190.08,188.54,189.83,189.95,190.08,188.54,189.83,23563961,23563961
VFC,-0.25,-0.002868,-0.2868,86.91,87.7,86.48,87.28,86.91,87.7,86.48,87.28,1503767,1503767
FB,1.14,0.006886,0.6886,166.69,167.19,164.81,166.39,166.69,167.19,164.81,166.39,13455454,13455454
DEO,-0.19,-0.00116,-0.116,163.61,163.93,163.07,163.75,163.61,163.93,163.07,163.75,267490,267490
LRLCF,-0.1088,-0.000403,-0.0403,269.79,269.79,269.25,269.25,269.79,269.79,269.25,269.25,250,250
TIF,0.76,0.007253,0.7253,105.55,105.9,104.31,105.11,105.55,105.9,104.31,105.11,2855595,2855595
DIS,0.32,0.00289,0.289,111.03,111.6,110.39,111.56,111.03,111.6,110.39,111.56,16358761,16358761
SPY,1.77,0.006305,0.6305,282.48,282.84,281.14,282.39,282.48,282.84,281.14,282.39,82186806,82186806
LB,-0.36,-0.012885,-1.2885,27.58,28.2,27.45,28.2,27.58,28.2,27.45,28.2,4913252,4913252
TGT,-0.06,-0.000747,-0.0747,80.26,80.77,79.85,80.74,80.26,80.77,79.85,80.74,3886669,3886669
TM,-1.05,-0.008818,-0.8818,118.02,118.31,117.84,118.25,118.02,118.31,117.84,118.25,250727,250727
UAA,-0.15,-0.007046,-0.7046,21.14,21.6,21.07,21.43,21.14,21.6,21.07,21.43,3695469,3695469
PLNT,0.72,0.010588,1.0588,68.72,68.89,67.43,68.34,68.72,68.89,67.43,68.34,1306591,1306591
EL,1.13,0.006873,0.6873,165.55,165.76,164.22,164.74,165.55,165.76,164.22,164.74,1062063,1062063
LVMHF,2.56,0.006984,0.6984,368.75,369.8,366.7,367.49,368.75,369.8,366.7,367.49,90,90
LULU,-3.67,-0.021905,-2.1905,163.87,168.3,162.95,165.91,163.87,168.3,162.95,165.91,7223699,7223699
ADDYY,1.07,0.008859,0.8859,121.85,122.42,121.48,121.94,121.85,122.42,121.48,121.94,28319,28319
COTY,0.0,0.0,0.0,11.5,11.51,11.37,11.49,11.5,11.51,11.37,11.49,68687057,68687057
GOOS,1.0,0.021268,2.1268,48.02,48.55,46.96,47.72,48.02,48.55,46.96,47.72,1228075,1228075
ETSY,0.09,0.001341,0.1341,67.22,68.5,67.02,67.49,67.22,68.5,67.02,67.49,1219091,1219091
ULTA,3.5,0.010138,1.0138,348.73,350.0,344.95,347.6,348.73,350.0,344.95,347.6,526476,526476
NKE,0.17,0.002023,0.2023,84.21,84.85,83.86,84.6,84.21,84.85,83.86,84.6,6492022,6492022
AVP,-0.08,-0.02649,-2.649,2.94,3.04,2.9,3.03,2.94,3.04,2.9,3.03,5081503,5081503
SBUX,0.38,0.005138,0.5138,74.34,74.48,73.53,74.01,74.34,74.48,73.53,74.01,9099492,9099492
SNAP,0.23,0.021316,2.1316,11.02,11.06,10.77,10.86,11.02,11.06,10.77,10.86,13316971,13316971
BYND,0.0,0.0,0.0,0.0,0.0,0.0,0.0,0.0,0.0,0.0,0.0,0,0
FIZZ,1.23,0.02177,2.177,57.73,58.05,53.93,56.32,57.73,58.05,53.93,56.32,763613,763613
