symbol,change,changeOverTime,changePercent,close,high,low,open,uClose,uHigh,uLow,uOpen,uVolume,volume
NFLX,5.31,0.014987,1.4987,359.61,359.88,351.7,353.6,359.61,359.88,351.7,353.6,6211895,6211895
KSS,-1.31,-0.018365,-1.8365,70.02,72.5,69.46,72.0,70.02,72.5,69.46,72.0,4163751,4163751
DECK,-1.65,-0.011401,-1.1401,143.08,145.69,142.09,145.38,143.08,145.69,142.09,145.38,367449,367449
AAPL,-1.01,-0.005754,-0.5754,174.52,175.49,173.94,174.67,174.52,175.49,173.94,174.67,20810384,20810384
VFC,-0.11,-0.001286,-0.1286,85.4,86.24,85.03,85.75,85.4,86.24,85.03,85.75,892935,892935
FB,1.25,0.007299,0.7299,172.51,173.57,171.27,172.9,172.51,173.57,171.27,172.9,21531723,21531723
YRIV,-0.147,-0.202787,-20.2787,0.5779,0.77,0.5105,0.7612,0.5779,0.77,0.5105,0.7612,14111587,14111587
DEO,1.18,0.007525,0.7525,157.99,158.29,156.73,157.6,157.99,158.29,156.73,157.6,943107,943107
LRLCF,-2.69,-0.010504,-1.0504,253.05,253.25,253.05,253.05,253.05,253.25,253.05,253.05,662,662
TIF,-0.08,-0.000843,-0.0843,94.79,95.4,94.27,95.09,94.79,95.4,94.27,95.09,858632,858632
DIS,0.85,0.007456,0.7456,114.85,115.05,114.0,114.0,114.85,115.05,114.0,114.0,7352761,7352761
SPY,-1.69,-0.006057,-0.6057,277.33,279.16,276.97,279.15,277.33,279.16,276.97,279.15,75039771,75039771
LB,-0.37,-0.013739,-1.3739,26.56,27.64,26.46,27.01,26.56,27.64,26.46,27.01,3782243,3782243
TGT,0.9,0.011842,1.1842,76.9,77.44,76.13,76.82,76.9,77.44,76.13,76.82,7874162,7874162
TM,-0.28,-0.002368,-0.2368,117.98,118.31,117.88,118.11,117.98,118.31,117.88,118.11,153030,153030
UAA,-0.55,-0.024653,-2.4653,21.76,22.33,21.67,22.28,21.76,22.33,21.67,22.28,3973255,3973255
PLNT,0.16,0.002515,0.2515,63.78,64.5,63.07,63.87,63.78,64.5,63.07,63.87,2089552,2089552
EL,-2.1,-0.013463,-1.3463,153.88,155.99,152.99,155.67,153.88,155.99,152.99,155.67,1971194,1971194
LVMHF,-2.94,-0.008446,-0.8446,345.15,347.3,345.15,347.0,345.15,347.3,345.15,347.0,107,107
LULU,0.19,0.001276,0.1276,149.09,150.23,147.66,149.6,149.09,150.23,147.66,149.6,805364,805364
ADDYY,0.635,0.005183,0.5183,123.15,123.65,123.0,123.59,123.15,123.65,123.0,123.59,21840,21840
SHMP,-0.0567,-0.137755,-13.7755,0.3549,0.435,0.306,0.4221,0.3549,0.435,0.306,0.4221,16696090,16696090
COTY,-0.04,-0.00363,-0.363,10.98,11.08,10.95,11.03,10.98,11.08,10.95,11.03,5812624,5812624
GOOS,-1.76,-0.03286,-3.286,51.8,53.35,51.3,53.24,51.8,53.35,51.3,53.24,1818484,1818484
ETSY,-0.57,-0.008073,-0.8073,70.04,71.09,69.26,70.19,70.04,71.09,69.26,70.19,1758452,1758452
ULTA,0.27,0.000865,0.0865,312.51,313.21,308.98,312.11,312.51,313.21,308.98,312.11,711465,711465
NKE,-0.31,-0.003628,-0.3628,85.13,85.99,85.04,85.6,85.13,85.99,85.04,85.6,3198110,3198110
AVP,-0.19,-0.064626,-6.4626,2.75,2.96,2.7,2.93,2.75,2.96,2.7,2.93,7991948,7991948
SBUX,-0.31,-0.004331,-0.4331,71.27,72.18,71.16,71.81,71.27,72.18,71.16,71.81,7666095,7666095
SNAP,-0.21,-0.020833,-2.0833,9.87,10.06,9.77,10.0,9.87,10.06,9.77,10.0,18320334,18320334
BYND,0.0,0.0,0.0,0.0,0.0,0.0,0.0,0.0,0.0,0.0,0.0,0,0
FIZZ,0.6,0.008966,0.8966,67.52,68.29,65.68,67.14,67.52,68.29,65.68,67.14,462695,462695
