symbol,change,changeOverTime,changePercent,close,high,low,open,uClose,uHigh,uLow,uOpen,uVolume,volume
NFLX,6.4,0.017921,1.7921,363.52,364.74,356.12,361.72,363.52,364.74,356.12,361.72,5667156,5667156
KSS,-0.53,-0.011177,-1.1177,46.89,47.62,46.7,47.55,46.89,47.62,46.7,47.55,5083038,5083038
DECK,-0.42,-0.002402,-0.2402,174.4,174.98,172.62,174.65,174.4,174.98,172.62,174.65,300102,300102
AAPL,-0.58,-0.002923,-0.2923,197.87,199.88,197.31,199.68,197.87,199.88,197.31,199.68,21124235,21124235
VFC,0.05,0.000566,0.0566,88.35,88.99,87.91,88.4,88.35,88.99,87.91,88.4,1143243,1143243
FB,-0.99,-0.005253,-0.5253,187.48,188.1,184.55,187.0,187.48,188.1,184.55,187.0,21417092,21417092
YRIV,-0.0079,-0.01328,-1.328,0.587,0.6906,0.5,0.6719,0.587,0.6906,0.5,0.6719,5607706,5607706
DEO,1.82,0.01069,1.069,172.07,172.19,169.89,170.06,172.07,172.19,169.89,170.06,254478,254478
LRLCF,0.8,0.002833,0.2833,283.2,286.0,282.3,282.3,283.2,286.0,282.3,282.3,227,227
TIF,0.74,0.00804,0.804,92.78,93.16,91.26,91.8,92.78,93.16,91.26,91.8,1489711,1489711
DIS,1.68,0.012065,1.2065,140.92,141.07,138.58,139.51,140.92,141.07,138.58,139.51,6877141,6877141
SPY,0.66,0.002257,0.2257,293.06,293.65,291.47,292.55,293.06,293.65,291.47,292.55,78674377,78674377
LB,0.42,0.018373,1.8373,23.28,23.43,22.57,22.96,23.28,23.43,22.57,22.96,5143061,5143061
TGT,-0.31,-0.003585,-0.3585,86.16,86.75,85.63,86.54,86.16,86.75,85.63,86.54,4088441,4088441
TM,-0.16,-0.001276,-0.1276,125.21,125.28,124.72,125.2,125.21,125.28,124.72,125.2,75360,75360
UAA,-0.31,-0.011368,-1.1368,26.96,27.41,26.9,27.36,26.96,27.41,26.9,27.36,4253735,4253735
PLNT,0.13,0.001621,0.1621,80.35,80.46,78.51,79.87,80.35,80.46,78.51,79.87,897219,897219
EL,0.68,0.003796,0.3796,179.82,180.42,177.29,178.62,179.82,180.42,177.29,178.62,1266271,1266271
LVMHF,-1.2,-0.002899,-0.2899,412.8,413.06,409.35,411.5,412.8,413.06,409.35,411.5,466,466
LULU,-0.93,-0.004946,-0.4946,187.1,189.0,186.09,188.1,187.1,189.0,186.09,188.1,1827560,1827560
ADDYY,-2.58,-0.016832,-1.6832,150.7,150.86,149.46,149.71,150.7,150.86,149.46,149.71,37574,37574
SHMP,0.0009,0.007494,0.7494,0.121,0.127,0.12,0.125,0.121,0.127,0.12,0.125,961480,961480
COTY,-0.26,-0.018937,-1.8937,13.47,13.82,13.42,13.75,13.47,13.82,13.42,13.75,5900908,5900908
GOOS,-0.09,-0.00244,-0.244,36.8,37.22,36.28,36.89,36.8,37.22,36.28,36.89,572550,572550
ETSY,1.19,0.017774,1.7774,68.14,68.49,66.23,67.29,68.14,68.49,66.23,67.29,1443744,1443744
ULTA,10.63,0.030615,3.0615,357.84,358.43,343.63,346.77,357.84,358.43,343.63,346.77,564870,564870
NKE,-0.75,-0.008897,-0.8897,83.55,83.9,83.14,83.73,83.55,83.9,83.14,83.73,6217785,6217785
AVP,0.18,0.046753,4.6753,4.03,4.08,3.81,3.86,4.03,4.08,3.81,3.86,16593646,16593646
SBUX,0.89,0.010733,1.0733,83.81,83.92,82.08,83.08,83.81,83.92,82.08,83.08,5401369,5401369
SNAP,-0.19,-0.012786,-1.2786,14.67,14.85,14.46,14.85,14.67,14.85,14.46,14.85,26536722,26536722
BYND,-0.61,-0.003591,-0.3591,169.28,174.45,162.25,171.37,169.28,174.45,162.25,171.37,9451961,9451961
FIZZ,-0.13,-0.002945,-0.2945,44.02,44.3,41.85,44.16,44.02,44.3,41.85,44.16,642879,642879
