symbol,change,changeOverTime,changePercent,close,high,low,open,uClose,uHigh,uLow,uOpen,uVolume,volume
NFLX,2.0,0.006907,0.6907,291.57,293.99,287.51,288.73,291.57,293.99,287.51,288.73,4509588,4509588
KSS,0.3,0.005287,0.5287,57.04,57.31,55.84,56.5,57.04,57.31,55.84,56.5,3942890,3942890
DECK,1.35,0.00833,0.833,163.41,163.59,160.13,161.97,163.41,163.59,160.13,161.97,344376,344376
AAPL,0.71,0.002737,0.2737,260.14,260.44,256.85,258.69,260.14,260.44,256.85,258.69,17520495,17520495
VFC,0.66,0.007638,0.7638,87.07,87.09,86.15,86.19,87.07,87.09,86.15,86.19,1682001,1682001
FB,0.42,0.002206,0.2206,190.84,192.34,189.7,190.0,190.84,192.34,189.7,190.0,10764784,10764784
YRIV,0.1376,0.45882,45.882,0.4375,0.4375,0.2875,0.2999,0.4375,0.4375,0.2875,0.2999,815306,815306
DEO,-1.03,-0.006435,-0.6435,159.04,159.33,158.14,158.9,159.04,159.33,158.14,158.9,418426,418426
LRLCF,-4.85,-0.016604,-1.6604,287.25,292.2,287.25,292.2,287.25,292.2,287.25,292.2,56,56
TIF,0.67,0.00536,0.536,125.67,126.0,124.52,125.0,125.67,126.0,124.52,125.0,4610191,4610191
DIS,5.0,0.037605,3.7605,137.96,140.25,136.74,140.22,137.96,140.25,136.74,140.22,24187457,24187457
SPY,0.76,0.002466,0.2466,308.94,309.0,307.03,307.8,308.94,309.0,307.03,307.8,49068797,49068797
LB,-0.33,-0.018252,-1.8252,17.75,17.92,17.33,17.92,17.75,17.92,17.33,17.92,5220254,5220254
TGT,-0.44,-0.003979,-0.3979,110.15,110.98,109.42,110.56,110.15,110.98,109.42,110.56,2805447,2805447
TM,1.53,0.01071,1.071,144.39,144.58,143.93,144.0,144.39,144.58,143.93,144.0,192023,192023
UAA,-0.03,-0.001706,-0.1706,17.56,17.91,17.41,17.74,17.56,17.91,17.41,17.74,4354598,4354598
PLNT,5.71,0.091054,9.1054,68.42,70.74,67.68,70.53,68.42,70.74,67.68,70.53,4535658,4535658
EL,0.13,0.000695,0.0695,187.27,188.87,185.97,187.71,187.27,188.87,185.97,187.71,932942,932942
LVMHF,-0.3,-0.000673,-0.0673,445.7,446.0,443.5,444.89,445.7,446.0,443.5,444.89,718,718
LULU,1.31,0.006459,0.6459,204.13,204.31,202.27,202.58,204.13,204.31,202.27,202.58,1302726,1302726
ADDYY,-0.93,-0.006139,-0.6139,150.57,150.57,148.95,149.63,150.57,150.57,148.95,149.63,30433,30433
SHMP,-0.005,-0.04717,-4.717,0.101,0.1085,0.1005,0.103,0.101,0.1085,0.1005,0.103,2428433,2428433
COTY,-0.16,-0.012308,-1.2308,12.84,13.0,12.79,12.94,12.84,13.0,12.79,12.94,5415410,5415410
GOOS,-0.83,-0.021581,-2.1581,37.63,38.6,37.18,38.26,37.63,38.6,37.18,38.26,2240653,2240653
ETSY,0.13,0.003106,0.3106,41.99,42.58,41.47,41.72,41.99,42.58,41.47,41.72,3334610,3334610
ULTA,-4.48,-0.018378,-1.8378,239.29,243.2,238.3,242.23,239.29,243.2,238.3,242.23,852814,852814
NKE,-0.59,-0.006527,-0.6527,89.81,90.35,89.29,90.28,89.81,90.35,89.29,90.28,4555402,4555402
AVP,-0.12,-0.02521,-2.521,4.64,4.79,4.59,4.71,4.64,4.79,4.59,4.71,7886622,7886622
SBUX,-0.18,-0.002196,-0.2196,81.77,82.64,81.45,82.19,81.77,82.64,81.45,82.19,7088064,7088064
SNAP,0.03,0.002119,0.2119,14.19,14.52,14.09,14.18,14.19,14.52,14.09,14.18,14253176,14253176
BYND,0.96,0.012153,1.2153,79.95,80.79,78.67,79.25,79.95,80.79,78.67,79.25,2846936,2846936
FIZZ,0.94,0.023447,2.3447,41.03,41.55,39.33,40.11,41.03,41.55,39.33,40.11,569192,569192
