symbol,change,changeOverTime,changePercent,close,high,low,open,uClose,uHigh,uLow,uOpen,uVolume,volume
NFLX,4.54,0.017257,1.7257,267.62,268.88,262.78,264.0,267.62,268.88,262.78,264.0,6823100,6823100
KSS,0.02,0.000403,0.0403,49.66,50.45,49.16,49.87,49.66,50.45,49.16,49.87,2253785,2253785
DECK,4.23,0.029554,2.9554,147.36,149.13,143.44,143.44,147.36,149.13,143.44,143.44,931246,931246
AAPL,5.15,0.023535,2.3535,223.97,224.58,220.79,220.9,223.97,224.58,220.79,220.9,26318583,26318583
VFC,0.2,0.002253,0.2253,88.99,89.36,88.65,88.96,88.99,89.36,88.65,88.96,1543751,1543751
FB,0.98,0.005534,0.5534,178.08,178.67,176.85,177.87,178.08,178.67,176.85,177.87,11071425,11071425
YRIV,0.02,0.029851,2.9851,0.69,0.739,0.66,0.7077,0.69,0.739,0.66,0.7077,523561,523561
DEO,0.95,0.005844,0.5844,163.52,165.11,163.44,164.0,163.52,165.11,163.44,164.0,309835,309835
LRLCF,5.85,0.021196,2.1196,281.85,281.85,275.35,275.35,281.85,281.85,275.35,275.35,184,184
TIF,0.75,0.008163,0.8163,92.63,93.59,92.0,92.33,92.63,93.59,92.0,92.33,1095432,1095432
DIS,0.36,0.00277,0.277,130.32,130.86,129.82,130.35,130.32,130.86,129.82,130.35,5845989,5845989
SPY,1.37,0.004638,0.4638,296.77,297.55,295.92,295.97,296.77,297.55,295.92,295.97,52562761,52562761
LB,0.65,0.034319,3.4319,19.59,19.65,19.04,19.04,19.59,19.65,19.04,19.04,3817507,3817507
TGT,0.79,0.007444,0.7444,106.91,107.39,106.42,106.67,106.91,107.39,106.42,106.67,3653098,3653098
TM,-1.79,-0.013135,-1.3135,134.49,134.68,133.11,133.55,134.49,134.68,133.11,133.55,172626,172626
UAA,0.37,0.018906,1.8906,19.94,20.05,19.57,19.64,19.94,20.05,19.57,19.64,3016062,3016062
PLNT,0.43,0.007486,0.7486,57.87,58.24,56.69,57.48,57.87,58.24,56.69,57.48,2011773,2011773
EL,2.62,0.013345,1.3345,198.95,199.51,195.56,195.56,198.95,199.51,195.56,195.56,1342046,1342046
LVMHF,3.43,0.00868,0.868,398.59,398.59,391.7,391.7,398.59,398.59,391.7,391.7,92,92
LULU,2.81,0.014811,1.4811,192.53,193.41,190.05,190.32,192.53,193.41,190.05,190.32,1235825,1235825
ADDYY,-0.19,-0.001219,-0.1219,155.7,156.37,154.04,154.18,155.7,156.37,154.04,154.18,49792,49792
SHMP,0.0,0.0,0.0,0.165,0.18,0.16,0.1693,0.165,0.18,0.16,0.1693,823778,823778
COTY,-0.02,-0.001899,-0.1899,10.51,10.67,10.36,10.4,10.51,10.67,10.36,10.4,3371317,3371317
GOOS,0.52,0.011968,1.1968,43.97,44.25,43.32,43.5,43.97,44.25,43.32,43.5,638768,638768
ETSY,1.69,0.030834,3.0834,56.5,56.58,54.85,54.98,56.5,56.58,54.85,54.98,2516594,2516594
ULTA,6.25,0.025573,2.5573,250.65,251.76,245.0,245.58,250.65,251.76,245.0,245.58,2335643,2335643
NKE,1.61,0.017441,1.7441,93.92,94.08,92.5,92.53,93.92,94.08,92.5,92.53,7659423,7659423
AVP,-0.16,-0.035088,-3.5088,4.4,4.56,4.33,4.53,4.4,4.56,4.33,4.53,8244197,8244197
SBUX,0.05,0.000566,0.0566,88.42,88.56,87.61,88.41,88.42,88.56,87.61,88.41,6650433,6650433
SNAP,-0.22,-0.013733,-1.3733,15.8,16.02,15.4,16.0,15.8,16.02,15.4,16.0,20773177,20773177
BYND,-3.04,-0.020045,-2.0045,148.62,151.0,145.68,150.69,148.62,151.0,145.68,150.69,1674602,1674602
FIZZ,0.8,0.018365,1.8365,44.36,44.65,43.51,43.65,44.36,44.65,43.51,43.65,260163,260163
