symbol,change,changeOverTime,changePercent,close,high,low,open,uClose,uHigh,uLow,uOpen,uVolume,volume
NFLX,2.66,0.007618,0.7618,351.85,354.21,348.3,350.55,351.85,354.21,348.3,350.55,4008042,4008042
KSS,-0.23,-0.004554,-0.4554,50.28,51.65,50.12,50.83,50.28,51.65,50.12,50.83,4818904,4818904
DECK,0.48,0.003174,0.3174,151.73,154.49,149.65,151.02,151.73,154.49,149.65,151.02,509287,509287
AAPL,0.92,0.005187,0.5187,178.3,179.23,176.67,177.95,178.3,179.23,176.67,177.95,21218412,21218412
VFC,0.5,0.006081,0.6081,82.73,82.83,81.05,81.91,82.73,82.83,81.05,81.91,2114034,2114034
FB,0.82,0.004501,0.4501,183.01,183.48,180.89,183.08,183.01,183.48,180.89,183.08,8581544,8581544
YRIV,-0.0448,-0.057829,-5.7829,0.7299,0.8,0.72,0.785,0.7299,0.8,0.72,0.785,2176413,2176413
DEO,2.17,0.01298,1.298,169.35,169.4,168.41,168.66,169.35,169.4,168.41,168.66,287899,287899
LRLCF,4.19,0.015767,1.5767,269.94,269.94,266.4,266.4,269.94,269.94,266.4,266.4,165,165
TIF,-0.77,-0.008478,-0.8478,90.05,92.44,89.7,91.54,90.05,92.44,89.7,91.54,1803222,1803222
DIS,0.63,0.004788,0.4788,132.2,132.68,131.34,131.88,132.2,132.68,131.34,131.88,5273987,5273987
SPY,0.76,0.002731,0.2731,279.03,280.04,277.81,279.11,279.03,280.04,277.81,279.11,62523780,62523780
LB,0.25,0.011042,1.1042,22.89,23.19,22.44,22.54,22.89,23.19,22.44,22.54,4855892,4855892
TGT,0.75,0.009417,0.9417,80.39,80.79,79.9,80.01,80.39,80.79,79.9,80.01,3996929,3996929
TM,0.2,0.001673,0.1673,119.75,119.92,119.38,119.78,119.75,119.92,119.38,119.78,125918,125918
UAA,0.15,0.006579,0.6579,22.95,23.15,22.42,22.65,22.95,23.15,22.42,22.65,3189515,3189515
PLNT,1.0,0.013412,1.3412,75.56,75.71,74.38,74.67,75.56,75.71,74.38,74.67,628747,628747
EL,1.56,0.009509,0.9509,165.61,166.1,164.04,164.41,165.61,166.1,164.04,164.41,1132945,1132945
LVMHF,4.0,0.010638,1.0638,380.0,380.27,378.6,380.27,380.0,380.27,378.6,380.27,421,421
LULU,2.26,0.013986,1.3986,163.85,165.29,161.57,161.57,163.85,165.29,161.57,161.57,1915343,1915343
ADDYY,0.13,0.000902,0.0902,144.19,144.19,143.2,143.94,144.19,144.19,143.2,143.94,39910,39910
SHMP,-0.002,-0.014286,-1.4286,0.138,0.1399,0.13,0.138,0.138,0.1399,0.13,0.138,1505426,1505426
COTY,-0.05,-0.003962,-0.3962,12.57,12.84,12.49,12.69,12.57,12.84,12.49,12.69,5733093,5733093
GOOS,1.55,0.045736,4.5736,35.44,35.99,33.53,34.4,35.44,35.99,33.53,34.4,10109387,10109387
ETSY,0.82,0.013198,1.3198,62.95,63.41,61.42,62.54,62.95,63.41,61.42,62.54,1223291,1223291
ULTA,6.39,0.01984,1.984,328.46,334.03,321.18,327.64,328.46,334.03,321.18,327.64,1317968,1317968
NKE,0.39,0.004945,0.4945,79.26,79.73,78.61,78.92,79.26,79.73,78.61,78.92,6177832,6177832
AVP,-0.05,-0.012953,-1.2953,3.81,3.91,3.76,3.86,3.81,3.91,3.76,3.86,18784483,18784483
SBUX,0.89,0.011823,1.1823,76.17,76.43,75.63,75.65,76.17,76.43,75.63,75.65,7178431,7178431
SNAP,0.31,0.026541,2.6541,11.99,12.19,11.63,11.72,11.99,12.19,11.63,11.72,28743950,28743950
BYND,1.09,0.011179,1.1179,98.59,105.25,94.03,101.9,98.59,105.25,94.03,101.9,12359807,12359807
FIZZ,-1.65,-0.034803,-3.4803,45.76,49.61,45.2,47.21,45.76,49.61,45.2,47.21,412724,412724
