symbol,change,changeOverTime,changePercent,close,high,low,open,uClose,uHigh,uLow,uOpen,uVolume,volume
NFLX,0,0,0,267.66,270.1,260.0,260.16,267.66,270.1,260.0,260.16,13508920,13508920
KSS,0,0,0,66.34,66.72,65.27,65.27,66.34,66.72,65.27,65.27,2760400,2760400
DECK,0,0,0,127.95,130.17,127.11,129.41,127.95,130.17,127.11,129.41,550627,550627
AAPL,0,0,0,157.74,159.36,156.48,158.53,157.74,159.36,156.48,158.53,35003466,35003466
VFC,0,0,0,71.34,71.62,70.56,70.86,71.34,71.62,70.56,70.86,1528456,1528456
FB,0,0,0,131.09,134.64,129.95,134.45,131.09,134.64,129.95,134.45,24625308,24625308
DEO,0,0,0,141.8,142.61,141.29,142.13,141.8,142.61,141.29,142.13,245476,245476
LRLCF,0,0,0,229.05,230.76,228.4,228.4,229.05,230.76,228.4,228.4,124,124
TIF,0,0,0,80.51,81.0,79.27,79.61,80.51,81.0,79.27,79.61,1668477,1668477
DIS,0,0,0,109.65,109.67,107.55,109.11,109.65,109.67,107.55,109.11,7241715,7241715
SPY,0,0,0,249.92,250.19,247.47,249.56,249.92,250.19,247.47,249.56,144299370,144299370
LB,0,0,0,25.67,25.99,25.24,25.62,25.67,25.99,25.24,25.62,5333349,5333349
TGT,0,0,0,66.09,66.18,65.22,65.33,66.09,66.18,65.22,65.33,4178477,4178477
TM,0,0,0,116.08,116.77,115.39,116.44,116.08,116.77,115.39,116.44,184709,184709
UAA,0,0,0,17.67,17.93,17.54,17.64,17.67,17.93,17.54,17.64,3451629,3451629
PLNT,0,0,0,53.62,54.02,52.82,52.98,53.62,54.02,52.82,52.98,1390754,1390754
EL,0,0,0,130.1,130.95,129.09,129.73,130.1,130.95,129.09,129.73,1233438,1233438
LVMHF,0,0,0,296.2,297.1,292.05,297.1,296.2,297.1,292.05,297.1,1431,1431
LULU,0,0,0,121.61,123.34,120.56,123.12,121.61,123.34,120.56,123.12,1447293,1447293
ADDYY,0,0,0,104.34,105.05,104.19,104.6,104.34,105.05,104.19,104.6,119986,119986
COTY,0,0,0,6.56,6.62,6.39,6.5,6.56,6.62,6.39,6.5,6160671,6160671
GOOS,0,0,0,43.72,45.77,43.04,44.97,43.72,45.77,43.04,44.97,6378116,6378116
ETSY,0,0,0,47.57,48.58,47.34,47.9,47.57,48.58,47.34,47.9,1527120,1527120
ULTA,0,0,0,244.84,244.86,239.56,240.35,244.84,244.86,239.56,240.35,719791,719791
NKE,0,0,0,74.14,74.46,73.52,73.98,74.14,74.46,73.52,73.98,5519230,5519230
AVP,0,0,0,1.52,1.53,1.41,1.49,1.52,1.53,1.41,1.49,3879881,3879881
SBUX,0,0,0,64.4,64.61,63.66,63.77,64.4,64.61,63.66,63.77,7690183,7690183
SNAP,0,0,0,5.51,5.86,5.42,5.76,5.51,5.86,5.42,5.76,15324788,15324788
BYND,0,0,0,0.0,0.0,0.0,0.0,0.0,0.0,0.0,0.0,0,0
FIZZ,0,0,0,71.77,73.0,70.61,71.56,71.77,73.0,70.61,71.56,533009,533009
