symbol,change,changeOverTime,changePercent,close,high,low,open,uClose,uHigh,uLow,uOpen,uVolume,volume
NFLX,-0.88,-0.002955,-0.2955,296.93,300.33,293.15,298.65,296.93,300.33,293.15,298.65,4977042,4977042
KSS,0.27,0.005737,0.5737,47.33,48.27,46.55,47.5,47.33,48.27,46.55,47.5,4251505,4251505
DECK,1.78,0.012693,1.2693,142.02,143.06,139.56,140.37,142.02,143.06,139.56,140.37,504300,504300
AAPL,-0.18,-0.000847,-0.0847,212.46,214.44,210.75,213.19,212.46,214.44,210.75,213.19,22267819,22267819
VFC,0.0,0.0,0.0,81.01,81.69,80.08,81.5,81.01,81.69,80.08,81.5,1193702,1193702
FB,-1.51,-0.008227,-0.8227,182.04,184.11,179.91,183.43,182.04,184.11,179.91,183.43,10829509,10829509
YRIV,-0.0846,-0.204052,-20.4052,0.33,0.4325,0.3,0.415,0.33,0.4325,0.3,0.415,2548849,2548849
DEO,0.12,0.000714,0.0714,168.15,168.33,166.85,167.2,168.15,168.33,166.85,167.2,395175,395175
LRLCF,-1.27,-0.004731,-0.4731,267.68,267.68,267.1,267.1,267.68,267.68,267.1,267.1,150,150
TIF,0.81,0.009582,0.9582,85.34,85.67,83.73,84.08,85.34,85.67,83.73,84.08,2074916,2074916
DIS,0.32,0.002357,0.2357,136.08,136.67,134.69,136.2,136.08,136.67,134.69,136.2,6968278,6968278
SPY,-0.09,-0.000308,-0.0308,292.36,293.93,290.4,293.23,292.36,293.93,290.4,293.23,51739292,51739292
LB,-1.0,-0.049188,-4.9188,19.33,19.44,17.61,18.21,19.33,19.44,17.61,18.21,21348450,21348450
TGT,3.32,0.032233,3.2233,106.32,106.52,103.38,105.39,106.32,106.52,103.38,105.39,17113267,17113267
TM,-0.23,-0.001771,-0.1771,129.65,130.26,129.47,129.84,129.65,130.26,129.47,129.84,53146,53146
UAA,0.23,0.012267,1.2267,18.98,19.12,18.78,18.82,18.98,19.12,18.78,18.82,3704885,3704885
PLNT,-0.98,-0.014365,-1.4365,67.24,68.05,65.84,68.05,67.24,68.05,65.84,68.05,1261165,1261165
EL,-1.16,-0.005694,-0.5694,202.56,205.32,200.09,204.16,202.56,205.32,200.09,204.16,1410675,1410675
LVMHF,-6.16,-0.01504,-1.504,403.41,405.1,398.45,405.1,403.41,405.1,398.45,405.1,347,347
LULU,0.64,0.003491,0.3491,183.97,185.12,180.78,183.88,183.97,185.12,180.78,183.88,1072244,1072244
ADDYY,-1.32,-0.008968,-0.8968,145.87,146.84,145.12,146.78,145.87,146.84,145.12,146.78,21119,21119
SHMP,-0.0025,-0.020576,-2.0576,0.119,0.123,0.114,0.123,0.119,0.123,0.114,0.123,1039096,1039096
COTY,0.07,0.00791,0.791,8.92,9.05,8.85,8.85,8.92,9.05,8.85,8.85,2832843,2832843
GOOS,-0.24,-0.006032,-0.6032,39.55,40.25,39.41,39.74,39.55,40.25,39.41,39.74,654964,654964
ETSY,1.13,0.020829,2.0829,55.38,56.06,53.95,55.83,55.38,56.06,53.95,55.83,2328013,2328013
ULTA,6.75,0.020572,2.0572,334.87,338.5,328.54,328.54,334.87,338.5,328.54,328.54,755990,755990
NKE,0.57,0.006889,0.6889,83.31,83.72,82.5,83.0,83.31,83.72,82.5,83.0,5571618,5571618
AVP,-0.1,-0.024331,-2.4331,4.01,4.12,4.0,4.09,4.01,4.12,4.0,4.09,4391790,4391790
SBUX,0.17,0.001765,0.1765,96.49,96.85,95.7,96.59,96.49,96.85,95.7,96.59,5147125,5147125
SNAP,-0.06,-0.003717,-0.3717,16.08,16.74,16.02,16.25,16.08,16.74,16.02,16.25,25040436,25040436
BYND,-0.96,-0.006318,-0.6318,150.99,152.21,146.1,151.04,150.99,152.21,146.1,151.04,2930745,2930745
FIZZ,-0.21,-0.005081,-0.5081,41.12,42.01,41.0,41.36,41.12,42.01,41.0,41.36,329537,329537
