symbol,change,changeOverTime,changePercent,close,high,low,open,uClose,uHigh,uLow,uOpen,uVolume,volume
NFLX,0,0,0,373.45,367.57,362.26,370.99,368.89,365.68,365.82,368.86,5055671,5235945
DECK,0,0,0,161.62,163.0,156.9,158.79,158.47,159.0,162.3,158.94,512656,524572
AAPL,0,0,0,186.61,187.7,186.41,192.21,188.7,192.26,185.09,186.9,30806921,30606927
VFC,0,0,0,87.95,89.7,84.86,85.81,88.03,87.9,86.44,86.49,1243297,1281054
FB,0,0,0,168.54,169.27,166.22,172.69,175.6,169.3,172.71,170.25,20744510,19963672
DEO,0,0,0,176.8,172.2,172.54,173.0,171.4,174.6,173.5,170.31,395148,400922
LRLCF,0,0,0,281.87,283.74,276.9,286.4,281.6,281.28,282.7,278.6,655,664
TIF,0,0,0,94.1,94.49,91.4,94.04,96.98,95.06,91.9,96.82,2777873,2677046
DIS,0,0,0,141.93,137.0,137.88,137.67,138.04,136.0,138.57,139.62,6845231,7012531
LB,0,0,0,23.8,26.01,24.03,24.51,24.16,25.57,23.94,25.17,5893326,5746317
TGT,0,0,0,87.08,89.59,88.08,90.14,85.58,87.53,87.76,90.54,7080850,6818758
LRLCY,0,0,0,54.56,55.3,56.22,56.27,54.83,57.1,54.27,55.98,37772,37754
UAA,0,0,0,26.78,26.5,25.44,25.96,26.11,26.0,25.74,25.4,7575194,7570517
PLNT,0,0,0,78.17,80.7,77.29,79.37,79.12,79.27,77.26,80.91,929154,903112
EL,0,0,0,173.52,173.85,173.92,170.19,173.19,173.2,175.45,171.06,1109149,1106084
LVMHF,0,0,0,404.1,406.88,395.7,411.51,393.3,400.79,409.3,407.88,208,201
LULU,0,0,0,175.18,177.77,174.92,177.21,176.21,177.29,173.48,174.24,1892800,1866527
ADDYY,0,0,0,148.2,147.21,147.66,147.5,147.8,148.77,145.02,148.95,23082,23006
COTY,0,0,0,13.39,13.24,13.39,13.39,13.71,13.44,12.89,13.54,5582031,5642483
LVMUY,0,0,0,80.74,82.47,81.65,81.0,81.5,82.6,80.44,79.2,154262,153755
GOOS,0,0,0,34.07,36.68,33.52,35.6,34.21,34.95,33.48,36.03,3247954,3324436
ETSY,0,0,0,63.85,63.39,62.28,63.91,63.27,64.27,60.86,63.9,1519651,1536245
ULTA,0,0,0,348.24,347.15,338.65,351.65,345.88,351.91,342.46,349.36,589900,587852
NKE,0,0,0,84.04,84.3,84.86,85.81,82.96,83.5,83.08,84.91,8446301,8518198
SBUX,0,0,0,80.71,82.45,80.28,80.3,82.14,80.7,82.25,81.1,7535913,7454502
SNAP,0,0,0,13.04,13.72,13.0,13.18,13.35,13.4,12.9,13.3,31054479,30698112
FIZZ,0,0,0,50.2,51.66,49.1,52.16,50.21,51.71,50.4,50.7,405488,400067
