symbol,change,changeOverTime,changePercent,close,high,low,open,uClose,uHigh,uLow,uOpen,uVolume,volume
NFLX,0,0,0,356.78,368.0,359.61,358.85,359.02,366.2,366.87,364.16,4776594,4867941
DECK,0,0,0,151.85,155.44,156.82,157.91,152.81,157.26,152.68,157.05,758091,754844
AAPL,0,0,0,180.37,182.72,182.63,184.27,186.07,186.89,179.4,187.35,28679024,29162389
VFC,0,0,0,84.51,87.71,85.93,85.0,84.42,84.79,83.54,87.8,2803686,2735804
FB,0,0,0,186.63,186.91,182.23,189.6,190.36,189.04,185.58,189.3,15136423,15513909
DEO,0,0,0,176.59,176.23,171.93,175.28,171.85,173.04,175.91,176.12,265309,259558
LRLCF,0,0,0,277.0,276.53,281.5,284.44,279.4,281.09,282.9,280.85,248,248
TIF,0,0,0,94.39,95.38,93.41,95.0,93.23,95.77,95.33,95.0,2325141,2320886
DIS,0,0,0,138.25,137.71,133.96,137.98,135.12,134.56,138.2,135.53,9302116,9273726
LB,0,0,0,25.09,26.14,24.71,25.1,24.64,25.24,25.06,25.07,4139306,4093823
TGT,0,0,0,83.83,82.42,83.65,82.88,84.13,82.53,81.7,84.83,6716754,6546682
LRLCY,0,0,0,54.34,55.95,56.26,54.84,54.98,56.62,55.5,54.83,39140,39437
UAA,0,0,0,24.57,24.11,24.56,23.67,23.73,24.22,24.31,24.03,4238712,4242181
PLNT,0,0,0,76.86,79.9,76.62,75.47,79.12,78.55,75.18,76.69,1223875,1182719
EL,0,0,0,168.02,173.98,169.37,171.53,173.23,173.6,169.49,165.39,1807849,1808297
LVMHF,0,0,0,386.0,395.24,398.0,392.1,386.0,392.48,388.0,382.9,545,525
LULU,0,0,0,177.36,181.78,176.63,175.61,179.88,180.44,175.1,175.96,2297722,2225070
ADDYY,0,0,0,148.93,154.49,151.52,149.77,147.76,152.22,148.26,154.87,20239,20256
COTY,0,0,0,13.52,13.69,13.56,13.1,13.21,13.39,13.18,13.59,7600315,7866521
LVMUY,0,0,0,78.2,79.2,77.75,78.6,78.88,80.2,76.29,78.16,255759,257299
GOOS,0,0,0,49.43,53.64,50.71,49.41,50.48,53.83,50.06,49.55,3528982,3448302
ETSY,0,0,0,67.18,67.0,66.33,67.5,66.75,68.29,66.97,66.9,2005813,1955703
ULTA,0,0,0,345.64,349.8,340.5,352.67,343.21,350.7,337.54,343.13,1056330,1042662
NKE,0,0,0,83.5,83.99,83.13,84.32,84.3,86.55,82.92,84.14,7954456,8010865
SBUX,0,0,0,78.6,78.57,78.31,77.02,78.7,79.53,76.86,79.72,16432114,16600019
SNAP,0,0,0,11.76,11.6,11.27,11.93,11.87,11.8,11.55,11.83,48221528,48425917
FIZZ,0,0,0,48.01,52.48,46.99,51.4,47.41,53.05,46.87,50.5,826243,826609
