symbol,change,changeOverTime,changePercent,close,high,low,open,uClose,uHigh,uLow,uOpen,uVolume,volume
NFLX,9.38,0.02714,2.714,354.99,356.5,341.39,343.34,354.99,356.5,341.39,343.34,6340118,6340118
KSS,-1.28,-0.019542,-1.9542,64.22,67.64,63.75,65.14,64.22,67.64,63.75,65.14,5818354,5818354
DECK,-1.59,-0.010978,-1.0978,143.24,145.37,141.66,143.96,143.24,145.37,141.66,143.96,580685,580685
AAPL,2.26,0.011979,1.1979,190.92,191.75,186.02,186.27,190.92,191.75,186.02,186.27,26544718,26544718
VFC,0.35,0.003874,0.3874,90.7,91.15,89.28,89.64,90.7,91.15,89.28,89.64,1328401,1328401
FB,5.54,0.030653,3.0653,186.27,187.28,180.02,180.42,186.27,187.28,180.02,180.42,16746904,16746904
DEO,0.95,0.005618,0.5618,170.05,170.94,169.39,169.61,170.05,170.94,169.39,169.61,330288,330288
LRLCF,0.4132,0.00155,0.155,267.0,267.0,267.0,267.0,267.0,267.0,267.0,267.0,442,442
TIF,0.02,0.000203,0.0203,98.36,99.41,96.4,97.92,98.36,99.41,96.4,97.92,2053983,2053983
DIS,1.48,0.011111,1.1111,134.68,135.21,132.04,132.55,134.68,135.21,132.04,132.55,9734068,9734068
SPY,1.66,0.005857,0.5857,285.06,285.77,281.36,281.59,285.06,285.77,281.36,281.59,73956407,73956407
LB,-0.05,-0.002221,-0.2221,22.46,22.6,21.82,22.26,22.46,22.6,21.82,22.26,4090626,4090626
TGT,-0.45,-0.006315,-0.6315,70.81,71.22,70.26,70.94,70.81,71.22,70.26,70.94,5578927,5578927
TM,1.57,0.013186,1.3186,120.64,120.89,118.46,118.85,120.64,120.89,118.46,118.85,274274,274274
UAA,-0.27,-0.012483,-1.2483,21.36,21.72,21.34,21.53,21.36,21.72,21.34,21.53,4220829,4220829
PLNT,0.31,0.003952,0.3952,78.76,79.42,77.98,78.24,78.76,79.42,77.98,78.24,1347427,1347427
EL,2.97,0.017784,1.7784,169.97,170.17,166.55,166.8,169.97,170.17,166.55,166.8,1352973,1352973
LVMHF,-1.71,-0.004542,-0.4542,374.75,378.51,369.1,369.1,374.75,378.51,369.1,369.1,104,104
LULU,2.2,0.01289,1.289,172.88,173.75,168.85,169.82,172.88,173.75,168.85,169.82,1223342,1223342
ADDYY,1.76,0.012547,1.2547,142.03,142.07,138.56,138.6,142.03,142.07,138.56,138.6,33622,33622
COTY,1.17,0.096535,9.6535,13.29,13.29,12.16,12.23,13.29,13.29,12.16,12.23,25077105,25077105
GOOS,-0.1,-0.00203,-0.203,49.17,50.0,48.8,48.82,49.17,50.0,48.8,48.82,728606,728606
ETSY,3.07,0.052193,5.2193,61.89,61.96,58.02,58.05,61.89,61.96,58.02,58.05,2297683,2297683
ULTA,5.38,0.016044,1.6044,340.7,340.95,333.47,335.06,340.7,340.95,333.47,335.06,677928,677928
NKE,0.34,0.004064,0.4064,84.01,84.49,82.94,83.17,84.01,84.49,82.94,83.17,4862202,4862202
AVP,0.04,0.012539,1.2539,3.23,3.28,3.14,3.15,3.23,3.28,3.14,3.15,5941819,5941819
SBUX,0.7,0.009084,0.9084,77.76,77.94,76.53,76.69,77.76,77.94,76.53,76.69,5415741,5415741
SNAP,0.17,0.016206,1.6206,10.66,10.73,10.4,10.45,10.66,10.73,10.4,10.45,12390524,12390524
BYND,7.24,0.090863,9.0863,86.92,93.0,74.55,79.0,86.92,93.0,74.55,79.0,18356209,18356209
FIZZ,0.44,0.008466,0.8466,52.41,52.64,50.81,51.64,52.41,52.64,50.81,51.64,392659,392659
