symbol,change,changeOverTime,changePercent,close,high,low,open,uClose,uHigh,uLow,uOpen,uVolume,volume
NFLX,0,0,0,336.63,347.66,332.65,343.56,336.63,347.66,332.65,343.56,7849589,7849589
KSS,0,0,0,50.28,51.32,49.15,49.32,50.28,51.32,49.15,49.32,4821209,4821209
DECK,0,0,0,154.22,155.86,150.89,151.1,154.22,155.86,150.89,151.1,776204,776204
AAPL,0,0,0,173.3,177.92,170.27,175.6,173.3,177.92,170.27,175.6,40396069,40396069
VFC,0,0,0,82.96,83.75,81.55,81.85,82.96,83.75,81.55,81.85,1813807,1813807
FB,0,0,0,164.15,175.05,161.01,175.0,164.15,175.05,161.01,175.0,56059609,56059609
YRIV,0,0,0,0.68,0.7189,0.665,0.7189,0.68,0.7189,0.665,0.7189,1510257,1510257
DEO,0,0,0,169.83,170.08,168.9,169.74,169.83,170.08,168.9,169.74,247692,247692
LRLCF,0,0,0,266.25,0.0,0.0,0.0,266.25,0.0,0.0,0.0,241,241
TIF,0,0,0,90.17,90.96,88.67,89.2,90.17,90.96,88.67,89.2,3247857,3247857
DIS,0,0,0,132.47,132.95,131.49,132.02,132.47,132.95,131.49,132.02,7901387,7901387
SPY,0,0,0,274.57,276.55,273.09,275.31,274.57,276.55,273.09,275.31,96427952,96427952
LB,0,0,0,22.78,22.96,22.29,22.29,22.78,22.96,22.29,22.29,5025649,5025649
TGT,0,0,0,82.95,83.76,80.56,80.6,82.95,83.76,80.56,80.6,7071913,7071913
TM,0,0,0,118.13,118.27,117.44,117.58,118.13,118.27,117.44,117.58,101963,101963
UAA,0,0,0,23.57,23.6,22.71,22.73,23.57,23.6,22.71,22.73,6684030,6684030
PLNT,0,0,0,76.39,77.61,75.56,76.5,76.39,77.61,75.56,76.5,1428913,1428913
EL,0,0,0,164.15,164.95,161.2,161.41,164.15,164.95,161.2,161.41,1826261,1826261
LVMHF,0,0,0,379.48,380.1,376.3,376.3,379.48,380.1,376.3,376.3,651,651
LULU,0,0,0,163.87,167.5,162.29,165.83,163.87,167.5,162.29,165.83,1634928,1634928
ADDYY,0,0,0,145.14,145.41,143.98,144.35,145.14,145.41,143.98,144.35,34191,34191
SHMP,0,0,0,0.103,0.137,0.0959,0.1365,0.103,0.137,0.0959,0.1365,8464859,8464859
COTY,0,0,0,12.58,12.61,12.22,12.38,12.58,12.61,12.22,12.38,5841703,5841703
GOOS,0,0,0,34.08,34.15,32.83,33.4,34.08,34.15,32.83,33.4,4067736,4067736
ETSY,0,0,0,61.07,62.7,60.21,61.95,61.07,62.7,60.21,61.95,1826751,1826751
ULTA,0,0,0,330.6,337.36,327.85,333.89,330.6,337.36,327.85,333.89,1023700,1023700
NKE,0,0,0,77.96,78.58,77.08,77.24,77.96,78.58,77.08,77.24,11665482,11665482
AVP,0,0,0,3.64,3.79,3.63,3.75,3.64,3.79,3.63,3.75,12001807,12001807
SBUX,0,0,0,76.22,76.53,75.65,76.12,76.22,76.53,75.65,76.12,8122316,8122316
SNAP,0,0,0,11.69,12.37,11.53,11.88,11.69,12.37,11.53,11.88,33333276,33333276
BYND,0,0,0,96.16,108.67,95.66,104.14,96.16,108.67,95.66,104.14,8027710,8027710
FIZZ,0,0,0,46.94,46.99,45.05,45.34,46.94,46.99,45.05,45.34,491505,491505
