symbol,change,changeOverTime,changePercent,close,high,low,open,uClose,uHigh,uLow,uOpen,uVolume,volume
NFLX,-0.67,-0.002097,-0.2097,318.83,319.41,311.8,317.49,318.83,319.41,311.8,317.49,6280343,6280343
KSS,0.53,0.010675,1.0675,50.18,50.28,49.07,49.65,50.18,50.28,49.07,49.65,4163499,4163499
DECK,-2.82,-0.018844,-1.8844,146.83,148.97,144.89,148.62,146.83,148.97,144.89,148.62,538030,538030
AAPL,-4.41,-0.021158,-2.1158,204.02,206.43,201.63,205.53,204.02,206.43,201.63,205.53,40862122,40862122
VFC,-0.59,-0.007077,-0.7077,82.78,83.83,82.32,83.47,82.78,83.83,82.32,83.47,2022804,2022804
FB,-3.71,-0.01925,-1.925,189.02,192.62,188.07,191.1,189.02,192.62,188.07,191.1,15296975,15296975
DEO,-2.02,-0.011964,-1.1964,166.82,168.5,166.49,168.29,166.82,168.5,166.49,168.29,407821,407821
LRLCF,-4.1,-0.015236,-1.5236,265.0,265.23,265.0,265.23,265.0,265.23,265.0,265.23,727,727
TIF,-1.15,-0.012606,-1.2606,90.08,92.07,89.94,90.98,90.08,92.07,89.94,90.98,1364535,1364535
DIS,-0.14,-0.000987,-0.0987,141.71,142.22,139.94,140.99,141.71,142.22,139.94,140.99,6539050,6539050
SPY,-2.22,-0.00753,-0.753,292.62,294.12,290.9,293.85,292.62,294.12,290.9,293.85,116749695,116749695
LB,-0.15,-0.00617,-0.617,24.16,24.76,24.1,24.76,24.16,24.76,24.1,24.76,4086775,4086775
TGT,-1.1,-0.013314,-1.3314,81.52,82.73,81.45,82.53,81.52,82.73,81.45,82.53,5134530,5134530
TM,-0.67,-0.005169,-0.5169,128.95,129.19,128.0,128.0,128.95,129.19,128.0,128.0,101098,101098
UAA,-0.01,-0.000463,-0.0463,21.57,22.06,21.23,21.44,21.57,22.06,21.23,21.44,7780392,7780392
PLNT,-1.43,-0.018326,-1.8326,76.6,77.85,76.24,77.55,76.6,77.85,76.24,77.55,956512,956512
EL,-0.56,-0.003064,-0.3064,182.2,184.29,181.13,182.0,182.2,184.29,181.13,182.0,1233071,1233071
LVMHF,-11.72,-0.028605,-2.8605,398.0,405.21,397.76,405.0,398.0,405.21,397.76,405.0,324,324
LULU,-6.52,-0.035158,-3.5158,178.93,184.89,177.6,184.6,178.93,184.89,177.6,184.6,1937682,1937682
ADDYY,-6.99,-0.042771,-4.2771,156.44,157.29,155.41,157.29,156.44,157.29,155.41,157.29,60948,60948
COTY,-0.18,-0.016544,-1.6544,10.7,10.9,10.59,10.9,10.7,10.9,10.59,10.9,3551281,3551281
GOOS,-0.01,-0.000224,-0.0224,44.57,44.78,42.88,43.37,44.57,44.78,42.88,43.37,1286150,1286150
ETSY,-8.43,-0.123716,-12.3716,59.71,68.65,59.68,64.08,59.71,68.65,59.68,64.08,8312162,8312162
ULTA,-8.49,-0.024572,-2.4572,337.02,348.57,334.16,346.24,337.02,348.57,334.16,346.24,811059,811059
NKE,-1.98,-0.023821,-2.3821,81.14,83.24,80.79,82.53,81.14,83.24,80.79,82.53,8761409,8761409
AVP,0.01,0.002309,0.2309,4.34,4.38,4.2,4.33,4.34,4.38,4.2,4.33,8923453,8923453
SBUX,0.13,0.001363,0.1363,95.51,96.04,94.8,95.0,95.51,96.04,94.8,95.0,6381721,6381721
SNAP,0.35,0.020983,2.0983,17.03,17.23,16.46,16.54,17.03,17.23,16.46,16.54,23809371,23809371
BYND,1.07,0.006078,0.6078,177.11,181.91,175.05,177.6,177.11,181.91,175.05,177.6,5806924,5806924
FIZZ,3.24,0.075279,7.5279,46.28,46.98,45.29,46.9,46.28,46.98,45.29,46.9,1380852,1380852
