symbol,change,changeOverTime,changePercent,close,high,low,open,uClose,uHigh,uLow,uOpen,uVolume,volume
NFLX,0,0,0,309.38,311.75,304.75,306.25,309.38,311.75,304.75,306.25,4951733,4951733
KSS,0,0,0,48.2,48.35,46.05,46.33,48.2,48.35,46.05,46.33,6038734,6038734
DECK,0,0,0,137.74,140.98,137.2,137.71,137.74,140.98,137.2,137.71,520288,520288
AAPL,0,0,0,210.35,212.73,210.03,210.62,210.35,212.73,210.03,210.62,24431915,24431915
VFC,0,0,0,79.99,80.19,79.11,80.17,79.99,80.19,79.11,80.17,1312380,1312380
FB,0,0,0,186.17,187.5,184.85,186.01,186.17,187.5,184.85,186.01,9699661,9699661
YRIV,0,0,0,0.61,0.778,0.57,0.59,0.61,0.778,0.57,0.59,11294373,11294373
DEO,0,0,0,166.86,168.08,166.78,167.75,166.86,168.08,166.78,167.75,377335,377335
LRLCF,0,0,0,265.3,265.3,264.83,264.83,265.3,265.3,264.83,264.83,2000,2000
TIF,0,0,0,82.09,83.14,81.19,82.01,82.09,83.14,81.19,82.01,2192327,2192327
DIS,0,0,0,135.29,137.62,134.28,136.79,135.29,137.62,134.28,136.79,11741800,11741800
SPY,0,0,0,292.33,293.08,291.44,292.19,292.33,293.08,291.44,292.19,53640153,53640153
LB,0,0,0,20.23,20.85,20.2,20.63,20.23,20.85,20.2,20.63,5478416,5478416
TGT,0,0,0,86.58,86.88,85.71,86.5,86.58,86.88,85.71,86.5,7353752,7353752
TM,0,0,0,129.64,129.97,129.5,129.67,129.64,129.97,129.5,129.67,73867,73867
UAA,0,0,0,18.77,19.1,18.77,19.0,18.77,19.1,18.77,19.0,3756804,3756804
PLNT,0,0,0,69.49,71.31,69.44,70.6,69.49,71.31,69.44,70.6,805308,805308
EL,0,0,0,201.65,202.84,191.31,195.2,201.65,202.84,191.31,195.2,5316346,5316346
LVMHF,0,0,0,393.9,397.19,393.3,397.19,393.9,397.19,393.3,397.19,98,98
LULU,0,0,0,178.67,181.03,177.37,179.95,178.67,181.03,177.37,179.95,1181520,1181520
ADDYY,0,0,0,143.84,144.71,143.64,144.66,143.84,144.71,143.64,144.66,15142,15142
SHMP,0,0,0,0.1235,0.137,0.11,0.125,0.1235,0.137,0.11,0.125,6611997,6611997
COTY,0,0,0,9.19,9.45,9.16,9.41,9.19,9.45,9.16,9.41,5991293,5991293
GOOS,0,0,0,38.72,39.56,37.97,38.5,38.72,39.56,37.97,38.5,1350912,1350912
ETSY,0,0,0,52.41,53.53,51.49,53.48,52.41,53.53,51.49,53.48,3121164,3121164
ULTA,0,0,0,325.25,328.77,322.45,327.43,325.25,328.77,322.45,327.43,812589,812589
NKE,0,0,0,81.13,82.34,80.83,82.0,81.13,82.34,80.83,82.0,7027942,7027942
AVP,0,0,0,4.18,4.29,4.15,4.18,4.18,4.29,4.15,4.18,4700099,4700099
SBUX,0,0,0,96.66,97.41,96.22,97.23,96.66,97.41,96.22,97.23,5325315,5325315
SNAP,0,0,0,16.16,16.2,15.85,16.07,16.16,16.2,15.85,16.07,18707497,18707497
BYND,0,0,0,144.51,148.5,140.77,147.39,144.51,148.5,140.77,147.39,3855497,3855497
FIZZ,0,0,0,43.37,44.11,42.57,42.75,43.37,44.11,42.57,42.75,271409,271409
