symbol,change,changeOverTime,changePercent,close,high,low,open,uClose,uHigh,uLow,uOpen,uVolume,volume
NFLX,4.32,0.012169,1.2169,359.31,364.0,353.94,356.37,359.31,364.0,353.94,356.37,6441463,6441463
KSS,-0.45,-0.007007,-0.7007,63.77,64.77,63.44,64.43,63.77,64.77,63.44,64.43,4011665,4011665
DECK,1.26,0.008796,0.8796,144.5,146.05,143.69,143.98,144.5,146.05,143.69,143.98,361156,361156
AAPL,-0.84,-0.0044,-0.44,190.08,192.47,188.84,189.91,190.08,192.47,188.84,189.91,33031364,33031364
VFC,0.6,0.006615,0.6615,91.3,92.17,90.84,91.0,91.3,92.17,90.84,91.0,1469387,1469387
FB,0.72,0.003865,0.3865,186.99,188.58,185.05,185.05,186.99,188.58,185.05,185.05,12953111,12953111
YRIV,-0.0555,-0.0625,-6.25,0.8325,0.891,0.83,0.8889,0.8325,0.891,0.83,0.8889,1585571,1585571
DEO,0.75,0.00441,0.441,170.8,171.58,169.96,170.25,170.8,171.58,169.96,170.25,350760,350760
LRLCF,4.1,0.015356,1.5356,271.1,271.1,271.1,271.1,271.1,271.1,271.1,271.1,30,30
TIF,1.08,0.01098,1.098,99.44,100.11,98.51,98.78,99.44,100.11,98.51,98.78,1437410,1437410
DIS,0.82,0.006089,0.6089,135.5,136.4,134.81,135.29,135.5,136.4,134.81,135.29,9689397,9689397
SPY,2.64,0.009261,0.9261,287.7,289.21,285.76,285.84,287.7,289.21,285.76,285.84,76749643,76749643
LB,-0.11,-0.004898,-0.4898,22.35,22.91,22.3,22.53,22.35,22.91,22.3,22.53,4638023,4638023
TGT,-0.03,-0.000424,-0.0424,70.78,71.94,70.61,71.49,70.78,71.94,70.61,71.49,4476182,4476182
TM,-0.74,-0.006134,-0.6134,119.9,120.29,119.0,119.15,119.9,120.29,119.0,119.15,160907,160907
UAA,0.52,0.024345,2.4345,21.88,22.05,21.41,21.44,21.88,22.05,21.41,21.44,3756868,3756868
PLNT,1.96,0.024886,2.4886,80.72,81.14,78.86,78.92,80.72,81.14,78.86,78.92,1015058,1015058
EL,0.73,0.004295,0.4295,170.7,172.99,168.19,170.0,170.7,172.99,168.19,170.0,1714530,1714530
LVMHF,7.47,0.019933,1.9933,382.22,382.22,374.6,374.6,382.22,382.22,374.6,374.6,158,158
LULU,3.92,0.022675,2.2675,176.8,177.06,173.68,173.9,176.8,177.06,173.68,173.9,1329962,1329962
ADDYY,-1.98,-0.013941,-1.3941,140.05,140.67,139.83,140.57,140.05,140.67,139.83,140.57,71133,71133
SHMP,-0.001,-0.005236,-0.5236,0.19,0.1917,0.185,0.191,0.19,0.1917,0.185,0.191,2601130,2601130
COTY,-0.05,-0.003762,-0.3762,13.24,13.59,13.1,13.42,13.24,13.59,13.1,13.42,10868197,10868197
GOOS,0.7,0.014236,1.4236,49.87,50.59,49.16,50.01,49.87,50.59,49.16,50.01,899171,899171
ETSY,1.76,0.028438,2.8438,63.65,64.24,61.91,61.91,63.65,64.24,61.91,61.91,2350849,2350849
ULTA,2.54,0.007455,0.7455,343.24,348.46,341.31,341.31,343.24,348.46,341.31,341.31,512094,512094
NKE,0.27,0.003214,0.3214,84.28,85.4,84.2,84.51,84.28,85.4,84.2,84.51,6745317,6745317
AVP,-0.09,-0.027864,-2.7864,3.14,3.27,3.08,3.22,3.14,3.27,3.08,3.22,6609393,6609393
SBUX,1.14,0.01466,1.466,78.9,79.24,77.57,77.66,78.9,79.24,77.57,77.66,6941762,6941762
SNAP,0.76,0.071295,7.1295,11.42,11.54,10.72,10.72,11.42,11.54,10.72,10.72,36343789,36343789
BYND,6.0,0.069029,6.9029,92.92,96.78,89.51,90.1,92.92,96.78,89.51,90.1,13900335,13900335
FIZZ,0.42,0.008014,0.8014,52.83,53.87,52.19,52.4,52.83,53.87,52.19,52.4,349988,349988
