symbol,change,changeOverTime,changePercent,close,high,low,open,uClose,uHigh,uLow,uOpen,uVolume,volume
NFLX,0,0,0,365.29,362.2,358.0,364.5,364.89,368.21,352.3,357.0,5873592,5719729
DECK,0,0,0,155.26,154.0,151.93,156.6,151.34,159.0,152.81,150.9,949238,953203
AAPL,0,0,0,181.38,181.53,182.0,184.26,180.33,183.1,177.0,180.77,28940305,29754202
VFC,0,0,0,82.55,86.75,82.37,82.0,84.68,83.2,83.31,83.0,2565167,2489444
FB,0,0,0,182.77,188.77,189.45,188.8,183.4,193.57,190.11,186.4,13196141,13258672
DEO,0,0,0,170.08,172.43,174.8,172.13,173.58,174.45,172.4,170.31,317830,317019
LRLCF,0,0,0,266.0,270.7,278.0,269.9,268.89,275.3,276.9,273.9,52,53
TIF,0,0,0,92.24,94.12,90.91,91.24,93.93,95.41,91.88,90.6,2498190,2570149
DIS,0,0,0,135.75,136.04,133.88,135.55,132.17,132.99,132.44,137.42,7885445,8045542
LB,0,0,0,23.39,24.93,22.64,25.45,23.69,24.69,22.91,25.3,8620034,8769390
TGT,0,0,0,83.15,80.83,80.48,80.39,81.35,82.74,79.85,83.54,5838553,5843906
LRLCY,0,0,0,55.1,55.7,54.73,53.67,55.5,53.8,54.6,55.85,59963,60111
UAA,0,0,0,22.9,24.0,22.89,23.98,23.2,24.1,23.06,23.87,5598984,5674825
PLNT,0,0,0,76.94,77.53,77.16,77.04,75.17,77.69,75.95,75.28,1605971,1602183
EL,0,0,0,164.2,171.4,161.96,168.14,166.26,166.33,166.77,174.22,1541680,1564050
LVMHF,0,0,0,379.0,378.0,383.26,387.9,378.0,379.0,390.79,393.8,330,325
LULU,0,0,0,162.66,177.4,166.62,179.31,163.07,177.1,163.87,177.31,5065059,4924674
ADDYY,0,0,0,149.09,148.27,147.48,148.26,144.22,148.98,149.49,148.82,27858,27817
COTY,0,0,0,13.03,13.03,12.6,13.07,12.83,13.58,12.7,13.46,8194299,7912121
LVMUY,0,0,0,78.26,78.64,75.13,77.94,76.41,75.98,77.07,78.32,148367,147026
GOOS,0,0,0,34.69,42.61,34.49,43.09,35.24,44.02,35.03,42.09,20729623,20882502
ETSY,0,0,0,62.43,67.06,61.54,66.82,64.82,64.48,61.59,66.03,1748424,1726096
ULTA,0,0,0,329.31,334.72,335.42,340.69,323.07,337.82,334.59,333.77,1066797,1070146
NKE,0,0,0,79.28,80.98,79.5,80.98,78.87,82.27,80.0,81.45,10230231,10598046
SBUX,0,0,0,77.41,76.26,77.75,78.59,78.54,76.24,74.52,75.93,10716774,10750186
SNAP,0,0,0,11.72,11.76,11.26,11.7,11.79,12.12,11.43,11.75,19260640,19070096
FIZZ,0,0,0,49.03,48.32,47.05,48.82,49.0,49.13,47.81,47.05,395199,390449
