symbol,change,changeOverTime,changePercent,close,high,low,open,uClose,uHigh,uLow,uOpen,uVolume,volume
NFLX,-0.74,-0.002102,-0.2102,351.27,357.58,348.5,355.0,351.27,357.58,348.5,355.0,5396712,5396712
KSS,-0.85,-0.017418,-1.7418,47.95,48.82,47.42,48.3,47.95,48.82,47.42,48.3,3241559,3241559
DECK,3.63,0.022122,2.2122,167.72,168.51,164.89,165.91,167.72,168.51,164.89,165.91,565967,565967
AAPL,2.23,0.01158,1.158,194.81,196.0,193.6,194.86,194.81,196.0,193.6,194.86,26932882,26932882
VFC,-0.21,-0.002451,-0.2451,85.48,86.73,85.35,86.09,85.48,86.73,85.35,86.09,918463,918463
FB,3.28,0.018762,1.8762,178.1,179.98,176.79,178.48,178.1,179.98,176.79,178.48,15266644,15266644
DEO,-0.17,-0.000984,-0.0984,172.59,173.01,172.12,172.64,172.59,173.01,172.12,172.64,225517,225517
LRLCF,0.8084,0.002913,0.2913,278.31,280.4,278.31,280.4,278.31,280.4,278.31,280.4,971,971
TIF,-0.05,-0.000543,-0.0543,92.09,92.96,91.97,92.84,92.09,92.96,91.97,92.84,1117202,1117202
DIS,-1.99,-0.014518,-1.4518,135.08,137.75,134.94,137.59,135.08,137.75,134.94,137.59,6352215,6352215
SPY,-0.07,-0.000242,-0.0242,288.9,291.4,288.18,290.99,288.9,291.4,288.18,290.99,58641325,58641325
LB,0.36,0.016499,1.6499,22.18,22.55,21.95,21.99,22.18,22.55,21.95,21.99,5495362,5495362
TGT,0.3,0.003427,0.3427,87.85,88.64,87.63,88.0,87.85,88.64,87.63,88.0,4285057,4285057
TM,1.5,0.012147,1.2147,124.99,125.25,124.38,124.5,124.99,125.25,124.38,124.5,153523,153523
UAA,0.4,0.015516,1.5516,26.18,26.26,25.9,25.98,26.18,26.26,25.9,25.98,3928864,3928864
PLNT,-1.69,-0.021586,-2.1586,76.6,78.93,76.13,78.32,76.6,78.93,76.13,78.32,1660642,1660642
EL,-0.53,-0.002977,-0.2977,177.49,178.93,176.75,178.51,177.49,178.93,176.75,178.51,1191748,1191748
LVMHF,4.35,0.010767,1.0767,408.35,409.8,407.28,409.8,408.35,409.8,407.28,409.8,12643,12643
LULU,0.28,0.001634,0.1634,171.63,173.94,170.31,172.31,171.63,173.94,170.31,172.31,2016200,2016200
ADDYY,-3.83,-0.025421,-2.5421,146.83,149.8,146.33,149.8,146.83,149.8,146.33,149.8,52582,52582
COTY,-0.11,-0.008142,-0.8142,13.4,13.6,13.31,13.52,13.4,13.6,13.31,13.52,3770682,3770682
GOOS,0.98,0.028571,2.8571,35.28,35.56,34.31,34.73,35.28,35.56,34.31,34.73,1784821,1784821
ETSY,1.87,0.028633,2.8633,67.18,67.86,65.7,65.78,67.18,67.86,65.7,65.78,2668689,2668689
ULTA,2.96,0.008782,0.8782,340.01,341.89,334.56,341.22,340.01,341.89,334.56,341.22,431001,431001
NKE,0.68,0.008234,0.8234,83.26,84.34,83.13,83.65,83.26,84.34,83.13,83.65,3939370,3939370
AVP,0.12,0.031746,3.1746,3.9,3.92,3.79,3.79,3.9,3.92,3.79,3.79,9856589,9856589
SBUX,0.44,0.00537,0.537,82.37,82.86,81.85,82.3,82.37,82.86,81.85,82.3,6226559,6226559
SNAP,-0.23,-0.016703,-1.6703,13.54,13.97,13.39,13.93,13.54,13.97,13.39,13.93,21897992,21897992
BYND,-42.06,-0.250208,-25.0208,126.04,150.0,125.23,145.25,126.04,150.0,125.23,145.25,15515979,15515979
FIZZ,-2.29,-0.048272,-4.8272,45.15,47.94,42.49,47.78,45.15,47.94,42.49,47.78,2409718,2409718
