symbol,change,changeOverTime,changePercent,close,high,low,open,uClose,uHigh,uLow,uOpen,uVolume,volume
NFLX,7.3,0.020752,2.0752,359.07,360.45,348.33,351.75,359.07,360.45,348.33,351.75,9295338,9295338
KSS,-0.48,-0.007217,-0.7217,66.03,66.7,64.8,65.61,66.03,66.7,64.8,65.61,2886527,2886527
DECK,-1.12,-0.00779,-0.779,142.66,144.16,139.41,142.82,142.66,144.16,139.41,142.82,500283,500283
AAPL,0.62,0.003643,0.3643,170.8,171.26,169.38,169.71,170.8,171.26,169.38,169.71,21835747,21835747
VFC,-0.51,-0.005897,-0.5897,85.97,86.26,84.97,85.7,85.97,86.26,84.97,85.7,1164126,1164126
FB,-0.12,-0.000731,-0.0731,163.95,164.87,162.25,163.19,163.95,164.87,162.25,163.19,12755151,12755151
DEO,-0.91,-0.005837,-0.5837,155.0,156.08,154.97,155.8,155.0,156.08,154.97,155.8,323860,323860
LRLCF,-5.52,-0.021801,-2.1801,247.75,252.1,247.75,252.1,247.75,252.1,247.75,252.1,254,254
TIF,-0.6,-0.006598,-0.6598,90.33,90.74,88.86,90.27,90.33,90.74,88.86,90.27,1444823,1444823
DIS,0.46,0.004174,0.4174,110.66,111.5,109.54,109.85,110.66,111.5,109.54,109.85,6324746,6324746
SPY,-0.61,-0.002218,-0.2218,274.38,275.64,272.87,273.78,274.38,275.64,272.87,273.78,83234396,83234396
LB,-0.16,-0.005833,-0.5833,27.27,27.7,26.65,27.17,27.27,27.7,26.65,27.17,2725616,2725616
TGT,-0.39,-0.005374,-0.5374,72.18,72.99,71.11,71.73,72.18,72.99,71.11,71.73,4624820,4624820
TM,-0.38,-0.003176,-0.3176,119.25,119.5,118.63,119.08,119.25,119.5,118.63,119.08,235595,235595
UAA,0.05,0.002296,0.2296,21.83,22.05,21.54,21.63,21.83,22.05,21.54,21.63,7301920,7301920
PLNT,0.21,0.003594,0.3594,58.64,58.9,57.86,58.0,58.64,58.9,57.86,58.0,434326,434326
EL,-1.81,-0.011663,-1.1663,153.38,154.76,153.11,154.1,153.38,154.76,153.11,154.1,1538562,1538562
LVMHF,-3.17,-0.009491,-0.9491,330.83,332.3,328.29,332.3,330.83,332.3,328.29,332.3,356,356
LULU,-0.42,-0.002705,-0.2705,154.85,156.42,152.35,153.51,154.85,156.42,152.35,153.51,1120999,1120999
ADDYY,-0.91,-0.008103,-0.8103,111.39,111.82,111.13,111.36,111.39,111.82,111.13,111.36,19177,19177
COTY,-0.09,-0.008057,-0.8057,11.08,11.26,10.98,11.1,11.08,11.26,10.98,11.1,11313335,11313335
GOOS,-7.66,-0.129414,-12.9414,51.53,59.94,51.17,59.76,51.53,59.94,51.17,59.76,16674149,16674149
ETSY,-0.98,-0.017805,-1.7805,54.06,54.53,53.39,54.16,54.06,54.53,53.39,54.16,1595417,1595417
ULTA,1.05,0.003455,0.3455,305.0,307.59,300.92,302.68,305.0,307.59,300.92,302.68,1257932,1257932
NKE,-0.72,-0.008431,-0.8431,84.68,85.14,83.7,84.61,84.68,85.14,83.7,84.61,5179036,5179036
AVP,-0.32,-0.110345,-11.0345,2.58,2.79,2.35,2.62,2.58,2.79,2.35,2.62,15664728,15664728
SBUX,0.33,0.00468,0.468,70.84,71.54,69.97,70.13,70.84,71.54,69.97,70.13,9441104,9441104
SNAP,0.12,0.01323,1.323,9.19,9.32,9.01,9.05,9.19,9.32,9.01,9.05,32451037,32451037
BYND,0.0,0.0,0.0,0.0,0.0,0.0,0.0,0.0,0.0,0.0,0.0,0,0
FIZZ,-0.84,-0.011284,-1.1284,73.6,74.99,73.4,73.85,73.6,74.99,73.4,73.85,164043,164043
