symbol,change,changeOverTime,changePercent,close,high,low,open,uClose,uHigh,uLow,uOpen,uVolume,volume
NFLX,-10.74,-0.028946,-2.8946,360.3,371.0,358.29,370.75,360.3,371.0,358.29,370.75,5750383,5750383
KSS,0.03,0.000652,0.0652,46.01,46.23,45.21,45.92,46.01,46.23,45.21,45.92,5352439,5352439
DECK,-1.47,-0.008478,-0.8478,171.93,175.0,171.77,174.14,171.93,175.0,171.77,174.14,382646,382646
AAPL,-3.01,-0.015158,-1.5158,195.57,199.26,195.29,198.43,195.57,199.26,195.29,198.43,21070334,21070334
VFC,-2.44,-0.027775,-2.7775,85.41,88.11,85.33,87.77,85.41,88.11,85.33,87.77,1588211,1588211
FB,-3.76,-0.019522,-1.9522,188.84,193.14,188.13,192.88,188.84,193.14,188.13,192.88,16750309,16750309
YRIV,0.0266,0.054879,5.4879,0.5113,0.54,0.455,0.4705,0.5113,0.54,0.455,0.4705,1504807,1504807
DEO,-1.35,-0.007734,-0.7734,173.2,174.59,172.98,174.45,173.2,174.59,172.98,174.45,234517,234517
LRLCF,-4.41,-0.015252,-1.5252,284.74,292.45,284.74,292.25,284.74,292.45,284.74,292.25,1267,1267
TIF,-0.61,-0.006641,-0.6641,91.24,91.54,90.16,90.74,91.24,91.54,90.16,90.74,1431637,1431637
DIS,0.72,0.005172,0.5172,139.94,140.41,138.67,139.02,139.94,140.41,138.67,139.02,14675355,14675355
SPY,-2.88,-0.009808,-0.9808,290.76,293.73,290.64,293.7,290.76,293.73,290.64,293.7,82028656,82028656
LB,-0.51,-0.020842,-2.0842,23.96,24.7,23.84,24.43,23.96,24.7,23.84,24.43,4588490,4588490
TGT,-1.02,-0.011762,-1.1762,85.7,87.25,85.56,87.14,85.7,87.25,85.56,87.14,5061283,5061283
TM,-0.86,-0.006892,-0.6892,123.93,124.78,123.44,124.78,123.93,124.78,123.44,124.78,109318,109318
UAA,-0.6,-0.023529,-2.3529,24.9,25.73,24.84,25.56,24.9,25.73,24.84,25.56,4874409,4874409
PLNT,-3.01,-0.040506,-4.0506,71.3,74.51,70.27,74.51,71.3,74.51,70.27,74.51,3793897,3793897
EL,0.04,0.000217,0.0217,183.95,184.48,182.36,183.91,183.95,184.48,182.36,183.91,1257832,1257832
LVMHF,1.3,0.003083,0.3083,422.95,424.04,420.27,422.43,422.95,424.04,420.27,422.43,330,330
LULU,-5.38,-0.029457,-2.9457,177.26,182.89,175.17,182.64,177.26,182.89,175.17,182.64,2708571,2708571
ADDYY,-2.01,-0.013322,-1.3322,148.87,150.21,148.87,149.87,148.87,150.21,148.87,149.87,20085,20085
SHMP,-0.0002,-0.001736,-0.1736,0.115,0.125,0.1076,0.12,0.115,0.125,0.1076,0.12,2662072,2662072
COTY,0.19,0.014615,1.4615,13.19,13.32,12.93,12.96,13.19,13.32,12.93,12.96,5287994,5287994
GOOS,-1.03,-0.027785,-2.7785,36.04,37.25,35.87,36.71,36.04,37.25,35.87,36.71,1015168,1015168
ETSY,-2.14,-0.033474,-3.3474,61.79,64.5,61.27,63.68,61.79,64.5,61.27,63.68,3151742,3151742
ULTA,2.15,0.006204,0.6204,348.69,348.92,340.87,345.0,348.69,348.92,340.87,345.0,640656,640656
NKE,-1.88,-0.022249,-2.2249,82.62,84.69,82.16,84.6,82.62,84.69,82.16,84.6,7339868,7339868
AVP,-0.11,-0.027848,-2.7848,3.84,3.95,3.82,3.94,3.84,3.95,3.82,3.94,3625473,3625473
SBUX,0.6,0.007173,0.7173,84.25,85.2,83.96,84.2,84.25,85.2,83.96,84.2,7312327,7312327
SNAP,-0.23,-0.015583,-1.5583,14.53,15.0,14.28,14.69,14.53,15.0,14.28,14.69,25231137,25231137
BYND,9.61,0.068161,6.8161,150.6,150.69,138.34,138.5,150.6,150.69,138.34,138.5,6682929,6682929
FIZZ,-1.0,-0.022645,-2.2645,43.16,44.34,42.86,44.33,43.16,44.34,42.86,44.33,610228,610228
