symbol,change,changeOverTime,changePercent,close,high,low,open,uClose,uHigh,uLow,uOpen,uVolume,volume
NFLX,0,0,0,332.94,335.48,329.13,334.24,332.94,335.48,329.13,334.24,10499582,10499582
KSS,0,0,0,66.64,67.79,66.21,66.76,66.64,67.79,66.21,66.76,2796795,2796795
DECK,0,0,0,113.76,115.94,112.67,113.07,113.76,115.94,112.67,113.07,564845,564845
AAPL,0,0,0,150.0,151.27,149.22,150.85,150.0,151.27,149.22,150.85,32439186,32439186
VFC,0,0,0,71.63,72.06,70.27,70.78,71.63,72.06,70.27,70.78,3392992,3392992
FB,0,0,0,145.39,146.57,141.27,142.0,145.39,146.57,141.27,142.0,20520278,20520278
DEO,0,0,0,140.04,140.78,139.9,140.53,140.04,140.78,139.9,140.53,299323,299323
LRLCF,0,0,0,224.86,225.95,222.65,222.65,224.86,225.95,222.65,222.65,3199,3199
TIF,0,0,0,85.36,86.89,84.76,85.27,85.36,86.89,84.76,85.27,2023910,2023910
DIS,0,0,0,112.42,112.7,111.43,111.65,112.42,112.7,111.43,111.65,6980978,6980978
SPY,0,0,0,257.4,258.3,256.41,256.86,257.4,258.3,256.41,256.86,70908227,70908227
LB,0,0,0,26.44,27.27,26.27,26.27,26.44,27.27,26.27,26.27,4554736,4554736
TGT,0,0,0,68.84,69.85,68.63,69.15,68.84,69.85,68.63,69.15,4568045,4568045
TM,0,0,0,125.39,126.1,124.49,124.54,125.39,126.1,124.49,124.54,156550,156550
UAA,0,0,0,19.71,19.84,19.41,19.52,19.71,19.84,19.41,19.52,3672540,3672540
PLNT,0,0,0,57.22,58.56,57.21,58.4,57.22,58.56,57.21,58.4,1262935,1262935
EL,0,0,0,124.91,126.15,124.91,125.28,124.91,126.15,124.91,125.28,2412921,2412921
LVMHF,0,0,0,287.1,289.3,287.1,289.3,287.1,289.3,287.1,289.3,436,436
LULU,0,0,0,139.73,145.0,135.38,136.64,139.73,145.0,135.38,136.64,7152029,7152029
ADDYY,0,0,0,113.33,113.66,112.5,112.5,113.33,113.66,112.5,112.5,41589,41589
COTY,0,0,0,7.19,7.33,7.11,7.21,7.19,7.33,7.11,7.21,5633974,5633974
GOOS,0,0,0,47.06,47.71,46.38,46.94,47.06,47.71,46.38,46.94,1452006,1452006
ETSY,0,0,0,52.04,52.34,50.6,51.5,52.04,52.34,50.6,51.5,1313412,1313412
ULTA,0,0,0,274.9,282.93,274.89,282.06,274.9,282.93,274.89,282.06,928479,928479
NKE,0,0,0,76.09,76.81,75.46,75.46,76.09,76.81,75.46,75.46,5677442,5677442
AVP,0,0,0,1.87,1.9,1.76,1.78,1.87,1.9,1.76,1.78,3963166,3963166
SBUX,0,0,0,63.37,64.06,62.98,63.35,63.37,64.06,62.98,63.35,9929560,9929560
SNAP,0,0,0,6.31,6.5,6.24,6.46,6.31,6.5,6.24,6.46,10735556,10735556
BYND,0,0,0,0.0,0.0,0.0,0.0,0.0,0.0,0.0,0.0,0,0
FIZZ,0,0,0,78.08,79.21,76.27,78.61,78.08,79.21,76.27,78.61,269678,269678
