symbol,change,changeOverTime,changePercent,close,high,low,open,uClose,uHigh,uLow,uOpen,uVolume,volume
NFLX,10.59,0.030355,3.0355,359.46,364.48,352.72,355.0,359.46,364.48,352.72,355.0,18740232,18740232
KSS,0.57,0.008153,0.8153,70.48,70.71,69.28,69.28,70.48,70.71,69.28,69.28,2419006,2419006
DECK,-1.17,-0.007675,-0.7675,151.28,154.64,151.0,152.42,151.28,154.64,151.0,152.42,458846,458846
AAPL,0.02,0.0001,0.01,199.25,201.37,198.56,199.46,199.25,201.37,198.56,199.46,25696385,25696385
VFC,2.12,0.023246,2.3246,93.32,93.6,91.03,91.2,93.32,93.6,91.03,91.2,5352232,5352232
FB,-0.78,-0.004342,-0.4342,178.87,180.17,178.3,179.0,178.87,180.17,178.3,179.0,11215193,11215193
DEO,-1.22,-0.007455,-0.7455,162.42,163.22,162.26,162.98,162.42,163.22,162.26,162.98,245589,245589
LRLCF,-0.1845,-0.000686,-0.0686,268.82,274.0,268.82,271.25,268.82,274.0,268.82,271.25,478,478
TIF,1.36,0.012846,1.2846,107.23,107.68,106.0,106.15,107.23,107.68,106.0,106.15,919617,919617
DIS,-2.14,-0.016207,-1.6207,129.9,132.13,129.56,131.75,129.9,132.13,129.56,131.75,14564317,14564317
SPY,0.19,0.000655,0.0655,290.16,291.01,289.5,290.95,290.16,291.01,289.5,290.95,52153197,52153197
LB,0.44,0.01744,1.744,25.67,25.69,25.08,25.31,25.67,25.69,25.08,25.31,4082403,4082403
TGT,-0.01,-0.000122,-0.0122,81.97,82.46,81.65,82.39,81.97,82.46,81.65,82.39,2663624,2663624
TM,-0.22,-0.001804,-0.1804,121.75,122.22,121.51,121.96,121.75,122.22,121.51,121.96,114128,114128
UAA,-0.11,-0.005021,-0.5021,21.8,21.99,21.68,21.97,21.8,21.99,21.68,21.97,3237702,3237702
PLNT,0.26,0.003548,0.3548,73.55,74.6,73.14,73.62,73.55,74.6,73.14,73.62,1397300,1397300
EL,2.74,0.016397,1.6397,169.84,170.0,167.36,168.01,169.84,170.0,167.36,168.01,1332849,1332849
LVMHF,3.41,0.008776,0.8776,391.95,391.95,389.2,389.5,391.95,391.95,389.2,389.5,1110,1110
LULU,-2.68,-0.01558,-1.558,169.33,173.32,168.73,173.0,169.33,173.32,168.73,173.0,1759699,1759699
ADDYY,1.29,0.010062,1.0062,129.5,129.87,129.13,129.2,129.5,129.87,129.13,129.2,40128,40128
COTY,-0.01,-0.000894,-0.0894,11.18,11.23,11.09,11.22,11.18,11.23,11.09,11.22,10133051,10133051
GOOS,2.26,0.047093,4.7093,50.25,50.62,48.15,48.18,50.25,50.62,48.15,48.18,1930281,1930281
ETSY,0.08,0.001208,0.1208,66.28,67.38,66.05,66.69,66.28,67.38,66.05,66.69,1266963,1266963
ULTA,1.14,0.003221,0.3221,355.08,356.8,349.45,354.78,355.08,356.8,349.45,354.78,682236,682236
NKE,0.97,0.011171,1.1171,87.8,87.95,87.0,87.0,87.8,87.95,87.0,87.0,4652727,4652727
AVP,-0.09,-0.032143,-3.2143,2.71,2.82,2.68,2.81,2.71,2.82,2.68,2.81,2804117,2804117
SBUX,-0.46,-0.00604,-0.604,75.7,76.56,75.36,76.48,75.7,76.56,75.36,76.48,8336948,8336948
SNAP,-0.16,-0.013502,-1.3502,11.69,11.85,11.48,11.8,11.69,11.85,11.48,11.8,19741078,19741078
BYND,0.0,0.0,0.0,0.0,0.0,0.0,0.0,0.0,0.0,0.0,0.0,0,0
FIZZ,0.06,0.001125,0.1125,53.37,54.26,53.12,53.27,53.37,54.26,53.12,53.27,394711,394711
