symbol,change,changeOverTime,changePercent,close,high,low,open,uClose,uHigh,uLow,uOpen,uVolume,volume
NFLX,6.53,0.021399,2.1399,311.69,312.69,304.26,306.0,311.69,312.69,304.26,306.0,7488373,7488373
KSS,-0.13,-0.002753,-0.2753,47.09,47.93,46.63,47.0,47.09,47.93,46.63,47.0,4896635,4896635
DECK,-2.97,-0.018534,-1.8534,157.28,162.0,157.13,161.28,157.28,162.0,157.13,161.28,477654,477654
AAPL,-1.18,-0.004483,-0.4483,262.01,264.01,261.18,263.69,262.01,264.01,261.18,263.69,30348778,30348778
VFC,-0.7,-0.008187,-0.8187,84.8,85.93,84.78,85.59,84.8,85.93,84.78,85.59,1479615,1479615
FB,0.42,0.002126,0.2126,197.93,199.09,196.86,197.42,197.93,199.09,196.86,197.42,12130985,12130985
YRIV,0.0169,0.047875,4.7875,0.3699,0.3954,0.356,0.39,0.3699,0.3954,0.356,0.39,205410,205410
DEO,-0.92,-0.005714,-0.5714,160.08,160.68,159.51,160.54,160.08,160.68,159.51,160.54,222577,222577
LRLCF,-2.65,-0.009311,-0.9311,281.95,281.95,281.6,281.6,281.95,281.95,281.6,281.6,82,82
TIF,3.17,0.025703,2.5703,126.5,127.53,125.91,127.18,126.5,127.53,125.91,127.18,4960328,4960328
DIS,-0.03,-0.000204,-0.0204,146.9,147.47,146.26,147.16,146.9,147.47,146.26,147.16,6241359,6241359
SPY,-0.5,-0.001609,-0.1609,310.27,311.01,309.39,310.89,310.27,311.01,309.39,310.89,54664690,54664690
LB,1.28,0.080554,8.0554,17.17,18.02,15.82,16.26,17.17,18.02,15.82,16.26,27686863,27686863
TGT,1.22,0.00965,0.965,127.65,127.97,125.71,126.58,127.65,127.97,125.71,126.58,10804267,10804267
TM,0.77,0.005447,0.5447,142.14,142.38,141.86,142.1,142.14,142.38,141.86,142.1,61290,61290
UAA,0.0,0.0,0.0,16.99,17.06,16.74,17.01,16.99,17.06,16.74,17.01,4108784,4108784
PLNT,0.29,0.004044,0.4044,72.01,72.59,71.4,71.42,72.01,72.59,71.4,71.42,1216969,1216969
EL,-2.53,-0.012956,-1.2956,192.74,195.83,191.77,194.47,192.74,195.83,191.77,194.47,1610901,1610901
LVMHF,2.29,0.005256,0.5256,438.0,439.5,436.54,437.88,438.0,439.5,436.54,437.88,553,553
LULU,-0.3,-0.001382,-0.1382,216.74,218.9,216.51,216.98,216.74,218.9,216.51,216.98,978319,978319
ADDYY,0.32,0.00212,0.212,151.25,151.45,150.69,151.41,151.25,151.45,150.69,151.41,82308,82308
SHMP,-0.003,-0.028571,-2.8571,0.102,0.11,0.102,0.104,0.102,0.11,0.102,0.104,1978212,1978212
COTY,-0.1,-0.008368,-0.8368,11.85,12.4,11.76,12.0,11.85,12.4,11.76,12.0,10719599,10719599
GOOS,0.72,0.020894,2.0894,35.18,35.5,34.3,34.5,35.18,35.5,34.3,34.5,1083617,1083617
ETSY,0.84,0.020669,2.0669,41.48,41.56,40.51,40.8,41.48,41.56,40.51,40.8,3494095,3494095
ULTA,-5.8,-0.024756,-2.4756,228.49,237.64,226.71,234.35,228.49,237.64,226.71,234.35,2393018,2393018
NKE,-0.89,-0.009565,-0.9565,92.16,93.3,92.07,92.62,92.16,93.3,92.07,92.62,5493063,5493063
AVP,0.09,0.020833,2.0833,4.41,4.43,4.33,4.35,4.41,4.43,4.33,4.35,8205068,8205068
SBUX,-1.3,-0.01555,-1.555,82.3,84.04,81.76,83.75,82.3,84.04,81.76,83.75,8300483,8300483
SNAP,-0.23,-0.015023,-1.5023,15.08,15.63,15.06,15.33,15.08,15.63,15.06,15.33,21572404,21572404
BYND,0.5,0.0064,0.64,78.62,80.18,77.18,78.3,78.62,80.18,77.18,78.3,2643671,2643671
FIZZ,0.04,0.000895,0.0895,44.71,44.85,43.49,44.66,44.71,44.85,43.49,44.66,434684,434684
