symbol,change,changeOverTime,changePercent,close,high,low,open,uClose,uHigh,uLow,uOpen,uVolume,volume
NFLX,0,0,0,351.04,362.25,348.04,359.72,351.04,362.25,348.04,359.72,7486996,7486996
KSS,0,0,0,66.47,68.5,66.39,68.43,66.47,68.5,66.39,68.43,5463588,5463588
DECK,0,0,0,144.97,148.95,144.75,148.18,144.97,148.95,144.75,148.18,476103,476103
AAPL,0,0,0,175.85,177.75,173.97,175.69,175.85,177.75,173.97,175.69,27436203,27436203
VFC,0,0,0,85.85,87.57,85.62,87.43,85.85,87.57,85.62,87.43,1249038,1249038
FB,0,0,0,167.37,167.5,163.83,163.9,167.37,167.5,163.83,163.9,18894689,18894689
DEO,0,0,0,155.99,156.54,155.41,156.54,155.99,156.54,155.41,156.54,343969,343969
LRLCF,0,0,0,250.8,254.6,250.8,254.6,250.8,254.6,250.8,254.6,65,65
TIF,0,0,0,94.6,96.29,93.8,96.08,94.6,96.29,93.8,96.08,1149551,1149551
DIS,0,0,0,114.33,114.42,113.09,114.42,114.33,114.42,113.09,114.42,6014966,6014966
SPY,0,0,0,279.4,281.87,276.84,281.6,279.4,281.87,276.84,281.6,106494637,106494637
LB,0,0,0,26.81,27.76,26.56,27.6,26.81,27.76,26.56,27.6,6183978,6183978
TGT,0,0,0,72.67,73.97,72.45,73.45,72.67,73.97,72.45,73.45,7383786,7383786
TM,0,0,0,118.42,119.03,117.96,119.02,118.42,119.03,117.96,119.02,240308,240308
UAA,0,0,0,22.27,23.02,22.23,22.85,22.27,23.02,22.23,22.85,3829299,3829299
PLNT,0,0,0,61.74,61.94,60.57,61.55,61.74,61.94,60.57,61.55,2279713,2279713
EL,0,0,0,156.29,158.56,154.38,157.83,156.29,158.56,154.38,157.83,2099970,2099970
LVMHF,0,0,0,349.35,352.8,346.82,352.8,349.35,352.8,346.82,352.8,275,275
LULU,0,0,0,147.78,152.89,146.46,152.1,147.78,152.89,146.46,152.1,1450015,1450015
ADDYY,0,0,0,122.24,123.55,121.72,123.55,122.24,123.55,121.72,123.55,33511,33511
COTY,0,0,0,11.18,11.25,11.08,11.13,11.18,11.25,11.08,11.13,8191786,8191786
GOOS,0,0,0,52.6,55.88,52.15,55.61,52.6,55.88,52.15,55.61,4255085,4255085
ETSY,0,0,0,68.99,73.35,66.95,73.29,68.99,73.35,66.95,73.29,5145991,5145991
ULTA,0,0,0,311.5,317.78,308.03,316.97,311.5,317.78,308.03,316.97,832668,832668
NKE,0,0,0,85.64,87.99,85.11,87.32,85.64,87.99,85.11,87.32,7339569,7339569
AVP,0,0,0,2.89,3.28,2.87,3.24,2.89,3.28,2.87,3.24,12661359,12661359
SBUX,0,0,0,70.95,71.35,70.37,70.99,70.95,71.35,70.37,70.99,9219708,9219708
SNAP,0,0,0,9.92,10.05,9.64,9.9,9.92,10.05,9.64,9.9,21506852,21506852
BYND,0,0,0,0.0,0.0,0.0,0.0,0.0,0.0,0.0,0.0,0,0
FIZZ,0,0,0,68.08,68.47,66.65,67.62,68.08,68.47,66.65,67.62,402208,402208
