symbol,change,changeOverTime,changePercent,close,high,low,open,uClose,uHigh,uLow,uOpen,uVolume,volume
NFLX,4.58,0.017173,1.7173,271.27,273.92,266.63,268.06,271.27,273.92,266.63,268.06,7154430,7154430
KSS,0.32,0.006045,0.6045,53.26,53.5,52.03,52.43,53.26,53.5,52.03,52.43,2560441,2560441
DECK,-3.74,-0.023666,-2.3666,154.29,157.36,153.7,157.07,154.29,157.36,153.7,157.07,331028,331028
AAPL,3.22,0.013419,1.3419,243.18,243.24,241.22,242.1,243.18,243.24,241.22,242.1,19932545,19932545
VFC,-1.67,-0.017926,-1.7926,91.49,93.33,91.45,93.29,91.49,93.33,91.45,93.29,1794530,1794530
FB,3.81,0.020895,2.0895,186.15,186.38,182.0,182.01,186.15,186.38,182.0,182.01,12370819,12370819
YRIV,-0.0148,-0.033636,-3.3636,0.4252,0.4597,0.4149,0.4597,0.4252,0.4597,0.4149,0.4597,123185,123185
DEO,0.08,0.000497,0.0497,161.03,161.55,160.55,160.58,161.03,161.55,160.55,160.58,270032,270032
LRLCF,-0.75,-0.002834,-0.2834,263.85,266.65,263.2,264.0,263.85,266.65,263.2,264.0,641,641
TIF,1.47,0.016161,1.6161,92.43,92.58,89.74,90.86,92.43,92.58,89.74,90.86,1728530,1728530
DIS,-1.27,-0.009592,-0.9592,131.13,132.68,130.76,132.45,131.13,132.68,130.76,132.45,7075669,7075669
SPY,0.87,0.00291,0.291,299.88,299.94,298.5,298.73,299.88,299.94,298.5,298.73,34991829,34991829
LB,-0.1,-0.00564,-0.564,17.63,17.89,17.3,17.76,17.63,17.89,17.3,17.76,3685775,3685775
TGT,-1.83,-0.016168,-1.6168,111.36,113.19,110.72,113.19,111.36,113.19,110.72,113.19,5195246,5195246
TM,0.97,0.007114,0.7114,137.32,137.32,136.61,136.75,137.32,137.32,136.61,136.75,112806,112806
UAA,-0.56,-0.026193,-2.6193,20.82,21.22,20.6,21.22,20.82,21.22,20.6,21.22,4249867,4249867
PLNT,-0.34,-0.005624,-0.5624,60.12,60.77,59.62,60.26,60.12,60.77,59.62,60.26,864148,864148
EL,0.8,0.004322,0.4322,185.9,188.11,184.94,185.15,185.9,188.11,184.94,185.15,1612392,1612392
LVMHF,3.6,0.008646,0.8646,420.0,420.0,414.35,414.35,420.0,420.0,414.35,414.35,574,574
LULU,1.06,0.005186,0.5186,205.46,206.42,203.5,204.05,205.46,206.42,203.5,204.05,1072758,1072758
ADDYY,-2.03,-0.01307,-1.307,153.29,153.33,151.17,151.3,153.29,153.33,151.17,151.3,23483,23483
SHMP,-0.0023,-0.019167,-1.9167,0.1177,0.1298,0.112,0.128,0.1177,0.1298,0.112,0.128,1319394,1319394
COTY,-0.01,-0.00084,-0.084,11.9,11.97,11.68,11.9,11.9,11.97,11.68,11.9,4052244,4052244
GOOS,-1.11,-0.028411,-2.8411,37.96,39.03,37.45,38.97,37.96,39.03,37.45,38.97,1447100,1447100
ETSY,-0.19,-0.003343,-0.3343,56.64,57.38,56.16,56.68,56.64,57.38,56.16,56.68,2435083,2435083
ULTA,0.96,0.004052,0.4052,237.87,238.24,231.08,237.41,237.87,238.24,231.08,237.41,956899,956899
NKE,-3.28,-0.03431,-3.431,92.32,95.54,92.12,95.03,92.32,95.54,92.12,95.03,11985174,11985174
AVP,-0.04,-0.009346,-0.9346,4.24,4.33,4.13,4.32,4.24,4.33,4.13,4.32,6604441,6604441
SBUX,-0.72,-0.008627,-0.8627,82.74,84.41,82.13,84.31,82.74,84.41,82.13,84.31,7186615,7186615
SNAP,-0.82,-0.058571,-5.8571,13.18,14.38,12.93,13.91,13.18,14.38,12.93,13.91,112851367,112851367
BYND,-8.5,-0.079887,-7.9887,97.9,105.67,97.25,102.7,97.9,105.67,97.25,102.7,4764828,4764828
FIZZ,0.585,0.011869,1.1869,49.88,50.62,49.18,49.37,49.88,50.62,49.18,49.37,367241,367241
