symbol,change,changeOverTime,changePercent,close,high,low,open,uClose,uHigh,uLow,uOpen,uVolume,volume
NFLX,-1.62,-0.004446,-0.4446,362.75,364.2,352.75,360.9,362.75,364.2,352.75,360.9,5882572,5882572
KSS,-0.17,-0.00248,-0.248,68.37,68.65,66.86,67.92,68.37,68.65,66.86,67.92,3510214,3510214
DECK,-1.73,-0.011486,-1.1486,148.89,150.03,146.29,149.89,148.89,150.03,146.29,149.89,409938,409938
AAPL,-2.18,-0.010744,-1.0744,200.72,201.68,196.66,200.4,200.72,201.68,196.66,200.4,34908607,34908607
VFC,0.32,0.003414,0.3414,94.04,94.27,92.43,93.47,94.04,94.27,92.43,93.47,1383474,1383474
FB,-0.89,-0.004696,-0.4696,188.65,189.77,186.26,187.2,188.65,189.77,186.26,187.2,12967033,12967033
DEO,0.87,0.005166,0.5166,169.27,169.72,168.3,169.0,169.27,169.72,168.3,169.0,388972,388972
LRLCF,3.51,0.013249,1.3249,268.66,268.66,265.36,267.1,268.66,268.66,265.36,267.1,1090,1090
TIF,-0.82,-0.007755,-0.7755,104.92,105.38,103.03,104.82,104.92,105.38,103.03,104.82,1533753,1533753
DIS,-1.4,-0.010371,-1.0371,133.59,136.48,132.84,135.03,133.59,136.48,132.84,135.03,15297051,15297051
SPY,-0.87,-0.003026,-0.3026,286.66,287.33,283.3,285.23,286.66,287.33,283.3,285.23,103471104,103471104
LB,-0.13,-0.005332,-0.5332,24.25,24.29,23.68,24.1,24.25,24.29,23.68,24.1,3052033,3052033
TGT,-0.3,-0.003978,-0.3978,75.11,75.56,74.23,74.95,75.11,75.56,74.23,74.95,4549265,4549265
TM,-2.44,-0.020039,-2.0039,119.32,119.36,117.75,119.08,119.32,119.36,117.75,119.08,273300,273300
UAA,-0.16,-0.007181,-0.7181,22.12,22.3,21.67,22.22,22.12,22.3,21.67,22.22,4617747,4617747
PLNT,1.48,0.019298,1.9298,78.17,78.17,75.45,76.41,78.17,78.17,75.45,76.41,1488605,1488605
EL,-1.42,-0.008516,-0.8516,165.33,166.0,162.91,166.0,165.33,166.0,162.91,166.0,1896497,1896497
LVMHF,-5.46,-0.014331,-1.4331,375.54,377.23,372.45,373.65,375.54,377.23,372.45,373.65,341,341
LULU,-1.46,-0.008335,-0.8335,173.71,174.89,171.28,173.53,173.71,174.89,171.28,173.53,1218839,1218839
ADDYY,-2.24,-0.015524,-1.5524,142.05,142.05,139.4,140.15,142.05,142.05,139.4,140.15,28970,28970
COTY,-0.01,-0.000864,-0.0864,11.57,11.79,11.21,11.54,11.57,11.79,11.21,11.54,18445776,18445776
GOOS,0.2,0.003924,0.3924,51.17,51.97,49.05,50.42,51.17,51.97,49.05,50.42,1507307,1507307
ETSY,-7.32,-0.107521,-10.7521,60.76,65.2,59.54,63.25,60.76,65.2,59.54,63.25,10280261,10280261
ULTA,-0.1,-0.000287,-0.0287,348.05,349.13,343.28,344.52,348.05,349.13,343.28,344.52,460598,460598
NKE,0.21,0.002537,0.2537,82.98,83.01,81.54,82.21,82.98,83.01,81.54,82.21,6336567,6336567
AVP,-0.03,-0.010239,-1.0239,2.9,2.94,2.72,2.9,2.9,2.94,2.72,2.9,6840061,6840061
SBUX,-0.15,-0.001922,-0.1922,77.9,78.23,77.35,77.58,77.9,78.23,77.35,77.58,7326756,7326756
SNAP,0.16,0.014787,1.4787,10.98,11.1,10.65,10.71,10.98,11.1,10.65,10.71,15840653,15840653
BYND,-3.98,-0.055087,-5.5087,68.27,73.2,67.1,70.5,68.27,73.2,67.1,70.5,6284516,6284516
FIZZ,-1.4,-0.024774,-2.4774,55.11,56.4,54.09,56.08,55.11,56.4,54.09,56.08,238360,238360
