symbol,change,changeOverTime,changePercent,close,high,low,open,uClose,uHigh,uLow,uOpen,uVolume,volume
NFLX,2.64,0.007357,0.7357,361.46,364.0,358.89,361.02,361.46,364.0,358.89,361.02,8443210,8443210
KSS,-0.49,-0.007156,-0.7156,67.98,68.84,67.58,68.54,67.98,68.84,67.58,68.54,4676340,4676340
DECK,-0.91,-0.006378,-0.6378,141.77,143.95,141.64,143.1,141.77,143.95,141.64,143.1,518768,518768
AAPL,2.39,0.013008,1.3008,186.12,187.33,183.74,184.85,186.12,187.33,183.74,184.85,39042912,39042912
VFC,-0.16,-0.001884,-0.1884,84.78,85.36,83.93,84.93,84.78,85.36,83.93,84.93,4416102,4416102
FB,-4.19,-0.024622,-2.4622,165.98,167.58,162.51,167.16,165.98,167.58,162.51,167.16,37126000,37126000
DEO,1.79,0.011086,1.1086,163.26,164.07,163.07,163.66,163.26,164.07,163.07,163.66,620118,620118
LRLCF,3.9,0.014739,1.4739,268.5,268.5,266.63,266.63,268.5,268.5,266.63,266.63,23,23
TIF,1.09,0.011417,1.1417,96.56,97.18,95.63,95.87,96.56,97.18,95.63,95.87,1671387,1671387
DIS,0.48,0.004193,0.4193,114.96,115.48,113.68,114.5,114.96,115.48,113.68,114.5,14932667,14932667
SPY,0.15,0.000534,0.0534,281.31,282.21,280.33,280.54,281.31,282.21,280.33,280.54,81308979,81308979
LB,0.35,0.013343,1.3343,26.58,26.75,26.0,26.36,26.58,26.75,26.0,26.36,8301923,8301923
TGT,0.17,0.002223,0.2223,76.66,76.88,76.07,76.73,76.66,76.88,76.07,76.73,5274209,5274209
TM,1.27,0.01079,1.079,118.97,119.2,118.75,119.0,118.97,119.2,118.75,119.0,150908,150908
UAA,-0.14,-0.006264,-0.6264,22.21,22.69,22.14,22.38,22.21,22.69,22.14,22.38,3698746,3698746
PLNT,-0.47,-0.006935,-0.6935,67.3,67.99,67.02,67.68,67.3,67.99,67.02,67.68,1473187,1473187
EL,2.75,0.017189,1.7189,162.74,163.38,160.27,160.6,162.74,163.38,160.27,160.6,2133531,2133531
LVMHF,4.39,0.012296,1.2296,361.0,362.15,359.9,360.35,361.0,362.15,359.9,360.35,356,356
LULU,-2.39,-0.016577,-1.6577,141.79,145.48,141.55,145.23,141.79,145.48,141.55,145.23,2251122,2251122
ADDYY,0.065,0.00054,0.054,120.41,120.8,119.7,120.27,120.41,120.8,119.7,120.27,24651,24651
COTY,-0.11,-0.01,-1.0,10.89,11.04,10.84,11.03,10.89,11.04,10.84,11.03,22118581,22118581
GOOS,-0.37,-0.00719,-0.719,51.09,52.25,50.76,51.7,51.09,52.25,50.76,51.7,1014465,1014465
ETSY,-0.02,-0.000286,-0.0286,69.89,71.5,69.65,70.5,69.89,71.5,69.65,70.5,5162786,5162786
ULTA,25.9,0.082877,8.2877,338.41,345.24,327.0,327.97,338.41,345.24,327.0,327.97,3882889,3882889
NKE,-0.07,-0.000806,-0.0806,86.8,87.61,85.96,87.22,86.8,87.61,85.96,87.22,11031386,11031386
AVP,0.06,0.020979,2.0979,2.92,2.96,2.81,2.88,2.92,2.96,2.81,2.88,17269946,17269946
SBUX,-0.07,-0.00099,-0.099,70.67,71.21,70.54,70.8,70.67,71.21,70.54,70.8,13096889,13096889
SNAP,-0.12,-0.010638,-1.0638,11.16,11.67,10.93,11.56,11.16,11.67,10.93,11.56,51649522,51649522
BYND,0.0,0.0,0.0,0.0,0.0,0.0,0.0,0.0,0.0,0.0,0.0,0,0
FIZZ,-0.05,-0.000853,-0.0853,58.6,59.99,58.45,58.89,58.6,59.99,58.45,58.89,462383,462383
