symbol,change,changeOverTime,changePercent,close,high,low,open,uClose,uHigh,uLow,uOpen,uVolume,volume
NFLX,-3.03,-0.01021,-1.021,293.75,298.94,290.85,298.78,293.75,298.94,290.85,298.78,4447990,4447990
KSS,0.05,0.001059,0.1059,47.26,48.22,47.14,47.54,47.26,48.22,47.14,47.54,2514819,2514819
DECK,0.97,0.006622,0.6622,147.45,148.27,146.49,147.32,147.45,148.27,146.49,147.32,389021,389021
AAPL,-0.27,-0.001292,-0.1292,208.74,210.45,207.2,210.16,208.74,210.45,207.2,210.16,21162561,21162561
VFC,-1.35,-0.016206,-1.6206,81.95,83.61,81.9,83.25,81.95,83.61,81.9,83.25,1490743,1490743
FB,0.1,0.000539,0.0539,185.67,186.8,183.46,186.78,185.67,186.8,183.46,186.78,10785722,10785722
YRIV,-0.06,-0.086331,-8.6331,0.635,0.755,0.56,0.71,0.635,0.755,0.56,0.71,1934097,1934097
DEO,0.76,0.004457,0.4457,171.28,172.04,170.29,171.99,171.28,172.04,170.29,171.99,194717,194717
LRLCF,-6.21,-0.022232,-2.2232,273.0,275.55,273.0,275.55,273.0,275.55,273.0,275.55,256,256
TIF,-0.67,-0.007833,-0.7833,84.87,87.42,84.18,86.07,84.87,87.42,84.18,86.07,2000688,2000688
DIS,-0.58,-0.004208,-0.4208,137.26,138.5,136.76,138.29,137.26,138.5,136.76,138.29,5624066,5624066
SPY,-0.13,-0.000444,-0.0444,292.45,294.24,291.42,294.22,292.45,294.24,291.42,294.22,62961780,62961780
LB,-0.1,-0.00602,-0.602,16.51,17.07,16.5,16.78,16.51,17.07,16.5,16.78,4618039,4618039
TGT,-0.89,-0.008246,-0.8246,107.04,109.33,106.83,108.5,107.04,109.33,106.83,108.5,5311259,5311259
TM,0.13,0.000996,0.0996,130.63,131.29,130.33,131.02,130.63,131.29,130.33,131.02,50601,50601
UAA,-0.01,-0.000537,-0.0537,18.61,18.96,18.55,18.82,18.61,18.96,18.55,18.82,3125971,3125971
PLNT,-1.66,-0.022969,-2.2969,70.61,72.79,70.19,72.7,70.61,72.79,70.19,72.7,1223791,1223791
EL,-5.62,-0.027602,-2.7602,197.99,203.43,196.34,202.87,197.99,203.43,196.34,202.87,2365738,2365738
LVMHF,0.5,0.001253,0.1253,399.5,403.05,397.04,403.05,399.5,403.05,397.04,403.05,144,144
LULU,-1.39,-0.007471,-0.7471,184.67,187.74,182.59,187.48,184.67,187.74,182.59,187.48,1240021,1240021
ADDYY,0.705,0.004772,0.4772,148.45,150.0,147.94,150.0,148.45,150.0,147.94,150.0,29435,29435
SHMP,-0.0167,-0.108301,-10.8301,0.1375,0.156,0.1355,0.156,0.1375,0.156,0.1355,0.156,2376082,2376082
COTY,0.2,0.02139,2.139,9.55,9.64,9.44,9.44,9.55,9.64,9.44,9.44,5328226,5328226
GOOS,0.43,0.011663,1.1663,37.3,37.67,36.8,37.25,37.3,37.67,36.8,37.25,630292,630292
ETSY,-1.61,-0.029596,-2.9596,52.79,54.9,52.14,54.9,52.79,54.9,52.14,54.9,1958908,1958908
ULTA,-99.72,-0.29551,-29.551,237.73,254.5,235.76,252.81,237.73,254.5,235.76,252.81,16116168,16116168
NKE,-0.88,-0.010307,-1.0307,84.5,85.99,84.41,85.7,84.5,85.99,84.41,85.7,5235369,5235369
AVP,0.06,0.013986,1.3986,4.35,4.35,4.23,4.3,4.35,4.35,4.23,4.3,5204798,5204798
SBUX,-1.14,-0.011668,-1.1668,96.56,98.14,96.11,98.14,96.56,98.14,96.11,98.14,5210451,5210451
SNAP,0.05,0.003169,0.3169,15.83,15.97,15.55,15.93,15.83,15.97,15.55,15.93,10603810,10603810
BYND,2.15,0.012993,1.2993,167.63,172.29,166.7,168.67,167.63,172.29,166.7,168.67,4151727,4151727
FIZZ,0.75,0.01868,1.868,40.9,41.57,40.53,40.53,40.9,41.57,40.53,40.53,359090,359090
