symbol,change,changeOverTime,changePercent,close,high,low,open,uClose,uHigh,uLow,uOpen,uVolume,volume
NFLX,0,0,0,354.74,371.85,343.3,353.38,358.71,364.52,359.7,365.83,8175447,8242146
DECK,0,0,0,139.35,146.4,142.3,145.49,144.56,148.6,139.0,145.54,569684,565411
AAPL,0,0,0,189.69,192.17,188.99,187.79,190.11,193.63,185.39,195.15,58826650,59609682
VFC,0,0,0,91.85,95.24,94.28,94.84,90.14,94.32,94.35,93.21,2188503,2243326
FB,0,0,0,185.95,188.06,184.52,184.5,186.22,189.69,185.98,190.2,16851404,17521780
DEO,0,0,0,172.48,177.45,170.1,170.93,170.29,176.78,175.8,174.64,278353,284651
LRLCF,0,0,0,268.18,279.24,267.66,269.32,270.38,267.77,264.06,275.43,154,155
TIF,0,0,0,99.63,107.62,101.71,104.6,98.06,107.73,100.93,105.43,2803891,2791432
DIS,0,0,0,132.98,137.88,133.75,133.9,135.33,134.68,131.55,132.9,11939043,11547426
LB,0,0,0,22.96,24.05,22.93,23.54,23.38,23.44,22.31,24.4,6346476,6332725
TGT,0,0,0,74.66,73.58,73.74,75.59,72.01,74.71,71.55,75.0,6202323,6223879
LRLCY,0,0,0,53.92,53.15,53.69,54.16,53.77,54.93,52.94,52.81,58461,56993
UAA,0,0,0,21.05,21.88,21.81,21.68,21.2,21.41,21.65,21.39,5342278,5250002
PLNT,0,0,0,78.4,79.1,77.64,80.15,76.0,78.2,78.19,77.44,1422030,1384064
EL,0,0,0,171.4,172.16,167.37,161.7,169.4,166.34,162.75,168.2,2457675,2503168
LVMHF,0,0,0,375.59,383.56,372.73,382.39,372.11,371.25,363.58,368.82,480,480
LULU,0,0,0,170.78,179.66,173.31,175.0,171.04,174.77,173.57,170.0,2111890,2092738
ADDYY,0,0,0,142.97,141.82,138.77,141.17,144.46,141.96,141.4,143.02,42329,43019
COTY,0,0,0,12.19,12.1,11.69,11.69,12.2,11.8,11.39,12.02,14516679,14490454
LVMUY,0,0,0,76.2,74.3,72.6,76.1,75.8,75.4,74.9,74.6,84238,86647
GOOS,0,0,0,49.18,50.15,48.01,51.3,47.51,51.57,48.63,51.4,1345278,1381202
ETSY,0,0,0,58.57,62.37,57.68,59.77,57.54,62.78,57.1,61.35,4103909,4191846
ULTA,0,0,0,335.21,344.35,336.81,352.02,339.0,346.6,328.71,338.69,842645,815679
NKE,0,0,0,85.61,86.72,82.1,82.94,82.61,86.57,83.32,82.89,6657232,6682460
SBUX,0,0,0,79.74,78.15,78.17,80.73,78.29,78.08,76.81,78.0,10193085,9897930
SNAP,0,0,0,10.11,10.69,10.5,10.55,10.15,10.65,10.35,10.23,16307129,16125548
FIZZ,0,0,0,54.91,57.25,56.52,57.41,56.99,57.2,54.72,57.65,191211,189090
