symbol,change,changeOverTime,changePercent,close,high,low,open,uClose,uHigh,uLow,uOpen,uVolume,volume
NFLX,21.7,0.065177,6.5177,354.64,357.22,347.0,349.6,354.64,357.22,347.0,349.6,21181234,21181234
KSS,0.62,0.009304,0.9304,67.26,67.38,66.05,66.62,67.26,67.38,66.05,66.62,2086037,2086037
DECK,0.11,0.000967,0.0967,113.87,115.18,112.6,114.3,113.87,115.18,112.6,114.3,593680,593680
AAPL,3.07,0.020467,2.0467,153.07,153.39,150.05,150.27,153.07,153.39,150.05,150.27,28710324,28710324
VFC,0.43,0.006003,0.6003,72.06,72.63,71.41,71.74,72.06,72.63,71.41,71.74,1922802,1922802
FB,3.56,0.024486,2.4486,148.95,150.68,145.99,146.01,148.95,150.68,145.99,146.01,24068822,24068822
YRIV,-0.23,-0.070769,-7.0769,3.02,3.25,3.01,3.22,3.02,3.25,3.01,3.22,65640,65640
DEO,1.1,0.007855,0.7855,141.14,141.3,140.02,140.62,141.14,141.3,140.02,140.62,460476,460476
LRLCF,0.1369,0.000609,0.0609,225.0,226.2,221.45,221.45,225.0,226.2,221.45,221.45,534,534
TIF,-0.79,-0.009255,-0.9255,84.57,85.57,83.71,85.32,84.57,85.57,83.71,85.32,2018387,2018387
DIS,-0.66,-0.005871,-0.5871,111.76,113.18,110.61,112.3,111.76,113.18,110.61,112.3,9800910,9800910
SPY,2.95,0.011461,1.1461,260.35,260.7,257.81,257.82,260.35,260.7,257.81,257.82,85208271,85208271
LB,0.16,0.006051,0.6051,26.6,26.88,26.27,26.4,26.6,26.88,26.27,26.4,3287103,3287103
TGT,-0.63,-0.009152,-0.9152,68.21,68.76,67.8,68.76,68.21,68.76,67.8,68.76,3770379,3770379
TM,0.89,0.007098,0.7098,126.28,126.64,125.46,126.15,126.28,126.64,125.46,126.15,172301,172301
UAA,0.03,0.001522,0.1522,19.74,19.88,19.5,19.7,19.74,19.88,19.5,19.7,4758011,4758011
PLNT,0.78,0.013632,1.3632,58.0,58.56,57.24,57.24,58.0,58.56,57.24,57.24,873789,873789
EL,0.17,0.001361,0.1361,125.08,126.02,124.58,125.01,125.08,126.02,124.58,125.01,1579309,1579309
LVMHF,-1.8,-0.00627,-0.627,285.3,287.68,285.3,286.2,285.3,287.68,285.3,286.2,2569,2569
LULU,1.4,0.010019,1.0019,141.13,141.65,138.51,139.36,141.13,141.65,138.51,139.36,2619611,2619611
ADDYY,0.555,0.004897,0.4897,113.89,114.01,112.63,112.67,113.89,114.01,112.63,112.67,69526,69526
SHMP,0.001,0.055866,5.5866,0.0189,0.02,0.0175,0.0177,0.0189,0.02,0.0175,0.0177,5557477,5557477
COTY,0.1,0.013908,1.3908,7.29,7.36,7.17,7.19,7.29,7.36,7.17,7.19,4208336,4208336
GOOS,0.18,0.003825,0.3825,47.24,48.08,46.82,47.2,47.24,48.08,46.82,47.2,1747899,1747899
ETSY,2.29,0.044005,4.4005,54.33,54.38,52.25,52.32,54.33,54.38,52.25,52.32,1677951,1677951
ULTA,3.59,0.013059,1.3059,278.49,280.52,273.31,274.97,278.49,280.52,273.31,274.97,570855,570855
NKE,1.79,0.023525,2.3525,77.88,77.98,76.13,76.19,77.88,77.98,76.13,76.19,6212364,6212364
AVP,0.01,0.005348,0.5348,1.88,1.93,1.83,1.87,1.88,1.93,1.83,1.87,2349437,2349437
SBUX,0.71,0.011204,1.1204,64.08,64.63,63.45,63.58,64.08,64.63,63.45,63.58,7930398,7930398
SNAP,0.23,0.03645,3.645,6.54,6.57,6.38,6.47,6.54,6.57,6.38,6.47,15133286,15133286
BYND,0.0,0.0,0.0,0.0,0.0,0.0,0.0,0.0,0.0,0.0,0.0,0,0
FIZZ,2.81,0.035989,3.5989,80.89,81.07,74.18,78.26,80.89,81.07,74.18,78.26,290343,290343
