symbol,change,changeOverTime,changePercent,close,high,low,open,uClose,uHigh,uLow,uOpen,uVolume,volume
NFLX,-7.66,-0.020058,-2.0058,374.23,381.9,373.27,381.07,374.23,381.9,373.27,381.07,6541872,6541872
KSS,-2.2,-0.029147,-2.9147,73.28,75.8,73.23,75.56,73.28,75.8,73.23,75.56,5368411,5368411
DECK,2.78,0.018293,1.8293,154.75,155.42,151.18,152.04,154.75,155.42,151.18,152.04,278234,278234
AAPL,-0.32,-0.001542,-0.1542,207.16,208.48,207.05,207.36,207.16,208.48,207.05,207.36,17540609,17540609
VFC,0.14,0.00148,0.148,94.73,95.28,94.01,94.72,94.73,95.28,94.01,94.72,1510181,1510181
FB,-1.2,-0.00653,-0.653,182.58,185.14,181.65,184.49,182.58,185.14,181.65,184.49,37289871,37289871
DEO,0.33,0.002015,0.2015,164.13,164.79,163.76,163.81,164.13,164.79,163.76,163.81,433237,433237
LRLCF,-0.9017,-0.00331,-0.331,271.55,274.2,271.0,271.0,271.55,274.2,271.0,271.0,126,126
TIF,-0.99,-0.009189,-0.9189,106.75,108.87,106.72,108.04,106.75,108.87,106.72,108.04,834759,834759
DIS,1.74,0.013047,1.3047,135.1,135.75,132.72,133.11,135.1,135.75,132.72,133.11,11449455,11449455
SPY,-0.65,-0.002219,-0.2219,292.23,293.16,292.07,292.79,292.23,293.16,292.07,292.79,50392914,50392914
LB,0.82,0.032398,3.2398,26.13,26.25,25.22,25.43,26.13,26.25,25.22,25.43,5469685,5469685
TGT,0.72,0.008763,0.8763,82.88,83.34,81.67,81.67,82.88,83.34,81.67,81.67,2660026,2660026
TM,-2.06,-0.016488,-1.6488,122.88,123.22,122.65,122.75,122.88,123.22,122.65,122.75,169896,169896
UAA,0.45,0.020107,2.0107,22.83,22.98,22.27,22.44,22.83,22.98,22.27,22.44,4414242,4414242
PLNT,1.92,0.026262,2.6262,75.03,75.35,73.16,73.24,75.03,75.35,73.16,73.24,2358963,2358963
EL,-0.69,-0.004032,-0.4032,170.42,171.53,169.55,170.84,170.42,171.53,169.55,170.84,730203,730203
LVMHF,-2.6,-0.00661,-0.661,390.77,394.55,390.73,393.3,390.77,394.55,390.73,393.3,237,237
LULU,1.49,0.008429,0.8429,178.27,179.5,174.41,177.79,178.27,179.5,174.41,177.79,2474867,2474867
ADDYY,-1.26,-0.009704,-0.9704,128.59,129.36,128.45,128.87,128.59,129.36,128.45,128.87,24498,24498
COTY,-0.1,-0.008913,-0.8913,11.12,11.3,11.09,11.26,11.12,11.3,11.09,11.26,9745254,9745254
GOOS,-0.11,-0.002062,-0.2062,53.23,53.77,53.0,53.35,53.23,53.77,53.0,53.35,755284,755284
ETSY,0.86,0.013186,1.3186,66.08,66.53,65.09,65.97,66.08,66.53,65.09,65.97,1389648,1389648
ULTA,4.21,0.011973,1.1973,355.84,357.91,351.33,351.33,355.84,357.91,351.33,351.33,444359,444359
NKE,0.96,0.01098,1.098,88.39,88.82,87.43,87.67,88.39,88.82,87.43,87.67,8062966,8062966
AVP,0.05,0.017182,1.7182,2.96,2.97,2.73,2.89,2.96,2.97,2.73,2.89,6058856,6058856
SBUX,0.4,0.005264,0.5264,76.39,76.88,75.91,76.05,76.39,76.88,75.91,76.05,9347260,9347260
SNAP,-0.73,-0.060884,-6.0884,11.26,12.42,11.06,12.35,11.26,12.42,11.06,12.35,106430642,106430642
BYND,0.0,0.0,0.0,0.0,0.0,0.0,0.0,0.0,0.0,0.0,0.0,0,0
FIZZ,1.24,0.022342,2.2342,56.74,57.23,55.67,55.67,56.74,57.23,55.67,55.67,305997,305997
