symbol,change,changeOverTime,changePercent,close,high,low,open,uClose,uHigh,uLow,uOpen,uVolume,volume
NFLX,-3.49,-0.010805,-1.0805,319.5,328.58,318.74,324.25,319.5,328.58,318.74,324.25,6563156,6563156
KSS,-4.21,-0.078166,-7.8166,49.65,53.96,49.18,53.96,49.65,53.96,49.18,53.96,5908907,5908907
DECK,-6.63,-0.042424,-4.2424,149.65,157.43,148.33,156.3,149.65,157.43,148.33,156.3,697998,697998
AAPL,-4.61,-0.021639,-2.1639,208.43,218.03,206.74,213.9,208.43,218.03,206.74,213.9,54017922,54017922
VFC,-4.02,-0.046001,-4.6001,83.37,87.62,82.23,87.5,83.37,87.62,82.23,87.5,2511180,2511180
FB,-1.5,-0.007723,-0.7723,192.73,198.47,190.88,194.17,192.73,198.47,190.88,194.17,17777013,17777013
DEO,1.96,0.011745,1.1745,168.84,171.17,168.81,168.89,168.84,171.17,168.81,168.89,464740,464740
LRLCF,1.15,0.004292,0.4292,269.1,270.44,269.1,270.44,269.1,270.44,269.1,270.44,2752,2752
TIF,-2.69,-0.028641,-2.8641,91.23,95.33,90.42,93.96,91.23,95.33,90.42,93.96,2143591,2143591
DIS,-1.16,-0.008111,-0.8111,141.85,144.53,141.26,143.34,141.85,144.53,141.26,143.34,8911657,8911657
SPY,-2.59,-0.008708,-0.8708,294.84,300.87,293.96,297.6,294.84,300.87,293.96,297.6,142646576,142646576
LB,-1.64,-0.063198,-6.3198,24.31,26.22,24.12,26.0,24.31,26.22,24.12,26.0,4969718,4969718
TGT,-3.78,-0.04375,-4.375,82.62,87.04,81.03,86.19,82.62,87.04,81.03,86.19,7100520,7100520
TM,0.57,0.004417,0.4417,129.62,131.4,129.14,130.2,129.62,131.4,129.14,130.2,122801,122801
UAA,-1.49,-0.064586,-6.4586,21.58,23.16,21.37,23.05,21.58,23.16,21.37,23.05,11145715,11145715
PLNT,-0.63,-0.008009,-0.8009,78.03,79.48,77.86,78.7,78.03,79.48,77.86,78.7,908575,908575
EL,-1.43,-0.007764,-0.7764,182.76,187.14,182.45,184.49,182.76,187.14,182.45,184.49,1740825,1740825
LVMHF,-8.28,-0.019809,-1.9809,409.72,419.85,409.72,415.61,409.72,419.85,409.72,415.61,254,254
LULU,-5.64,-0.029515,-2.9515,185.45,192.15,184.07,191.28,185.45,192.15,184.07,191.28,1662265,1662265
ADDYY,3.97,0.024897,2.4897,163.43,165.01,162.49,162.49,163.43,165.01,162.49,162.49,158261,158261
COTY,-0.03,-0.00275,-0.275,10.88,11.04,10.84,10.89,10.88,11.04,10.84,10.89,3997462,3997462
GOOS,-2.21,-0.047232,-4.7232,44.58,47.92,43.26,46.99,44.58,47.92,43.26,46.99,2458803,2458803
ETSY,1.12,0.016711,1.6711,68.14,70.1,66.27,67.27,68.14,70.1,66.27,67.27,5424271,5424271
ULTA,-3.74,-0.010709,-1.0709,345.51,352.08,341.9,348.73,345.51,352.08,341.9,348.73,683861,683861
NKE,-2.91,-0.033825,-3.3825,83.12,86.77,82.7,85.26,83.12,86.77,82.7,85.26,7871849,7871849
AVP,0.08,0.018824,1.8824,4.33,4.44,4.22,4.29,4.33,4.44,4.22,4.29,13935908,13935908
SBUX,0.69,0.007287,0.7287,95.38,97.58,94.58,95.0,95.38,97.58,94.58,95.0,8342662,8342662
SNAP,-0.12,-0.007143,-0.7143,16.68,17.45,16.59,16.83,16.68,17.45,16.59,16.83,35265436,35265436
BYND,-20.47,-0.104168,-10.4168,176.04,183.99,172.0,175.14,176.04,183.99,172.0,175.14,15083506,15083506
FIZZ,-0.49,-0.011257,-1.1257,43.04,43.96,42.5,43.71,43.04,43.96,42.5,43.71,293114,293114
