symbol,change,changeOverTime,changePercent,close,high,low,open,uClose,uHigh,uLow,uOpen,uVolume,volume
NFLX,-10.11,-0.031088,-3.1088,315.1,325.85,314.23,323.4,315.1,325.85,314.23,323.4,16302482,16302482
KSS,0.76,0.015648,1.5648,49.33,49.79,48.81,48.82,49.33,49.79,48.81,48.82,2657516,2657516
DECK,-2.14,-0.012133,-1.2133,174.24,177.51,174.01,177.26,174.24,177.51,174.01,177.26,294472,294472
AAPL,-3.07,-0.014928,-1.4928,202.59,206.5,202.36,205.79,202.59,206.5,202.36,205.79,20929307,20929307
VFC,0.18,0.002065,0.2065,87.34,88.58,87.28,88.02,87.34,88.58,87.28,88.02,2413341,2413341
FB,-2.42,-0.012053,-1.2053,198.36,202.33,198.07,202.18,198.36,202.33,198.07,202.18,12098262,12098262
DEO,-0.34,-0.001989,-0.1989,170.61,170.87,169.54,170.87,170.61,170.87,169.54,170.87,544404,544404
LRLCF,0.0,0.0,0.0,279.9,0.0,0.0,0.0,279.9,0.0,0.0,0.0,0,0
TIF,-0.49,-0.00526,-0.526,92.67,94.41,92.67,93.6,92.67,94.41,92.67,93.6,999388,999388
DIS,-1.78,-0.012568,-1.2568,139.85,142.24,139.74,142.24,139.85,142.24,139.74,142.24,6109874,6109874
SPY,-1.66,-0.005555,-0.5555,297.17,300.07,296.96,300.04,297.17,300.07,296.96,300.04,71081238,71081238
LB,-0.53,-0.020099,-2.0099,25.84,26.56,25.74,26.54,25.84,26.56,25.74,26.54,3894363,3894363
TGT,-0.49,-0.005537,-0.5537,88.01,89.14,88.0,88.84,88.01,89.14,88.0,88.84,3420371,3420371
TM,0.36,0.002773,0.2773,130.17,131.6,130.03,131.31,130.17,131.6,130.03,131.31,411600,411600
UAA,-0.02,-0.000742,-0.0742,26.95,27.34,26.92,27.25,26.95,27.34,26.92,27.25,3187779,3187779
PLNT,-2.21,-0.028934,-2.8934,74.17,76.6,74.17,76.4,74.17,76.6,74.17,76.4,1083933,1083933
EL,0.59,0.003101,0.3101,190.83,192.97,190.32,192.57,190.83,192.97,190.32,192.57,1241040,1241040
LVMHF,-2.3,-0.00532,-0.532,430.0,433.6,429.0,431.75,430.0,433.6,429.0,431.75,308,308
LULU,-1.45,-0.007656,-0.7656,187.94,190.55,187.88,190.1,187.94,190.55,187.88,190.1,952796,952796
ADDYY,-2.51,-0.015799,-1.5799,156.67,157.72,155.94,157.44,156.67,157.72,155.94,157.44,26217,26217
COTY,0.02,0.00181,0.181,11.07,11.27,11.0,11.1,11.07,11.27,11.0,11.1,4961145,4961145
GOOS,0.57,0.013052,1.3052,44.24,44.33,43.57,43.83,44.24,44.33,43.57,43.83,694745,694745
ETSY,0.65,0.009969,0.9969,65.85,66.22,65.3,65.5,65.85,66.22,65.3,65.5,1354160,1354160
ULTA,-9.21,-0.02515,-2.515,357.0,367.01,356.45,365.19,357.0,367.01,356.45,365.19,574627,574627
NKE,-0.89,-0.010178,-1.0178,86.55,87.88,86.48,87.73,86.55,87.88,86.48,87.73,6635634,6635634
AVP,0.02,0.005063,0.5063,3.97,4.0,3.92,3.95,3.97,4.0,3.92,3.95,5515387,5515387
SBUX,-1.2,-0.013115,-1.3115,90.3,91.61,90.23,91.41,90.3,91.61,90.23,91.41,10804899,10804899
SNAP,-0.53,-0.036426,-3.6426,14.02,14.65,13.96,14.62,14.02,14.65,13.96,14.62,30424354,30424354
BYND,6.45,0.037865,3.7865,176.79,178.55,170.77,172.0,176.79,178.55,170.77,172.0,4256226,4256226
FIZZ,-0.31,-0.007316,-0.7316,42.06,43.21,41.7,42.3,42.06,43.21,41.7,42.3,433582,433582
