symbol,change,changeOverTime,changePercent,close,high,low,open,uClose,uHigh,uLow,uOpen,uVolume,volume
NFLX,-4.72,-0.013131,-1.3131,354.74,368.76,350.6,365.05,354.74,368.76,350.6,365.05,18054101,18054101
KSS,-0.65,-0.009222,-0.9222,69.83,71.12,69.81,70.75,69.83,71.12,69.81,70.75,2669490,2669490
DECK,1.44,0.009519,0.9519,152.72,154.08,150.83,152.23,152.72,154.08,150.83,152.23,460828,460828
AAPL,3.88,0.019473,1.9473,203.13,203.38,198.61,199.54,203.13,203.38,198.61,199.54,28906780,28906780
VFC,2.18,0.02336,2.336,95.5,95.69,93.41,93.41,95.5,95.69,93.41,93.41,5281496,5281496
FB,-0.09,-0.000503,-0.0503,178.78,180.74,178.36,179.6,178.78,180.74,178.36,179.6,9973732,9973732
DEO,-0.3,-0.001847,-0.1847,162.12,162.54,161.12,161.42,162.12,162.54,161.12,161.42,241370,241370
LRLCF,4.86,0.018078,1.8078,273.68,273.68,269.6,269.6,273.68,273.68,269.6,269.6,913,913
TIF,-1.05,-0.009792,-0.9792,106.18,107.75,105.6,107.59,106.18,107.75,105.6,107.59,1280941,1280941
DIS,1.85,0.014242,1.4242,131.75,132.36,129.28,129.81,131.75,132.36,129.28,129.81,14253715,14253715
SPY,-0.71,-0.002447,-0.2447,289.45,291.43,288.99,291.4,289.45,291.43,288.99,291.4,58268295,58268295
LB,0.0,0.0,0.0,25.67,26.25,25.63,25.79,25.67,26.25,25.63,25.79,3893023,3893023
TGT,0.71,0.008662,0.8662,82.68,83.4,82.3,82.4,82.68,83.4,82.3,82.4,3044961,3044961
TM,2.33,0.019138,1.9138,124.08,124.64,123.8,123.84,124.08,124.64,123.8,123.84,181796,181796
UAA,0.13,0.005963,0.5963,21.93,22.22,21.7,21.79,21.93,22.22,21.7,21.79,2402620,2402620
PLNT,-0.66,-0.008973,-0.8973,72.89,73.91,71.87,73.84,72.89,73.91,71.87,73.84,1107198,1107198
EL,-0.31,-0.001825,-0.1825,169.53,170.8,168.13,170.72,169.53,170.8,168.13,170.72,1425267,1425267
LVMHF,6.2,0.015818,1.5818,398.15,398.15,393.45,393.45,398.15,398.15,393.45,393.45,1355,1355
LULU,1.9,0.011221,1.1221,171.23,171.99,167.93,169.89,171.23,171.99,167.93,169.89,1674553,1674553
ADDYY,0.3,0.002317,0.2317,129.8,129.83,129.39,129.64,129.8,129.83,129.39,129.64,35536,35536
COTY,0.07,0.006261,0.6261,11.25,11.32,11.13,11.13,11.25,11.32,11.13,11.13,9725347,9725347
GOOS,2.48,0.049353,4.9353,52.73,53.04,50.5,50.6,52.73,53.04,50.5,50.6,3399489,3399489
ETSY,-2.03,-0.030628,-3.0628,64.25,67.04,63.98,66.69,64.25,67.04,63.98,66.69,1576263,1576263
ULTA,-0.75,-0.002112,-0.2112,354.33,359.69,353.93,355.08,354.33,359.69,353.93,355.08,525394,525394
NKE,0.93,0.010592,1.0592,88.73,88.97,87.45,87.95,88.73,88.97,87.45,87.95,5694880,5694880
AVP,-0.03,-0.01107,-1.107,2.68,2.73,2.61,2.72,2.68,2.73,2.61,2.72,3952790,3952790
SBUX,-0.58,-0.007662,-0.7662,75.12,75.96,74.8,75.61,75.12,75.96,74.8,75.61,9439007,9439007
SNAP,0.06,0.005133,0.5133,11.75,11.83,11.52,11.76,11.75,11.83,11.52,11.76,14681621,14681621
BYND,0.0,0.0,0.0,0.0,0.0,0.0,0.0,0.0,0.0,0.0,0.0,0,0
FIZZ,0.42,0.00787,0.787,53.79,54.1,53.31,53.7,53.79,54.1,53.31,53.7,272132,272132
