symbol,change,changeOverTime,changePercent,close,high,low,open,uClose,uHigh,uLow,uOpen,uVolume,volume
NFLX,-16.86,-0.044619,-4.4619,361.01,376.43,360.04,375.95,361.01,376.43,360.04,375.95,8661346,8661346
KSS,-1.39,-0.020316,-2.0316,67.03,68.67,66.84,68.39,67.03,68.67,66.84,68.39,2522144,2522144
DECK,-5.7,-0.038985,-3.8985,140.51,146.09,139.9,144.96,140.51,146.09,139.9,144.96,382578,382578
AAPL,-4.04,-0.020708,-2.0708,191.05,197.69,190.78,195.34,191.05,197.69,190.78,195.34,42407666,42407666
VFC,-2.12,-0.024697,-2.4697,83.72,85.43,83.71,85.17,83.72,85.43,83.71,85.17,1464147,1464147
FB,-1.74,-0.010477,-1.0477,164.34,167.42,164.09,165.65,164.34,167.42,164.09,165.65,16389185,16389185
YRIV,-0.0328,-0.056856,-5.6856,0.5441,0.59,0.535,0.5829,0.5441,0.59,0.535,0.5829,1914757,1914757
DEO,-1.03,-0.006287,-0.6287,162.79,163.8,162.14,162.95,162.79,163.8,162.14,162.95,385530,385530
LRLCF,-3.05,-0.011338,-1.1338,265.95,265.95,265.36,265.36,265.95,265.95,265.36,265.36,1231,1231
TIF,3.15,0.031481,3.1481,103.21,104.2,97.3,97.84,103.21,104.2,97.3,97.84,6379844,6379844
DIS,-0.43,-0.003957,-0.3957,108.23,109.0,107.51,108.33,108.23,109.0,107.51,108.33,24133840,24133840
SPY,-5.48,-0.019246,-1.9246,279.25,283.8,279.18,283.22,279.25,283.8,279.18,283.22,122659286,122659286
LB,-1.22,-0.043743,-4.3743,26.67,27.85,26.57,27.8,26.67,27.85,26.57,27.8,3854480,3854480
TGT,-1.17,-0.014719,-1.4719,78.32,79.59,78.25,79.15,78.32,79.59,78.25,79.15,3174534,3174534
TM,-0.22,-0.001827,-0.1827,120.22,121.16,119.83,121.11,120.22,121.16,119.83,121.11,179437,179437
UAA,-0.98,-0.045161,-4.5161,20.72,21.62,20.7,21.5,20.72,21.62,20.7,21.5,3686029,3686029
PLNT,-0.88,-0.013008,-1.3008,66.77,67.74,66.47,67.58,66.77,67.74,66.47,67.58,1140039,1140039
EL,-2.29,-0.014154,-1.4154,159.5,162.53,159.46,161.39,159.5,162.53,159.46,161.39,1033849,1033849
LVMHF,-7.85,-0.021631,-2.1631,355.05,356.55,352.65,356.55,355.05,356.55,352.65,356.55,954,954
LULU,-5.7,-0.038278,-3.8278,143.21,147.63,142.24,145.73,143.21,147.63,142.24,145.73,2644573,2644573
ADDYY,-0.25,-0.002104,-0.2104,118.56,119.47,117.91,118.79,118.56,119.47,117.91,118.79,59453,59453
SHMP,-0.024,-0.090909,-9.0909,0.24,0.257,0.22,0.257,0.24,0.257,0.22,0.257,2839796,2839796
COTY,-0.06,-0.005319,-0.5319,11.22,11.37,11.2,11.28,11.22,11.37,11.2,11.28,22547635,22547635
GOOS,-2.99,-0.05833,-5.833,48.27,50.97,48.24,50.97,48.27,50.97,48.24,50.97,2097963,2097963
ETSY,-3.42,-0.049251,-4.9251,66.02,69.25,65.57,68.97,66.02,69.25,65.57,68.97,2262168,2262168
ULTA,-4.61,-0.013756,-1.3756,330.52,336.07,328.63,334.18,330.52,336.07,328.63,334.18,695030,695030
NKE,-5.82,-0.066129,-6.6129,82.19,85.9,82.15,85.2,82.19,85.9,82.15,85.2,21659776,21659776
AVP,0.28,0.100719,10.0719,3.06,3.15,2.8,2.91,3.06,3.15,2.8,2.91,20481662,20481662
SBUX,-0.3,-0.004152,-0.4152,71.96,72.41,71.69,72.05,71.96,72.41,71.69,72.05,8022788,8022788
SNAP,-0.28,-0.025431,-2.5431,10.73,11.47,10.68,11.0,10.73,11.47,10.68,11.0,26372674,26372674
BYND,0.0,0.0,0.0,0.0,0.0,0.0,0.0,0.0,0.0,0.0,0.0,0,0
FIZZ,-0.44,-0.007702,-0.7702,56.69,57.5,56.37,56.96,56.69,57.5,56.37,56.96,212477,212477
