symbol,change,changeOverTime,changePercent,close,high,low,open,uClose,uHigh,uLow,uOpen,uVolume,volume
NFLX,5.61,0.015814,1.5814,360.35,360.41,351.64,355.0,360.35,360.41,351.64,355.0,8353165,8353165
KSS,0.54,0.007733,0.7733,70.37,70.88,69.4,69.99,70.37,70.88,69.4,69.99,2044424,2044424
DECK,0.68,0.004453,0.4453,153.4,154.59,151.41,152.34,153.4,154.59,151.41,152.34,364964,364964
AAPL,0.73,0.003594,0.3594,203.86,204.15,202.52,203.12,203.86,204.15,202.52,203.12,24195766,24195766
VFC,0.05,0.000524,0.0524,95.55,96.2,94.56,95.31,95.55,96.2,94.56,95.31,2354398,2354398
FB,-0.5,-0.002797,-0.2797,178.28,178.88,177.34,178.8,178.28,178.88,177.34,178.8,11655608,11655608
YRIV,-0.08,-0.066116,-6.6116,1.13,1.33,1.05,1.2,1.13,1.33,1.05,1.2,5084000,5084000
DEO,0.95,0.00586,0.586,163.07,163.48,162.05,162.58,163.07,163.48,162.05,162.58,226037,226037
LRLCF,-0.6751,-0.002467,-0.2467,273.0,274.85,270.55,270.55,273.0,274.85,270.55,270.55,472,472
TIF,0.94,0.008853,0.8853,107.12,108.29,105.9,106.65,107.12,108.29,105.9,106.65,1127119,1127119
DIS,0.7,0.005313,0.5313,132.45,132.87,131.11,131.77,132.45,132.87,131.11,131.77,11890584,11890584
SPY,0.57,0.001969,0.1969,290.02,290.32,288.66,290.1,290.02,290.32,288.66,290.1,68708513,68708513
LB,0.01,0.00039,0.039,25.68,25.99,25.46,25.65,25.68,25.99,25.46,25.65,3272967,3272967
TGT,0.58,0.007015,0.7015,83.26,83.48,82.44,82.76,83.26,83.48,82.44,82.76,3162904,3162904
TM,1.08,0.008704,0.8704,125.16,125.43,124.95,124.99,125.16,125.43,124.95,124.99,189831,189831
UAA,0.23,0.010488,1.0488,22.16,22.36,21.74,21.83,22.16,22.36,21.74,21.83,3707669,3707669
PLNT,0.52,0.007134,0.7134,73.41,74.34,72.48,72.93,73.41,74.34,72.48,72.93,846048,846048
EL,0.8,0.004719,0.4719,170.33,171.39,169.48,169.84,170.33,171.39,169.48,169.84,1131509,1131509
LVMHF,-1.9,-0.004772,-0.4772,396.25,398.0,396.2,397.2,396.25,398.0,396.2,397.2,1077,1077
LULU,2.08,0.012147,1.2147,173.31,174.64,169.72,171.74,173.31,174.64,169.72,171.74,2293194,2293194
ADDYY,0.49,0.003775,0.3775,130.29,130.42,130.05,130.25,130.29,130.42,130.05,130.25,62323,62323
SHMP,-0.003,-0.015707,-1.5707,0.188,0.194,0.185,0.19,0.188,0.194,0.185,0.19,1890590,1890590
COTY,0.01,0.000889,0.0889,11.26,11.29,11.18,11.24,11.26,11.29,11.18,11.24,10248172,10248172
GOOS,-0.05,-0.000948,-0.0948,52.68,52.95,51.8,52.7,52.68,52.95,51.8,52.7,1393324,1393324
ETSY,-0.85,-0.01323,-1.323,63.4,64.22,62.21,64.03,63.4,64.22,62.21,64.03,1813053,1813053
ULTA,-3.45,-0.009737,-0.9737,350.88,359.1,350.25,356.63,350.88,359.1,350.25,356.63,568164,568164
NKE,0.47,0.005297,0.5297,89.2,90.0,88.7,88.76,89.2,90.0,88.7,88.76,7016564,7016564
AVP,-0.04,-0.014925,-1.4925,2.64,2.71,2.61,2.68,2.64,2.71,2.61,2.68,2149485,2149485
SBUX,0.94,0.012513,1.2513,76.06,76.26,75.21,75.48,76.06,76.26,75.21,75.48,6607755,6607755
SNAP,-0.08,-0.006809,-0.6809,11.67,11.71,11.18,11.18,11.67,11.71,11.18,11.18,24285199,24285199
BYND,0.0,0.0,0.0,0.0,0.0,0.0,0.0,0.0,0.0,0.0,0.0,0,0
FIZZ,0.58,0.010783,1.0783,54.37,54.6,53.71,53.71,54.37,54.6,53.71,53.71,228973,228973
