symbol,change,changeOverTime,changePercent,close,high,low,open,uClose,uHigh,uLow,uOpen,uVolume,volume
NFLX,7.07,0.024696,2.4696,293.35,308.75,288.3,304.49,293.35,308.75,288.3,304.49,38462343,38462343
KSS,0.04,0.000784,0.0784,51.06,51.91,50.73,51.34,51.06,51.91,50.73,51.34,2562544,2562544
DECK,4.41,0.028696,2.8696,158.09,158.27,154.75,155.43,158.09,158.27,154.75,155.43,419411,419411
AAPL,0.91,0.003883,0.3883,235.28,236.15,233.52,235.09,235.28,236.15,233.52,235.09,17272897,17272897
VFC,0.18,0.00197,0.197,91.54,91.88,91.09,91.88,91.54,91.88,91.09,91.88,1455185,1455185
FB,0.84,0.004432,0.4432,190.39,190.84,188.77,190.3,190.39,190.84,188.77,190.3,9761548,9761548
YRIV,0.007,0.015556,1.5556,0.457,0.4748,0.44,0.45,0.457,0.4748,0.44,0.45,90012,90012
DEO,-0.33,-0.002025,-0.2025,162.65,162.98,161.5,161.61,162.65,162.98,161.5,161.61,399402,399402
LRLCF,3.35,0.012403,1.2403,273.45,273.65,270.65,270.85,273.45,273.65,270.65,270.85,305,305
TIF,0.18,0.001969,0.1969,91.58,91.89,90.92,91.64,91.58,91.89,90.92,91.64,1094725,1094725
DIS,1.51,0.011539,1.1539,132.37,133.44,130.51,132.53,132.37,133.44,130.51,132.53,8037035,8037035
SPY,0.88,0.002949,0.2949,299.28,300.24,298.52,299.68,299.28,300.24,298.52,299.68,46784885,46784885
LB,0.29,0.016283,1.6283,18.1,18.18,17.8,17.89,18.1,18.18,17.8,17.89,4987311,4987311
TGT,1.04,0.00927,0.927,113.23,113.71,112.34,112.41,113.23,113.71,112.34,112.41,4116051,4116051
TM,-0.81,-0.005923,-0.5923,135.95,136.35,135.61,136.18,135.95,136.35,135.61,136.18,115572,115572
UAA,0.27,0.013333,1.3333,20.52,20.63,20.3,20.4,20.52,20.63,20.3,20.4,1847897,1847897
PLNT,0.09,0.001481,0.1481,60.84,61.3,60.61,61.05,60.84,61.3,60.61,61.05,661860,661860
EL,-5.04,-0.026149,-2.6149,187.7,195.59,187.51,193.81,187.7,195.59,187.51,193.81,1928958,1928958
LVMHF,-0.2,-0.000476,-0.0476,419.71,422.19,415.19,422.19,419.71,422.19,415.19,422.19,344,344
LULU,1.88,0.009257,0.9257,204.96,205.65,204.23,204.8,204.96,205.65,204.23,204.8,1309839,1309839
ADDYY,1.31,0.008366,0.8366,157.29,157.65,156.82,157.34,157.29,157.65,156.82,157.34,20220,20220
SHMP,-0.007,-0.054517,-5.4517,0.1214,0.128,0.115,0.128,0.1214,0.128,0.115,0.128,2221558,2221558
COTY,-0.1,-0.009709,-0.9709,10.2,10.39,10.16,10.32,10.2,10.39,10.16,10.32,1963345,1963345
GOOS,0.47,0.011657,1.1657,40.79,41.49,40.35,40.35,40.79,41.49,40.35,40.35,706833,706833
ETSY,1.87,0.031939,3.1939,60.42,60.8,58.8,59.19,60.42,60.8,58.8,59.19,1766530,1766530
ULTA,3.12,0.012736,1.2736,248.1,251.67,244.97,244.97,248.1,251.67,244.97,244.97,1153722,1153722
NKE,0.68,0.007167,0.7167,95.56,95.89,94.97,95.57,95.56,95.89,94.97,95.57,3447921,3447921
AVP,0.04,0.009685,0.9685,4.17,4.25,4.14,4.15,4.17,4.25,4.14,4.15,4213727,4213727
SBUX,-0.42,-0.004844,-0.4844,86.29,87.02,86.16,86.88,86.29,87.02,86.16,86.88,4397738,4397738
SNAP,0.11,0.008047,0.8047,13.78,14.12,13.69,13.73,13.78,14.12,13.69,13.73,21096490,21096490
BYND,-6.57,-0.053018,-5.3018,117.35,124.58,116.86,123.99,117.35,124.58,116.86,123.99,2856541,2856541
FIZZ,0.82,0.016956,1.6956,49.18,49.42,48.51,48.94,49.18,49.42,48.51,48.94,330872,330872
