symbol,change,changeOverTime,changePercent,close,high,low,open,uClose,uHigh,uLow,uOpen,uVolume,volume
NFLX,-1.44,-0.005439,-0.5439,263.31,268.05,260.2,266.42,263.31,268.05,260.2,266.42,7696858,7696858
KSS,-0.61,-0.012254,-1.2254,49.17,49.88,48.8,49.64,49.17,49.88,48.8,49.64,1750195,1750195
DECK,6.01,0.044717,4.4717,140.41,140.98,134.91,134.93,140.41,140.98,134.91,134.93,785793,785793
AAPL,-1.14,-0.005158,-0.5158,219.89,220.94,218.83,220.0,219.89,220.94,218.83,220.0,19088312,19088312
VFC,1.05,0.012066,1.2066,88.07,88.12,87.02,87.22,88.07,88.12,87.02,87.22,1599660,1599660
FB,-2.69,-0.014716,-1.4716,180.11,181.4,177.67,181.33,180.11,181.4,177.67,181.33,16280691,16280691
YRIV,-0.1582,-0.213986,-21.3986,0.5811,0.7889,0.564,0.7389,0.5811,0.7889,0.564,0.7389,705740,705740
DEO,1.65,0.010262,1.0262,162.43,162.93,161.9,162.0,162.43,162.93,161.9,162.0,322021,322021
LRLCF,3.36,0.012369,1.2369,275.0,275.65,275.0,275.65,275.0,275.65,275.0,275.65,213,213
TIF,-1.19,-0.012932,-1.2932,90.83,92.54,89.58,92.23,90.83,92.54,89.58,92.23,1076521,1076521
DIS,-1.82,-0.013675,-1.3675,131.27,133.3,129.06,133.14,131.27,133.3,129.06,133.14,11851673,11851673
SPY,-0.62,-0.002083,-0.2083,297.0,297.86,295.45,297.63,297.0,297.86,295.45,297.63,58722357,58722357
LB,0.47,0.025364,2.5364,19.0,19.01,18.26,18.47,19.0,19.01,18.26,18.47,5934067,5934067
TGT,-0.51,-0.004775,-0.4775,106.29,107.4,104.68,106.9,106.29,107.4,104.68,106.9,5363565,5363565
TM,1.7,0.012443,1.2443,138.32,138.41,136.8,137.9,138.32,138.41,136.8,137.9,181010,181010
UAA,0.2,0.010209,1.0209,19.79,19.86,19.5,19.64,19.79,19.86,19.5,19.64,2776027,2776027
PLNT,-1.56,-0.025696,-2.5696,59.15,61.41,58.91,60.93,59.15,61.41,58.91,60.93,1214214,1214214
EL,1.96,0.010135,1.0135,195.34,196.24,193.68,193.98,195.34,196.24,193.68,193.98,957219,957219
LVMHF,-2.95,-0.007412,-0.7412,395.04,397.06,392.34,396.0,395.04,397.06,392.34,396.0,615,615
LULU,-1.48,-0.007668,-0.7668,191.54,193.93,189.64,192.36,191.54,193.93,189.64,192.36,965834,965834
ADDYY,4.96,0.033548,3.3548,152.81,153.08,151.1,151.1,152.81,153.08,151.1,151.1,102237,102237
SHMP,0.012,0.072727,7.2727,0.177,0.182,0.163,0.165,0.177,0.182,0.163,0.165,1197926,1197926
COTY,-0.13,-0.012393,-1.2393,10.36,10.52,10.33,10.49,10.36,10.52,10.33,10.49,2427795,2427795
GOOS,0.5,0.011631,1.1631,43.49,43.53,42.37,43.17,43.49,43.53,42.37,43.17,604197,604197
ETSY,-0.6,-0.010909,-1.0909,54.4,55.3,53.42,54.74,54.4,55.3,53.42,54.74,5044929,5044929
ULTA,0.77,0.003269,0.3269,236.31,238.53,234.75,236.4,236.31,238.53,234.75,236.4,1190741,1190741
NKE,1.36,0.014976,1.4976,92.17,92.45,90.25,91.62,92.17,92.45,90.25,91.62,10539855,10539855
AVP,0.01,0.002198,0.2198,4.56,4.62,4.49,4.56,4.56,4.62,4.49,4.56,4404566,4404566
SBUX,-0.55,-0.006087,-0.6087,89.8,91.15,89.5,90.84,89.8,91.15,89.5,90.84,5531821,5531821
SNAP,-0.11,-0.006429,-0.6429,17.0,17.04,16.66,17.03,17.0,17.04,16.66,17.03,22024085,22024085
BYND,16.02,0.115818,11.5818,154.34,160.6,148.6,160.51,154.34,160.6,148.6,160.51,8096727,8096727
FIZZ,-0.47,-0.010665,-1.0665,43.6,44.44,43.45,44.27,43.6,44.44,43.45,44.27,188640,188640
