symbol,change,changeOverTime,changePercent,close,high,low,open,uClose,uHigh,uLow,uOpen,uVolume,volume
NFLX,10.7,276.563167,3.02,370.57,369.44,369.02,362.0,379.04,370.05,371.73,360.0,7260878,7094129
DECK,-0.15,104.218779,-0.106,153.31,153.88,152.35,154.78,153.35,152.52,147.7,150.5,582094,558492
AAPL,1.31,195.171458,0.6864,194.34,194.39,193.78,198.7,195.97,191.82,188.98,199.63,28744549,29196130
VFC,0.44,8.442745,0.5036,87.86,89.37,89.11,91.26,89.7,90.92,89.35,88.89,1756534,1731496
FB,2.08,3.559498,1.2552,173.2,172.3,171.16,170.47,168.7,176.9,172.94,172.68,10567165,10744610
DEO,-0.25,3.04254,-0.1491,166.93,169.4,169.0,169.27,170.47,166.3,168.0,168.35,306227,301942
LRLCF,-1.96,2.757706,-0.71,278.4,278.8,273.9,280.1,269.8,279.8,268.3,272.9,175,177
TIF,0.27,3.287352,0.248,106.83,110.4,105.09,108.0,106.0,110.7,108.15,109.0,1763652,1734170
DIS,1.5,5.850575,1.351,112.62,114.93,115.54,113.93,114.64,116.74,115.66,115.48,10835400,11019870
LB,-0.37,1.151272,-1.3569,28.46,28.73,27.63,28.94,27.4,28.25,27.85,28.68,5178410,5147564
TGT,-0.3,1.770281,-0.3619,82.12,81.69,81.4,83.48,82.43,81.41,79.6,84.27,4774699,4827090
LRLCY,-0.06,2.725509,-0.1225,56.13,56.01,54.17,55.29,54.9,56.26,53.82,53.87,53814,54151
UAA,-0.04,2.352574,-0.1936,21.2,21.49,21.27,21.49,21.9,22.06,21.11,22.03,3820205,3809402
PLNT,1.02,3.366573,1.5237,71.04,71.8,72.04,71.27,72.8,70.4,69.07,72.61,924545,918090
EL,-0.81,10.56176,-0.4811,168.04,168.42,172.03,168.88,172.13,170.25,171.7,171.32,1114001,1106505
LVMHF,6.53,6.242258,1.7723,383.0,390.0,371.7,391.41,385.0,387.0,381.1,387.21,909,882
LULU,1.67,11.1643,1.0157,166.22,174.4,171.04,167.47,172.48,172.2,167.64,166.12,4113518,3971705
ADDYY,1.18,5.560379,0.9813,123.0,124.21,124.2,128.5,124.0,126.23,125.49,124.41,18347,18201
COTY,-0.23,-0.36248,-1.929,11.57,11.5,11.34,11.76,11.55,11.6,11.7,11.38,20998368,20547794
LVMUY,1.18,6.447833,1.6517,76.33,77.0,76.62,77.99,78.52,78.0,76.08,77.31,85548,84795
GOOS,0.26,2.075369,0.5237,48.48,51.43,49.07,49.87,49.87,49.33,49.33,49.55,893383,901125
ETSY,0.94,1.299,1.4089,70.7,70.3,66.87,70.48,70.03,71.3,69.09,70.26,1715513,1732574
ULTA,3.88,11.350966,1.1257,364.34,355.31,350.8,362.3,368.46,363.81,367.88,365.2,591810,604486
NKE,1.03,12.709429,1.2356,89.29,89.33,87.1,86.86,87.9,86.37,87.9,86.54,6894770,6816827
SBUX,-0.4,10.846304,-0.5161,76.63,76.72,75.03,75.55,75.78,77.07,77.06,77.07,8439014,8349935
SNAP,0.35,-0.540434,3.0903,11.39,11.95,11.02,11.33,11.37,12.0,11.27,11.4,22871856,22530334
FIZZ,-0.15,9.138883,-0.262,57.66,60.45,59.52,59.91,57.8,61.38,58.5,60.6,369974,372099
