symbol,change,changeOverTime,changePercent,close,high,low,open,uClose,uHigh,uLow,uOpen,uVolume,volume
NFLX,-4.04,-0.013862,-1.3862,287.41,291.45,284.78,291.0,287.41,291.45,284.78,291.0,5090021,5090021
KSS,-0.36,-0.006974,-0.6974,51.26,51.28,50.32,51.28,51.26,51.28,50.32,51.28,3090974,3090974
DECK,1.73,0.011444,1.1444,152.9,153.26,149.93,151.66,152.9,153.26,149.93,151.66,603136,603136
AAPL,5.5,0.02261,2.261,248.76,249.17,237.26,247.24,248.76,249.17,237.26,247.24,34790520,34790520
VFC,-0.04,-0.000486,-0.0486,82.29,83.0,81.6,81.88,82.29,83.0,81.6,81.88,2956590,2956590
FB,3.4,0.018061,1.8061,191.65,198.09,188.25,196.7,191.65,198.09,188.25,196.7,42286529,42286529
YRIV,0.0101,0.028857,2.8857,0.3601,0.38,0.33,0.37,0.3601,0.38,0.33,0.37,174344,174344
DEO,0.58,0.003552,0.3552,163.87,164.3,163.05,163.74,163.87,164.3,163.05,163.74,438541,438541
LRLCF,-0.26,-0.000893,-0.0893,290.9,293.7,290.5,291.65,290.9,293.7,290.5,291.65,120,120
TIF,0.62,0.005004,0.5004,124.51,124.9,122.88,123.9,124.51,124.9,122.88,123.9,3608585,3608585
DIS,0.32,0.002469,0.2469,129.92,130.15,128.75,129.53,129.92,130.15,128.75,129.53,9628296,9628296
SPY,-0.81,-0.002663,-0.2663,303.33,304.13,301.73,304.13,303.33,304.13,301.73,304.13,69053791,69053791
LB,0.18,0.010676,1.0676,17.04,17.05,16.41,16.8,17.04,17.05,16.41,16.8,5134196,5134196
TGT,-1.02,-0.009451,-0.9451,106.91,107.93,105.91,107.65,106.91,107.93,105.91,107.65,6467414,6467414
TM,-0.47,-0.003381,-0.3381,138.55,138.86,138.25,138.7,138.55,138.86,138.25,138.7,166516,166516
UAA,-0.16,-0.007689,-0.7689,20.65,20.73,20.4,20.65,20.65,20.73,20.4,20.65,3220352,3220352
PLNT,-0.45,-0.007019,-0.7019,63.66,63.98,62.8,63.84,63.66,63.98,62.8,63.84,1411297,1411297
EL,-7.0,-0.036219,-3.6219,186.27,187.92,180.05,186.33,186.27,187.92,180.05,186.33,4411206,4411206
LVMHF,-1.21,-0.002817,-0.2817,428.37,429.56,426.24,429.22,428.37,429.56,426.24,429.22,264,264
LULU,-1.58,-0.007675,-0.7675,204.27,207.4,203.15,205.35,204.27,207.4,203.15,205.35,1802479,1802479
ADDYY,-0.67,-0.004322,-0.4322,154.35,155.61,154.13,155.61,154.35,155.61,154.13,155.61,21082,21082
SHMP,-0.0032,-0.028648,-2.8648,0.1085,0.1199,0.1065,0.1085,0.1085,0.1199,0.1065,0.1085,1791089,1791089
COTY,0.06,0.005159,0.5159,11.69,11.72,11.5,11.63,11.69,11.72,11.5,11.63,3594427,3594427
GOOS,-0.04,-0.000955,-0.0955,41.83,42.05,40.81,41.33,41.83,42.05,40.81,41.33,1083301,1083301
ETSY,-8.31,-0.157386,-15.7386,44.49,46.63,43.55,46.38,44.49,46.63,43.55,46.38,16320147,16320147
ULTA,-7.1,-0.029553,-2.9553,233.15,240.25,229.79,239.96,233.15,240.25,229.79,239.96,2443196,2443196
NKE,-0.64,-0.007096,-0.7096,89.55,90.41,88.94,90.0,89.55,90.41,88.94,90.0,6752001,6752001
AVP,0.03,0.007042,0.7042,4.29,4.34,4.16,4.33,4.29,4.34,4.16,4.33,5688040,5688040
SBUX,0.37,0.004395,0.4395,84.56,87.22,83.28,86.71,84.56,87.22,83.28,86.71,14008811,14008811
SNAP,0.2,0.013459,1.3459,15.06,15.17,14.55,14.82,15.06,15.17,14.55,14.82,21633739,21633739
BYND,-4.44,-0.049949,-4.9949,84.45,90.44,83.63,90.44,84.45,90.44,83.63,90.44,7049880,7049880
FIZZ,-0.03,-0.000682,-0.0682,43.96,44.32,43.15,44.22,43.96,44.32,43.15,44.22,336877,336877
