symbol,change,changeOverTime,changePercent,close,high,low,open,uClose,uHigh,uLow,uOpen,uVolume,volume
NFLX,0,0,0,380.55,381.4,375.56,378.29,380.55,381.4,375.56,378.29,3732162,3732162
KSS,0,0,0,48.28,48.69,47.54,47.58,48.28,48.69,47.54,47.58,2853146,2853146
DECK,0,0,0,176.92,177.28,174.78,175.56,176.92,177.28,174.78,175.56,216227,216227
AAPL,0,0,0,204.23,205.08,202.9,203.35,204.23,205.08,202.9,203.35,17265518,17265518
VFC,0,0,0,87.81,87.88,86.89,87.58,87.81,87.88,86.89,87.58,961889,961889
FB,0,0,0,196.4,197.07,194.17,196.18,196.4,197.07,194.17,196.18,11164107,11164107
DEO,0,0,0,172.63,172.85,171.0,172.01,172.63,172.85,171.0,172.01,231984,231984
LRLCF,0,0,0,289.5,0.0,0.0,0.0,289.5,0.0,0.0,0.0,0,0
TIF,0,0,0,94.48,94.56,92.87,93.3,94.48,94.56,92.87,93.3,844885,844885
DIS,0,0,0,142.45,142.89,140.7,141.42,142.45,142.89,140.7,141.42,5595988,5595988
SPY,0,0,0,298.46,298.64,296.01,297.44,298.46,298.64,296.01,297.44,51677326,51677326
LB,0,0,0,27.79,27.88,27.11,27.2,27.79,27.88,27.11,27.2,4316848,4316848
TGT,0,0,0,88.64,88.78,87.44,87.75,88.64,88.78,87.44,87.75,2032015,2032015
TM,0,0,0,126.57,126.64,125.95,126.15,126.57,126.64,125.95,126.15,75291,75291
UAA,0,0,0,25.9,25.99,25.56,25.78,25.9,25.99,25.56,25.78,2963948,2963948
PLNT,0,0,0,76.24,76.58,74.82,76.53,76.24,76.58,74.82,76.53,1660087,1660087
EL,0,0,0,185.35,185.99,183.27,185.9,185.35,185.99,183.27,185.9,819728,819728
LVMHF,0,0,0,427.63,428.49,425.3,426.75,427.63,428.49,425.3,426.75,362,362
LULU,0,0,0,183.21,183.46,180.7,183.2,183.21,183.46,180.7,183.2,1511717,1511717
ADDYY,0,0,0,156.04,156.14,154.24,154.92,156.04,156.14,154.24,154.92,26573,26573
COTY,0,0,0,11.55,11.64,11.26,11.55,11.55,11.64,11.26,11.55,7647728,7647728
GOOS,0,0,0,40.79,40.88,39.62,39.87,40.79,40.88,39.62,39.87,615306,615306
ETSY,0,0,0,63.38,63.89,62.71,63.87,63.38,63.89,62.71,63.87,1462769,1462769
ULTA,0,0,0,344.95,348.49,343.33,343.33,344.95,348.49,343.33,343.33,481437,481437
NKE,0,0,0,86.82,86.91,85.42,85.8,86.82,86.91,85.42,85.8,6440908,6440908
AVP,0,0,0,4.04,4.08,3.82,3.86,4.04,4.08,3.82,3.86,11355619,11355619
SBUX,0,0,0,87.79,87.89,86.88,87.5,87.79,87.89,86.88,87.5,5733239,5733239
SNAP,0,0,0,15.23,15.29,14.55,14.66,15.23,15.29,14.55,14.66,26456119,26456119
BYND,0,0,0,152.63,153.79,148.06,150.0,152.63,153.79,148.06,150.0,2040339,2040339
FIZZ,0,0,0,45.47,45.75,44.06,45.35,45.47,45.75,44.06,45.35,331715,331715
