symbol,change,changeOverTime,changePercent,close,high,low,open,uClose,uHigh,uLow,uOpen,uVolume,volume
NFLX,-0.79,-0.002166,-0.2166,363.92,368.85,362.25,365.79,363.92,368.85,362.25,365.79,4545561,4545561
KSS,-0.94,-0.012974,-1.2974,71.51,73.96,71.06,72.79,71.51,73.96,71.06,72.79,3236240,3236240
DECK,2.37,0.01625,1.625,148.22,148.39,146.09,146.09,148.22,148.39,146.09,146.09,282601,282601
AAPL,1.12,0.005614,0.5614,200.62,200.74,198.18,198.68,200.62,200.74,198.18,198.68,21695288,21695288
VFC,0.66,0.007442,0.7442,89.35,89.45,88.66,88.77,89.35,89.45,88.66,88.77,1389380,1389380
FB,0.24,0.001352,0.1352,177.82,178.79,176.54,178.18,177.82,178.79,176.54,178.18,11701479,11701479
YRIV,-0.03,-0.02027,-2.027,1.45,1.59,1.36,1.44,1.45,1.59,1.36,1.44,5808205,5808205
DEO,-0.07,-0.000429,-0.0429,162.93,163.82,162.81,163.67,162.93,163.82,162.81,163.67,240943,240943
LRLCF,0.75,0.002749,0.2749,273.55,273.55,270.23,272.95,273.55,273.55,270.23,272.95,326,326
TIF,0.16,0.001513,0.1513,105.88,106.47,105.07,105.78,105.88,106.47,105.07,105.78,1301582,1301582
DIS,0.3,0.002567,0.2567,117.16,118.03,116.28,117.58,117.16,118.03,116.28,117.58,14091055,14091055
SPY,0.98,0.003411,0.3411,288.29,288.39,287.31,287.77,288.29,288.39,287.31,287.77,52601499,52601499
LB,0.2,0.007407,0.7407,27.2,27.49,26.81,27.11,27.2,27.49,26.81,27.11,2737991,2737991
TGT,0.09,0.001116,0.1116,80.75,81.41,80.24,80.93,80.75,81.41,80.24,80.93,2265365,2265365
TM,0.12,0.000983,0.0983,122.18,122.45,122.04,122.44,122.18,122.45,122.04,122.44,65427,65427
UAA,0.64,0.030888,3.0888,21.36,21.51,21.03,21.15,21.36,21.51,21.03,21.15,5090685,5090685
PLNT,0.32,0.004543,0.4543,70.76,70.91,70.36,70.44,70.76,70.91,70.36,70.44,647455,647455
EL,2.67,0.016295,1.6295,166.52,166.83,163.94,164.61,166.52,166.83,163.94,164.61,976969,976969
LVMHF,5.17,0.013852,1.3852,378.04,386.42,371.25,371.35,378.04,386.42,371.25,371.35,5622,5622
LULU,-0.06,-0.000358,-0.0358,167.46,169.82,166.68,168.3,167.46,169.82,166.68,168.3,1573792,1573792
ADDYY,1.39,0.010997,1.0997,127.79,127.79,126.78,126.79,127.79,127.79,126.78,126.79,24254,24254
SHMP,-0.0395,-0.158954,-15.8954,0.209,0.2579,0.205,0.248,0.209,0.2579,0.205,0.248,4668583,4668583
COTY,-0.04,-0.003568,-0.3568,11.17,11.24,11.08,11.21,11.17,11.24,11.08,11.21,9640010,9640010
GOOS,0.72,0.01467,1.467,49.8,49.85,48.68,49.0,49.8,49.85,48.68,49.0,1249896,1249896
ETSY,1.52,0.022792,2.2792,68.21,68.92,66.8,66.8,68.21,68.92,66.8,66.8,1064854,1064854
ULTA,2.08,0.005974,0.5974,350.28,350.85,345.38,349.76,350.28,350.85,345.38,349.76,532422,532422
NKE,0.6,0.007119,0.7119,84.88,85.01,84.56,84.64,84.88,85.01,84.56,84.64,3918379,3918379
AVP,0.12,0.042403,4.2403,2.95,2.96,2.82,2.85,2.95,2.96,2.82,2.85,3081220,3081220
SBUX,0.36,0.004792,0.4792,75.48,75.82,75.21,75.21,75.48,75.82,75.21,75.21,6066274,6066274
SNAP,-0.33,-0.026721,-2.6721,12.02,12.2,11.57,11.84,12.02,12.2,11.57,11.84,45526033,45526033
BYND,0.0,0.0,0.0,0.0,0.0,0.0,0.0,0.0,0.0,0.0,0.0,0,0
FIZZ,0.06,0.001077,0.1077,55.78,56.16,54.5,56.01,55.78,56.16,54.5,56.01,408395,408395
