symbol,change,changeOverTime,changePercent,close,high,low,open,uClose,uHigh,uLow,uOpen,uVolume,volume
NFLX,5.46,0.015412,1.5412,359.73,370.46,357.3,358.01,359.73,370.46,357.3,358.01,6229389,6229389
KSS,-1.71,-0.031006,-3.1006,53.44,55.37,53.01,54.59,53.44,55.37,53.01,54.59,11349473,11349473
DECK,1.42,0.009551,0.9551,150.09,151.15,146.5,147.23,150.09,151.15,146.5,147.23,833182,833182
AAPL,-3.82,-0.020472,-2.0472,182.78,185.71,182.55,184.66,182.78,185.71,182.55,184.66,29748556,29748556
VFC,-1.77,-0.019218,-1.9218,90.33,90.57,85.46,85.71,90.33,90.57,85.46,85.71,4812602,4812602
FB,0.5,0.002705,0.2705,185.32,186.74,183.61,184.73,185.32,186.74,183.61,184.73,9213801,9213801
DEO,-0.88,-0.005194,-0.5194,168.56,168.77,166.11,166.11,168.56,168.77,166.11,166.11,326002,326002
LRLCF,1.57,0.005807,0.5807,272.62,272.62,272.62,272.62,272.62,272.62,272.62,272.62,100,100
TIF,0.65,0.006642,0.6642,98.51,99.03,97.53,97.53,98.51,99.03,97.53,97.53,1253703,1253703
DIS,-0.24,-0.00179,-0.179,133.85,134.17,133.39,133.82,133.85,134.17,133.39,133.82,5093746,5093746
SPY,-0.88,-0.003071,-0.3071,285.63,286.69,285.1,285.45,285.63,286.69,285.1,285.45,49482472,49482472
LB,-1.18,-0.052028,-5.2028,21.5,22.51,21.47,22.42,21.5,22.51,21.47,22.42,8741982,8741982
TGT,5.6,0.077821,7.7821,77.56,79.19,76.8,77.01,77.56,79.19,76.8,77.01,20777816,20777816
TM,-0.93,-0.007865,-0.7865,117.32,117.98,117.27,117.78,117.32,117.98,117.27,117.78,107611,107611
UAA,0.4,0.016757,1.6757,24.27,24.31,23.58,23.72,24.27,24.31,23.58,23.72,5058876,5058876
PLNT,-0.35,-0.004575,-0.4575,76.15,77.14,75.51,76.1,76.15,77.14,75.51,76.1,1145781,1145781
EL,-0.57,-0.00339,-0.339,167.57,169.0,167.25,168.43,167.57,169.0,167.25,168.43,1155107,1155107
LVMHF,0.33,0.000879,0.0879,375.76,375.8,374.03,374.03,375.76,375.8,374.03,374.03,86,86
LULU,-0.81,-0.004588,-0.4588,175.72,176.21,174.53,176.0,175.72,176.21,174.53,176.0,877522,877522
ADDYY,2.71,0.018834,1.8834,146.6,147.64,146.16,146.2,146.6,147.64,146.16,146.2,23019,23019
COTY,-0.39,-0.028868,-2.8868,13.12,13.4,12.73,13.4,13.12,13.4,12.73,13.4,12039862,12039862
GOOS,-0.48,-0.009683,-0.9683,49.09,50.18,48.68,49.24,49.09,50.18,48.68,49.24,768176,768176
ETSY,-1.2,-0.018402,-1.8402,64.01,65.52,64.0,64.82,64.01,65.52,64.0,64.82,1177439,1177439
ULTA,-4.07,-0.011525,-1.1525,349.09,354.62,348.89,351.8,349.09,354.62,348.89,351.8,466345,466345
NKE,-0.44,-0.005261,-0.5261,83.2,83.34,82.76,82.99,83.2,83.34,82.76,82.99,5237761,5237761
AVP,0.29,0.090625,9.0625,3.49,3.72,3.42,3.65,3.49,3.72,3.42,3.65,55149352,55149352
SBUX,-0.28,-0.003612,-0.3612,77.25,77.72,76.91,77.2,77.25,77.72,76.91,77.2,5602516,5602516
SNAP,-0.23,-0.019931,-1.9931,11.31,11.6,11.19,11.42,11.31,11.6,11.19,11.42,19407374,19407374
BYND,0.13,0.001677,0.1677,77.63,81.74,77.0,77.38,77.63,81.74,77.0,77.38,3898382,3898382
FIZZ,-0.47,-0.008951,-0.8951,52.04,53.02,51.99,52.67,52.04,53.02,51.99,52.67,244372,244372
