symbol,change,changeOverTime,changePercent,close,high,low,open,uClose,uHigh,uLow,uOpen,uVolume,volume
NFLX,0,0,0,366.6,373.68,362.3,372.94,366.6,373.68,362.3,372.94,7944680,7944680
KSS,0,0,0,49.26,49.57,48.72,48.74,49.26,49.57,48.72,48.74,2839843,2839843
DECK,0,0,0,176.36,178.78,174.75,178.02,176.36,178.78,174.75,178.02,269431,269431
AAPL,0,0,0,205.21,205.87,204.0,204.09,205.21,205.87,204.0,204.09,16947420,16947420
VFC,0,0,0,88.44,89.1,87.79,89.06,88.44,89.1,87.79,89.06,1176474,1176474
FB,0,0,0,203.91,205.33,201.82,204.25,203.91,205.33,201.82,204.25,16030335,16030335
YRIV,0,0,0,0.452,0.4724,0.45,0.47,0.452,0.4724,0.45,0.47,752232,752232
DEO,0,0,0,170.85,171.04,170.13,170.33,170.85,171.04,170.13,170.33,325936,325936
LRLCF,0,0,0,283.76,283.76,283.76,283.76,283.76,283.76,283.76,283.76,529,529
TIF,0,0,0,93.82,95.04,93.05,93.89,93.82,95.04,93.05,93.89,1380491,1380491
DIS,0,0,0,145.06,145.36,143.97,145.13,145.06,145.36,143.97,145.13,5289248,5289248
SPY,0,0,0,300.75,301.13,300.19,301.13,300.75,301.13,300.19,301.13,33910261,33910261
LB,0,0,0,26.7,26.95,26.0,26.21,26.7,26.95,26.0,26.21,4901508,4901508
TGT,0,0,0,86.8,88.21,86.45,87.55,86.8,88.21,86.45,87.55,3174192,3174192
TM,0,0,0,127.63,128.49,127.23,128.1,127.63,128.49,127.23,128.1,115902,115902
UAA,0,0,0,27.51,27.69,27.31,27.4,27.51,27.69,27.31,27.4,3772993,3772993
PLNT,0,0,0,77.19,77.76,76.29,77.6,77.19,77.76,76.29,77.6,1516987,1516987
EL,0,0,0,187.29,188.85,186.8,187.4,187.29,188.85,186.8,187.4,938990,938990
LVMHF,0,0,0,430.97,430.97,428.7,428.7,430.97,430.97,428.7,428.7,530,530
LULU,0,0,0,189.17,191.44,186.75,189.72,189.17,191.44,186.75,189.72,1815696,1815696
ADDYY,0,0,0,156.94,157.64,156.66,157.17,156.94,157.64,156.66,157.17,26654,26654
SHMP,0,0,0,0.086,0.095,0.0775,0.088,0.086,0.095,0.0775,0.088,4442548,4442548
COTY,0,0,0,11.11,11.4,11.05,11.14,11.11,11.4,11.05,11.14,5449508,5449508
GOOS,0,0,0,43.62,44.36,43.04,43.79,43.62,44.36,43.04,43.79,708575,708575
ETSY,0,0,0,65.55,65.69,64.47,65.13,65.55,65.69,64.47,65.13,1194254,1194254
ULTA,0,0,0,355.68,361.27,354.3,356.97,355.68,361.27,354.3,356.97,741664,741664
NKE,0,0,0,89.48,89.87,89.06,89.06,89.48,89.87,89.06,89.06,3751294,3751294
AVP,0,0,0,3.88,3.92,3.81,3.89,3.88,3.92,3.81,3.89,5492076,5492076
SBUX,0,0,0,90.16,90.34,89.66,89.87,90.16,90.34,89.66,89.87,6061252,6061252
SNAP,0,0,0,15.5,15.73,15.28,15.59,15.5,15.73,15.28,15.59,16919612,16919612
BYND,0,0,0,166.53,170.7,166.0,168.16,166.53,170.7,166.0,168.16,2652904,2652904
FIZZ,0,0,0,41.86,42.92,41.15,42.16,41.86,42.92,41.15,42.16,428756,428756
