symbol,change,changeOverTime,changePercent,close,high,low,open,uClose,uHigh,uLow,uOpen,uVolume,volume
NFLX,-3.25,-0.009164,-0.9164,351.39,358.85,348.11,354.0,351.39,358.85,348.11,354.0,15385548,15385548
KSS,0.2,0.002974,0.2974,67.46,67.52,66.15,66.66,67.46,67.52,66.15,66.66,2604882,2604882
DECK,0.99,0.008694,0.8694,114.86,115.1,112.64,113.79,114.86,115.1,112.64,113.79,518293,518293
AAPL,1.87,0.012217,1.2217,154.94,155.88,153.0,153.08,154.94,155.88,153.0,153.08,30569706,30569706
VFC,-0.14,-0.001943,-0.1943,71.92,72.26,71.38,71.68,71.92,72.26,71.38,71.68,1972250,1972250
FB,-1.41,-0.009466,-0.9466,147.54,149.65,147.0,149.0,147.54,149.65,147.0,149.0,18025714,18025714
DEO,-0.84,-0.005952,-0.5952,140.3,140.67,139.55,139.9,140.3,140.67,139.55,139.9,256303,256303
LRLCF,0.6664,0.002962,0.2962,225.67,225.67,225.67,225.67,225.67,225.67,225.67,225.67,640,640
TIF,-0.56,-0.006622,-0.6622,84.01,84.47,82.88,83.55,84.01,84.47,82.88,83.55,2706705,2706705
DIS,-0.85,-0.007606,-0.7606,110.91,112.01,110.81,111.45,110.91,112.01,110.81,111.45,5899937,5899937
SPY,0.63,0.00242,0.242,260.98,261.97,260.6,260.83,260.98,261.97,260.6,260.83,77636710,77636710
LB,0.1,0.003759,0.3759,26.7,27.09,26.36,26.56,26.7,27.09,26.36,26.56,3494477,3494477
TGT,-0.36,-0.005278,-0.5278,67.85,68.63,67.6,68.06,67.85,68.63,67.6,68.06,4888876,4888876
TM,-0.62,-0.00491,-0.491,125.66,126.37,125.6,126.06,125.66,126.37,125.6,126.06,171356,171356
UAA,-0.13,-0.006586,-0.6586,19.61,20.05,19.57,19.75,19.61,20.05,19.57,19.75,2399599,2399599
PLNT,-0.1,-0.001724,-0.1724,57.9,58.71,57.73,58.48,57.9,58.71,57.73,58.48,1141871,1141871
EL,0.09,0.00072,0.072,125.17,126.42,124.38,125.34,125.17,126.42,124.38,125.34,1921122,1921122
LVMHF,-0.61,-0.002138,-0.2138,284.69,285.08,282.34,284.65,284.69,285.08,282.34,284.65,619,619
LULU,1.11,0.007865,0.7865,142.24,143.25,141.37,142.36,142.24,143.25,141.37,142.36,1783478,1783478
ADDYY,-0.865,-0.007595,-0.7595,113.02,113.28,112.78,113.0,113.02,113.28,112.78,113.0,19220,19220
COTY,-0.06,-0.00823,-0.823,7.23,7.41,7.11,7.29,7.23,7.41,7.11,7.29,6263958,6263958
GOOS,0.29,0.006139,0.6139,47.53,48.6,47.25,47.35,47.53,48.6,47.25,47.35,1732400,1732400
ETSY,0.2,0.003681,0.3681,54.53,56.42,54.34,54.62,54.53,56.42,54.34,54.62,2464288,2464288
ULTA,3.52,0.01264,1.264,282.01,282.18,277.51,277.76,282.01,282.18,277.51,277.76,472999,472999
NKE,-0.2,-0.002568,-0.2568,77.68,78.85,77.59,78.0,77.68,78.85,77.59,78.0,5697149,5697149
AVP,0.02,0.010638,1.0638,1.9,1.92,1.87,1.92,1.9,1.92,1.87,1.92,1545672,1545672
SBUX,-0.31,-0.004838,-0.4838,63.77,64.82,63.75,64.2,63.77,64.82,63.75,64.2,8091296,8091296
SNAP,-0.9,-0.137615,-13.7615,5.64,5.94,5.63,5.73,5.64,5.94,5.63,5.73,65799505,65799505
BYND,0.0,0.0,0.0,0.0,0.0,0.0,0.0,0.0,0.0,0.0,0.0,0,0
FIZZ,-0.29,-0.003585,-0.3585,80.6,81.45,79.11,80.93,80.6,81.45,79.11,80.93,319858,319858
