symbol,change,changeOverTime,changePercent,close,high,low,open,uClose,uHigh,uLow,uOpen,uVolume,volume
NFLX,-4.66,-0.012822,-1.2822,358.78,366.96,356.8,366.4,358.78,366.96,356.8,366.4,7541425,7541425
KSS,0.0,0.0,0.0,69.11,69.66,68.68,68.82,69.11,69.66,68.68,68.82,2603625,2603625
DECK,1.1,0.007607,0.7607,145.7,147.53,144.53,144.64,145.7,147.53,144.53,144.64,496262,496262
AAPL,-1.49,-0.007925,-0.7925,186.53,188.99,185.92,188.35,186.53,188.99,185.92,188.35,31646369,31646369
VFC,0.45,0.005229,0.5229,86.51,87.03,85.85,86.3,86.51,87.03,85.85,86.3,2120265,2120265
FB,1.1,0.006855,0.6855,161.57,163.82,160.82,161.48,161.57,163.82,160.82,161.48,25611488,25611488
DEO,-0.46,-0.002818,-0.2818,162.79,164.55,162.36,164.55,162.79,164.55,162.36,164.55,285955,285955
LRLCF,0.8519,0.003173,0.3173,269.35,269.35,265.6,268.0,269.35,269.35,265.6,268.0,1025,1025
TIF,-0.33,-0.00339,-0.339,97.02,98.29,96.65,97.35,97.02,98.29,96.65,97.35,1368464,1368464
DIS,-3.12,-0.027581,-2.7581,110.0,113.71,109.8,112.95,110.0,113.71,109.8,112.95,45384389,45384389
SPY,0.07,0.000248,0.0248,282.4,284.36,281.41,283.51,282.4,284.36,281.41,283.51,90268121,90268121
LB,0.73,0.026594,2.6594,28.18,28.47,27.38,27.52,28.18,28.47,27.38,27.52,4995681,4995681
TGT,0.58,0.007447,0.7447,78.46,78.77,78.01,78.33,78.46,78.77,78.01,78.33,4192272,4192272
TM,0.22,0.001841,0.1841,119.73,120.49,119.64,119.94,119.73,120.49,119.64,119.94,85653,85653
UAA,-0.2,-0.008949,-0.8949,22.15,22.46,22.07,22.37,22.15,22.46,22.07,22.37,2468426,2468426
PLNT,0.82,0.012193,1.2193,68.07,68.46,67.17,67.72,68.07,68.46,67.17,67.72,1201945,1201945
EL,-2.4,-0.014715,-1.4715,160.7,163.79,160.48,163.48,160.7,163.79,160.48,163.48,1406300,1406300
LVMHF,3.08,0.008535,0.8535,363.95,364.66,361.69,363.3,363.95,364.66,361.69,363.3,94,94
LULU,0.66,0.004573,0.4573,144.99,146.3,143.77,144.66,144.99,146.3,143.77,144.66,1176541,1176541
ADDYY,1.01,0.008553,0.8553,119.1,120.55,118.75,120.5,119.1,120.55,118.75,120.5,31252,31252
COTY,0.23,0.020408,2.0408,11.5,11.5,11.28,11.34,11.5,11.5,11.28,11.34,30181025,30181025
GOOS,1.05,0.020528,2.0528,52.2,52.68,51.14,51.61,52.2,52.68,51.14,51.61,1214858,1214858
ETSY,-1.05,-0.015097,-1.5097,68.5,70.4,68.28,70.21,68.5,70.4,68.28,70.21,1985605,1985605
ULTA,-7.77,-0.022705,-2.2705,334.45,343.92,331.32,342.97,334.45,343.92,331.32,342.97,1461914,1461914
NKE,-0.13,-0.00148,-0.148,87.69,88.59,87.29,88.22,87.69,88.59,87.29,88.22,6642156,6642156
AVP,-0.11,-0.036913,-3.6913,2.87,3.03,2.81,3.0,2.87,3.03,2.81,3.0,5355219,5355219
SBUX,0.54,0.007623,0.7623,71.38,71.7,70.87,70.95,71.38,71.7,70.87,70.95,7810698,7810698
SNAP,-0.31,-0.028336,-2.8336,10.63,11.04,10.57,10.89,10.63,11.04,10.57,10.89,23380891,23380891
BYND,0.0,0.0,0.0,0.0,0.0,0.0,0.0,0.0,0.0,0.0,0.0,0,0
FIZZ,-2.27,-0.037846,-3.7846,57.71,60.17,57.61,60.0,57.71,60.17,57.61,60.0,364826,364826
