symbol,change,changeOverTime,changePercent,close,high,low,open,uClose,uHigh,uLow,uOpen,uVolume,volume
NFLX,0,0,0,351.34,352.0,341.3,342.6,351.34,352.0,341.3,342.6,9051387,9051387
KSS,0,0,0,67.1,67.33,66.02,66.63,67.1,67.33,66.02,66.63,3352749,3352749
DECK,0,0,0,139.53,143.13,139.15,141.96,139.53,143.13,139.15,141.96,989831,989831
AAPL,0,0,0,171.25,171.66,167.28,167.41,171.25,171.66,167.28,167.41,31495582,31495582
VFC,0,0,0,85.06,85.06,83.54,84.0,85.06,85.06,83.54,84.0,2107245,2107245
FB,0,0,0,169.25,169.3,163.62,165.7,169.25,169.3,163.62,165.7,20036470,20036470
DEO,0,0,0,152.89,153.12,152.46,152.97,152.89,153.12,152.46,152.97,508939,508939
LRLCF,0,0,0,239.4,243.83,239.2,239.2,239.4,243.83,239.2,239.2,1515,1515
TIF,0,0,0,88.38,88.52,86.03,88.17,88.38,88.52,86.03,88.17,1378329,1378329
DIS,0,0,0,111.8,111.98,110.68,111.41,111.8,111.98,110.68,111.41,7037006,7037006
SPY,0,0,0,271.96,272.03,269.36,270.11,271.96,272.03,269.36,270.11,60744844,60744844
LB,0,0,0,27.04,27.19,26.52,27.11,27.04,27.19,26.52,27.11,3238315,3238315
TGT,0,0,0,72.44,72.56,70.81,71.21,72.44,72.56,70.81,71.21,3622264,3622264
TM,0,0,0,122.9,122.94,121.94,122.44,122.9,122.94,121.94,122.44,103991,103991
UAA,0,0,0,20.7,20.87,20.57,20.6,20.7,20.87,20.57,20.6,4413576,4413576
PLNT,0,0,0,58.15,58.72,57.53,58.21,58.15,58.72,57.53,58.21,2097938,2097938
EL,0,0,0,136.17,137.18,135.39,136.88,136.17,137.18,135.39,136.88,2653449,2653449
LVMHF,0,0,0,324.82,324.82,320.65,322.7,324.82,324.82,320.65,322.7,884,884
LULU,0,0,0,146.64,147.45,144.68,145.34,146.64,147.45,144.68,145.34,1689828,1689828
ADDYY,0,0,0,112.68,112.79,111.33,111.94,112.68,112.79,111.33,111.94,49256,49256
COTY,0,0,0,7.64,7.75,7.51,7.6,7.64,7.75,7.51,7.6,8152526,8152526
GOOS,0,0,0,52.91,53.16,51.2,52.43,52.91,53.16,51.2,52.43,1151705,1151705
ETSY,0,0,0,54.74,55.15,54.29,54.33,54.74,55.15,54.29,54.33,2305020,2305020
ULTA,0,0,0,289.04,289.76,282.9,289.76,289.04,289.76,282.9,289.76,765140,765140
NKE,0,0,0,81.99,82.0,80.83,81.22,81.99,82.0,80.83,81.22,4236583,4236583
AVP,0,0,0,2.64,2.82,2.47,2.48,2.64,2.82,2.47,2.48,20058403,20058403
SBUX,0,0,0,67.58,68.11,67.08,68.03,67.58,68.11,67.08,68.03,13562350,13562350
SNAP,0,0,0,6.93,6.98,6.7,6.93,6.93,6.98,6.7,6.93,37550651,37550651
BYND,0,0,0,0.0,0.0,0.0,0.0,0.0,0.0,0.0,0.0,0,0
FIZZ,0,0,0,84.11,84.77,82.78,83.06,84.11,84.77,82.78,83.06,314604,314604
