symbol,change,changeOverTime,changePercent,close,high,low,open,uClose,uHigh,uLow,uOpen,uVolume,volume
NFLX,0,0,0,363.44,370.97,361.86,362.47,363.44,370.97,361.86,362.47,7194726,7194726
KSS,0,0,0,69.11,69.23,67.68,68.0,69.11,69.23,67.68,68.0,2263168,2263168
DECK,0,0,0,144.6,145.1,140.89,141.8,144.6,145.1,140.89,141.8,404425,404425
AAPL,0,0,0,188.02,188.39,185.79,185.8,188.02,188.39,185.79,185.8,26219832,26219832
VFC,0,0,0,86.06,86.1,84.63,85.05,86.06,86.1,84.63,85.05,2139189,2139189
FB,0,0,0,160.47,163.9,159.28,163.57,160.47,163.9,159.28,163.57,37524191,37524191
YRIV,0,0,0,0.621,0.6698,0.59,0.66,0.621,0.6698,0.59,0.66,3308088,3308088
DEO,0,0,0,163.25,163.51,162.55,163.29,163.25,163.51,162.55,163.29,259054,259054
LRLCF,0,0,0,268.5,0.0,0.0,0.0,268.5,0.0,0.0,0.0,50,50
TIF,0,0,0,97.35,97.46,96.3,96.67,97.35,97.46,96.3,96.67,1554836,1554836
DIS,0,0,0,113.12,114.0,112.46,113.03,113.12,114.0,112.46,113.03,21769821,21769821
SPY,0,0,0,282.33,282.66,281.3,281.55,282.33,282.66,281.3,281.55,62199806,62199806
LB,0,0,0,27.45,27.52,26.58,26.72,27.45,27.52,26.58,26.72,3349104,3349104
TGT,0,0,0,77.88,78.01,76.92,76.92,77.88,78.01,76.92,76.92,3923707,3923707
TM,0,0,0,119.51,119.6,118.81,118.94,119.51,119.6,118.81,118.94,106331,106331
UAA,0,0,0,22.35,22.43,21.94,22.26,22.35,22.43,21.94,22.26,2899961,2899961
PLNT,0,0,0,67.25,67.86,66.73,67.54,67.25,67.86,66.73,67.54,987902,987902
EL,0,0,0,163.1,163.37,161.52,162.45,163.1,163.37,161.52,162.45,1055338,1055338
LVMHF,0,0,0,360.87,361.25,357.87,359.4,360.87,361.25,357.87,359.4,87,87
LULU,0,0,0,144.33,144.49,141.51,141.65,144.33,144.49,141.51,141.65,1587689,1587689
ADDYY,0,0,0,118.09,118.19,116.99,117.5,118.09,118.19,116.99,117.5,24065,24065
SHMP,0,0,0,0.1999,0.278,0.1915,0.2759,0.1999,0.278,0.1915,0.2759,13636813,13636813
COTY,0,0,0,11.27,11.3,11.04,11.15,11.27,11.3,11.04,11.15,31729990,31729990
GOOS,0,0,0,51.15,51.8,50.15,51.33,51.15,51.8,50.15,51.33,926712,926712
ETSY,0,0,0,69.55,70.19,68.53,69.87,69.55,70.19,68.53,69.87,1962930,1962930
ULTA,0,0,0,342.22,344.53,336.87,338.6,342.22,344.53,336.87,338.6,949808,949808
NKE,0,0,0,87.82,87.84,87.0,87.3,87.82,87.84,87.0,87.3,7750711,7750711
AVP,0,0,0,2.98,3.0,2.9,2.9,2.98,3.0,2.9,2.9,4231928,4231928
SBUX,0,0,0,70.84,71.12,70.44,70.78,70.84,71.12,70.44,70.78,5682429,5682429
SNAP,0,0,0,10.94,11.26,10.71,11.04,10.94,11.26,10.71,11.04,25751146,25751146
BYND,0,0,0,0.0,0.0,0.0,0.0,0.0,0.0,0.0,0.0,0,0
FIZZ,0,0,0,59.98,60.06,59.33,59.67,59.98,60.06,59.33,59.67,415931,415931
