symbol,change,changeOverTime,changePercent,close,high,low,open,uClose,uHigh,uLow,uOpen,uVolume,volume
NFLX,-6.25,-0.016469,-1.6469,373.25,379.74,372.79,378.68,373.25,379.74,372.79,378.68,6636937,6636937
KSS,0.59,0.012261,1.2261,48.71,49.2,47.95,48.31,48.71,49.2,47.95,48.31,2858957,2858957
DECK,5.5,0.031794,3.1794,178.49,179.47,173.84,173.84,178.49,179.47,173.84,173.84,334713,334713
AAPL,1.55,0.007683,0.7683,203.3,204.0,202.2,202.45,203.3,204.0,202.2,202.45,17595212,17595212
VFC,1.01,0.011494,1.1494,88.88,89.16,88.26,88.57,88.88,89.16,88.26,88.57,1528274,1528274
FB,3.64,0.018089,1.8089,204.87,205.3,199.16,199.68,204.87,205.3,199.16,199.68,15366272,15366272
DEO,-2.27,-0.013157,-1.3157,170.26,170.78,169.53,170.26,170.26,170.78,169.53,170.26,279053,279053
LRLCF,-2.44,-0.008528,-0.8528,283.66,283.66,283.25,283.45,283.66,283.66,283.25,283.45,638,638
TIF,0.53,0.005631,0.5631,94.66,95.07,93.81,94.04,94.66,95.07,93.81,94.04,1508014,1508014
DIS,1.32,0.009195,0.9195,144.88,145.43,144.0,144.15,144.88,145.43,144.0,144.15,8510020,8510020
SPY,1.34,0.004477,0.4477,300.65,300.73,299.51,299.85,300.65,300.73,299.51,299.85,40354410,40354410
LB,1.03,0.04044,4.044,26.5,26.51,25.33,25.39,26.5,26.51,25.33,25.39,4275834,4275834
TGT,1.06,0.012259,1.2259,87.53,88.88,86.73,87.05,87.53,88.88,86.73,87.05,4731964,4731964
TM,0.96,0.007574,0.7574,127.71,128.13,127.0,127.4,127.71,128.13,127.0,127.4,118911,118911
UAA,0.74,0.027861,2.7861,27.3,27.56,26.69,26.69,27.3,27.56,26.69,26.69,3693754,3693754
PLNT,0.87,0.011347,1.1347,77.54,77.77,76.0,76.41,77.54,77.77,76.0,76.41,791444,791444
EL,0.73,0.003923,0.3923,186.81,188.59,185.82,186.22,186.81,188.59,185.82,186.22,875463,875463
LVMHF,1.66,0.003846,0.3846,433.66,433.66,431.0,432.0,433.66,433.66,431.0,432.0,658,658
LULU,6.45,0.035232,3.5232,189.52,190.52,184.61,185.0,189.52,190.52,184.61,185.0,3094759,3094759
ADDYY,-1.21,-0.007711,-0.7711,155.7,155.92,155.01,155.31,155.7,155.92,155.01,155.31,20164,20164
COTY,-0.12,-0.010676,-1.0676,11.12,11.34,11.03,11.23,11.12,11.34,11.03,11.23,4816792,4816792
GOOS,1.87,0.044609,4.4609,43.79,43.94,41.88,41.92,43.79,43.94,41.88,41.92,1125356,1125356
ETSY,-0.39,-0.006001,-0.6001,64.6,65.77,64.1,65.32,64.6,65.77,64.1,65.32,1401313,1401313
ULTA,9.41,0.02712,2.712,356.39,357.28,347.27,348.0,356.39,357.28,347.27,348.0,651431,651431
NKE,0.83,0.009401,0.9401,89.12,89.31,88.01,88.18,89.12,89.31,88.01,88.18,4240956,4240956
AVP,-0.04,-0.010178,-1.0178,3.89,3.97,3.84,3.95,3.89,3.97,3.84,3.95,9680679,9680679
SBUX,0.7,0.007859,0.7859,89.77,89.82,88.85,89.28,89.77,89.82,88.85,89.28,5628010,5628010
SNAP,0.04,0.002569,0.2569,15.61,16.24,15.53,16.16,15.61,16.24,15.53,16.16,39198847,39198847
BYND,-7.39,-0.042423,-4.2423,166.81,172.4,164.75,172.37,166.81,172.4,164.75,172.37,4659902,4659902
FIZZ,0.36,0.008612,0.8612,42.16,42.56,41.34,41.9,42.16,42.56,41.34,41.9,332565,332565
