symbol,change,changeOverTime,changePercent,close,high,low,open,uClose,uHigh,uLow,uOpen,uVolume,volume
NFLX,-16.51,-0.044907,-4.4907,351.14,361.75,349.36,360.69,351.14,361.75,349.36,360.69,15646199,15646199
KSS,-0.43,-0.006129,-0.6129,69.73,71.07,69.41,70.56,69.73,71.07,69.41,70.56,2242769,2242769
DECK,1.67,0.011137,1.1137,151.62,152.14,149.36,150.92,151.62,152.14,149.36,150.92,339734,339734
AAPL,-0.08,-0.000402,-0.0402,198.87,200.14,196.21,199.2,198.87,200.14,196.21,199.2,27760668,27760668
VFC,1.41,0.015789,1.5789,90.71,90.77,89.31,89.45,90.71,90.77,89.31,89.45,1721813,1721813
FB,1.59,0.008957,0.8957,179.1,179.63,177.95,178.0,179.1,179.63,177.95,178.0,12329812,12329812
DEO,-0.12,-0.000735,-0.0735,163.2,163.29,162.3,162.81,163.2,163.29,162.3,162.81,196411,196411
LRLCF,-0.6768,-0.00251,-0.251,268.97,268.97,268.8,268.8,268.97,268.97,268.8,268.8,490,490
TIF,0.14,0.00132,0.132,106.18,107.11,106.06,106.49,106.18,107.11,106.06,106.49,1160180,1160180
DIS,13.46,0.115437,11.5437,130.06,130.9,126.36,127.91,130.06,130.9,126.36,127.91,65253497,65253497
SPY,1.95,0.006766,0.6766,290.16,290.47,288.26,290.0,290.16,290.47,288.26,290.0,69727782,69727782
LB,-0.75,-0.028217,-2.8217,25.83,26.87,25.57,26.7,25.83,26.87,25.57,26.7,5362375,5362375
TGT,0.28,0.00348,0.348,80.73,81.5,80.44,81.0,80.73,81.5,80.44,81.0,3517241,3517241
TM,1.36,0.011236,1.1236,122.4,122.8,121.84,121.84,122.4,122.8,121.84,121.84,117110,117110
UAA,0.46,0.021495,2.1495,21.86,21.9,21.47,21.54,21.86,21.9,21.47,21.54,2655215,2655215
PLNT,0.28,0.003931,0.3931,71.5,72.04,71.22,71.73,71.5,72.04,71.22,71.73,832762,832762
EL,-0.52,-0.003095,-0.3095,167.52,169.47,167.18,168.55,167.52,169.47,167.18,168.55,1215588,1215588
LVMHF,1.8,0.004651,0.4651,388.8,388.88,386.25,388.35,388.8,388.88,386.25,388.35,490,490
LULU,1.88,0.01119,1.119,169.88,170.68,167.5,168.5,169.88,170.68,167.5,168.5,1523449,1523449
ADDYY,0.4,0.003156,0.3156,127.16,127.68,127.01,127.48,127.16,127.68,127.01,127.48,25519,25519
COTY,0.02,0.001789,0.1789,11.2,11.29,11.08,11.1,11.2,11.29,11.08,11.1,12208704,12208704
GOOS,-1.49,-0.030144,-3.0144,47.94,50.04,47.24,49.66,47.94,50.04,47.24,49.66,1551206,1551206
ETSY,-2.27,-0.033555,-3.3555,65.38,68.29,65.06,68.25,65.38,68.29,65.06,68.25,2070927,2070927
ULTA,-5.39,-0.01539,-1.539,344.83,351.88,344.27,350.65,344.83,351.88,344.27,350.65,559597,559597
NKE,1.24,0.014588,1.4588,86.24,86.49,85.29,85.3,86.24,86.49,85.29,85.3,6037028,6037028
AVP,-0.02,-0.006969,-0.6969,2.85,2.92,2.84,2.9,2.85,2.92,2.84,2.9,6142676,6142676
SBUX,0.78,0.010281,1.0281,76.65,76.95,76.07,76.1,76.65,76.95,76.07,76.1,5194754,5194754
SNAP,0.07,0.005882,0.5882,11.97,12.03,11.7,11.98,11.97,12.03,11.7,11.98,15400515,15400515
BYND,0.0,0.0,0.0,0.0,0.0,0.0,0.0,0.0,0.0,0.0,0.0,0,0
FIZZ,-1.13,-0.020841,-2.0841,53.09,55.01,52.57,54.37,53.09,55.01,52.57,54.37,348562,348562
