symbol,change,changeOverTime,changePercent,close,high,low,open,uClose,uHigh,uLow,uOpen,uVolume,volume
NFLX,0.25,0.00066,0.066,379.06,383.5,374.51,378.0,379.06,383.5,374.51,378.0,5398167,5398167
KSS,0.38,0.005447,0.5447,70.14,70.56,69.01,69.96,70.14,70.56,69.01,69.96,3280759,3280759
DECK,1.66,0.010603,1.0603,158.22,159.11,156.44,157.18,158.22,159.11,156.44,157.18,336910,336910
AAPL,-1.37,-0.006508,-0.6508,209.15,212.65,208.13,209.84,209.15,212.65,208.13,209.84,31996324,31996324
VFC,0.88,0.009461,0.9461,93.89,94.25,92.98,93.48,93.89,94.25,92.98,93.48,2036628,2036628
FB,-0.5,-0.00259,-0.259,192.53,194.0,189.75,193.0,192.53,194.0,189.75,193.0,13209452,13209452
YRIV,0.15,0.205479,20.5479,0.88,1.0,0.6606,0.725,0.88,1.0,0.6606,0.725,15321485,15321485
DEO,-0.78,-0.004666,-0.4666,166.38,167.73,166.0,167.5,166.38,167.73,166.0,167.5,235070,235070
LRLCF,-7.15,-0.026114,-2.6114,266.65,267.1,266.65,267.1,266.65,267.1,266.65,267.1,517,517
TIF,1.57,0.014765,1.4765,107.9,108.07,106.39,106.84,107.9,108.07,106.39,106.84,1456720,1456720
DIS,-2.24,-0.016425,-1.6425,134.14,135.69,132.38,135.38,134.14,135.69,132.38,135.38,16580402,16580402
SPY,-0.63,-0.002159,-0.2159,291.18,292.7,289.52,291.68,291.18,292.7,289.52,291.68,65030170,65030170
LB,0.55,0.022071,2.2071,25.47,25.5,24.75,24.99,25.47,25.5,24.75,24.99,3950417,3950417
TGT,0.75,0.009911,0.9911,76.42,77.0,75.74,76.08,76.42,77.0,75.74,76.08,4456263,4456263
TM,-0.33,-0.002685,-0.2685,122.59,123.15,122.34,122.92,122.59,123.15,122.34,122.92,84023,84023
UAA,0.78,0.03539,3.539,22.82,24.1,22.56,23.96,22.82,24.1,22.56,23.96,17779924,17779924
PLNT,-0.03,-0.000398,-0.0398,75.35,75.45,73.62,75.36,75.35,75.45,73.62,75.36,2346173,2346173
EL,-0.05,-0.000294,-0.0294,170.25,170.46,166.69,168.8,170.25,170.46,166.69,168.8,2323946,2323946
LVMHF,1.49,0.003802,0.3802,393.35,393.35,389.85,391.95,393.35,393.35,389.85,391.95,481,481
LULU,0.88,0.005009,0.5009,176.55,177.75,174.81,176.65,176.55,177.75,174.81,176.65,1369549,1369549
ADDYY,0.37,0.002904,0.2904,127.8,128.0,127.31,127.7,127.8,128.0,127.31,127.7,23927,23927
SHMP,0.001,0.005376,0.5376,0.187,0.19,0.171,0.19,0.187,0.19,0.171,0.19,3900958,3900958
COTY,0.0,0.0,0.0,10.84,10.95,10.76,10.87,10.84,10.95,10.76,10.87,10516923,10516923
GOOS,2.11,0.040773,4.0773,53.86,53.88,51.78,52.06,53.86,53.88,51.78,52.06,778959,778959
ETSY,1.28,0.019165,1.9165,68.07,68.1,65.75,66.63,68.07,68.1,65.75,66.63,1365615,1365615
ULTA,8.74,0.026094,2.6094,343.68,344.11,335.01,335.01,343.68,344.11,335.01,335.01,875374,875374
NKE,-0.63,-0.007334,-0.7334,85.27,86.28,84.99,86.21,85.27,86.28,84.99,86.21,6813740,6813740
AVP,-0.33,-0.104762,-10.4762,2.82,2.99,2.82,2.92,2.82,2.99,2.82,2.92,6983463,6983463
SBUX,-0.05,-0.000645,-0.0645,77.47,77.76,76.75,77.66,77.47,77.76,76.75,77.66,6247550,6247550
SNAP,0.04,0.003571,0.3571,11.24,11.25,10.99,11.23,11.24,11.25,10.99,11.23,12005039,12005039
BYND,0.0,0.0,0.0,65.75,72.95,45.0,46.0,65.75,72.95,45.0,46.0,23118966,23118966
FIZZ,1.63,0.029572,2.9572,56.75,57.32,55.08,55.13,56.75,57.32,55.08,55.13,273834,273834
