symbol,change,changeOverTime,changePercent,close,high,low,open,uClose,uHigh,uLow,uOpen,uVolume,volume
NFLX,5.32,0.019595,1.9595,276.82,277.77,270.18,270.68,276.82,277.77,270.18,270.68,4747829,4747829
KSS,1.64,0.031346,3.1346,53.96,54.07,51.92,52.19,53.96,54.07,51.92,52.19,2336771,2336771
DECK,-5.14,-0.032944,-3.2944,150.88,155.14,145.31,155.14,150.88,155.14,145.31,155.14,994563,994563
AAPL,3.0,0.012316,1.2316,246.58,246.73,242.88,243.16,246.58,246.73,242.88,243.16,18369296,18369296
VFC,-6.67,-0.073442,-7.3442,84.15,85.83,81.49,84.9,84.15,85.83,81.49,84.9,7369821,7369821
FB,1.51,0.008102,0.8102,187.89,189.0,185.09,185.83,187.89,189.0,185.09,185.83,8061240,8061240
YRIV,-0.0012,-0.002852,-0.2852,0.4195,0.4348,0.4008,0.42,0.4195,0.4348,0.4008,0.42,119988,119988
DEO,-1.41,-0.008717,-0.8717,160.34,161.06,160.21,160.85,160.34,161.06,160.21,160.85,332807,332807
LRLCF,1.25,0.004695,0.4695,267.5,270.5,266.6,266.6,267.5,270.5,266.6,266.6,95,95
TIF,0.88,0.00901,0.901,98.55,103.0,97.16,98.3,98.55,103.0,97.16,98.3,3706388,3706388
DIS,0.64,0.004913,0.4913,130.9,131.76,130.03,130.5,130.9,131.76,130.03,130.5,6696035,6696035
SPY,1.23,0.004095,0.4095,301.6,302.2,299.68,299.74,301.6,302.2,299.68,299.74,45205412,45205412
LB,0.22,0.012543,1.2543,17.76,18.11,17.35,17.45,17.76,18.11,17.35,17.45,3573809,3573809
TGT,-1.23,-0.011156,-1.1156,109.02,109.99,108.53,109.92,109.02,109.99,108.53,109.92,5659681,5659681
TM,0.13,0.000941,0.0941,138.28,138.44,137.72,138.22,138.28,138.44,137.72,138.22,147871,147871
UAA,0.2,0.009588,0.9588,21.06,21.31,20.51,20.62,21.06,21.31,20.51,20.62,2700080,2700080
PLNT,-0.07,-0.001145,-0.1145,61.04,61.22,60.52,60.92,61.04,61.22,60.52,60.92,671606,671606
EL,1.06,0.005651,0.5651,188.63,190.38,186.41,187.0,188.63,190.38,186.41,187.0,1490174,1490174
LVMHF,7.24,0.017392,1.7392,423.52,425.9,423.49,424.11,423.52,425.9,423.49,424.11,281,281
LULU,1.16,0.005608,0.5608,208.0,208.06,205.0,206.35,208.0,208.06,205.0,206.35,993525,993525
ADDYY,0.595,0.00392,0.392,152.39,152.75,152.2,152.75,152.39,152.75,152.2,152.75,15365,15365
SHMP,0.0028,0.025,2.5,0.1148,0.119,0.1018,0.119,0.1148,0.119,0.1018,0.119,1959041,1959041
COTY,-0.02,-0.001698,-0.1698,11.76,11.9,11.53,11.74,11.76,11.9,11.53,11.74,2953771,2953771
GOOS,0.98,0.025271,2.5271,39.76,40.17,38.71,38.71,39.76,40.17,38.71,38.71,1311943,1311943
ETSY,0.92,0.015931,1.5931,58.67,59.0,55.67,57.41,58.67,59.0,55.67,57.41,4683890,4683890
ULTA,1.97,0.008245,0.8245,240.9,242.48,237.73,238.38,240.9,242.48,237.73,238.38,659343,659343
NKE,-0.58,-0.006339,-0.6339,90.92,91.83,90.75,91.44,90.92,91.83,90.75,91.44,8147156,8147156
AVP,0.19,0.046341,4.6341,4.29,4.31,4.1,4.1,4.29,4.31,4.1,4.1,6039814,6039814
SBUX,0.2,0.002404,0.2404,83.38,83.57,82.63,83.21,83.38,83.57,82.63,83.21,5235296,5235296
SNAP,0.44,0.032544,3.2544,13.96,14.01,13.32,13.41,13.96,14.01,13.32,13.41,28339759,28339759
BYND,-0.89,-0.008751,-0.8751,100.81,102.0,97.74,101.77,100.81,102.0,97.74,101.77,3312802,3312802
FIZZ,0.15,0.003016,0.3016,49.89,50.41,49.06,49.45,49.89,50.41,49.06,49.45,276846,276846
