symbol,change,changeOverTime,changePercent,close,high,low,open,uClose,uHigh,uLow,uOpen,uVolume,volume
NFLX,6.05,0.021094,2.1094,292.86,295.39,287.16,288.0,292.86,295.39,287.16,288.0,5566213,5566213
KSS,2.0,0.038395,3.8395,54.09,54.47,52.92,53.05,54.09,54.47,52.92,53.05,4838706,4838706
DECK,4.91,0.031647,3.1647,160.06,160.51,155.42,156.56,160.06,160.51,155.42,156.56,541111,541111
AAPL,1.68,0.006567,0.6567,257.5,257.85,255.38,257.33,257.5,257.85,255.38,257.33,25817952,25817952
VFC,1.91,0.023043,2.3043,84.8,84.99,83.33,83.56,84.8,84.99,83.33,83.56,2982705,2982705
FB,1.1,0.005681,0.5681,194.72,197.37,193.81,194.55,194.72,197.37,193.81,194.55,16371292,16371292
YRIV,-0.0126,-0.036134,-3.6134,0.3361,0.349,0.3,0.3375,0.3361,0.349,0.3,0.3375,468066,468066
DEO,-2.44,-0.014969,-1.4969,160.56,162.83,160.32,162.72,160.56,162.83,160.32,162.72,289487,289487
LRLCF,0.399,0.001381,0.1381,289.25,292.45,289.25,292.45,289.25,292.45,289.25,292.45,1150,1150
TIF,0.64,0.005039,0.5039,127.64,129.17,124.75,126.85,127.64,129.17,124.75,126.85,6106979,6106979
DIS,0.17,0.001281,0.1281,132.92,134.14,132.47,134.12,132.92,134.14,132.47,134.12,7631780,7631780
SPY,1.23,0.004018,0.4018,307.37,308.0,306.96,307.85,307.37,308.0,306.96,307.85,60606916,60606916
LB,-0.02,-0.00114,-0.114,17.52,17.88,17.4,17.67,17.52,17.88,17.4,17.67,4016220,4016220
TGT,0.95,0.008811,0.8811,108.77,109.16,108.21,108.5,108.77,109.16,108.21,108.5,3195552,3195552
TM,0.73,0.005221,0.5221,140.56,140.63,140.03,140.03,140.56,140.63,140.03,140.03,138025,138025
UAA,-4.0,-0.189215,-18.9215,17.14,18.51,16.83,17.83,17.14,18.51,16.83,17.83,43580490,43580490
PLNT,-1.95,-0.030938,-3.0938,61.08,63.53,59.87,63.5,61.08,63.53,59.87,63.5,3322152,3322152
EL,-4.83,-0.025887,-2.5887,181.75,187.31,179.76,187.11,181.75,187.31,179.76,187.11,2331920,2331920
LVMHF,5.4,0.012385,1.2385,441.4,444.22,441.4,443.44,441.4,444.22,441.4,443.44,999,999
LULU,-4.21,-0.020978,-2.0978,196.48,204.0,194.15,203.89,196.48,204.0,194.15,203.89,2671017,2671017
ADDYY,2.73,0.017437,1.7437,159.29,160.29,158.89,159.33,159.29,160.29,158.89,159.33,24012,24012
SHMP,0.0039,0.037108,3.7108,0.109,0.114,0.1021,0.114,0.109,0.114,0.1021,0.114,1179596,1179596
COTY,-0.22,-0.018852,-1.8852,11.45,11.82,11.44,11.78,11.45,11.82,11.44,11.78,5249635,5249635
GOOS,2.18,0.051806,5.1806,44.26,44.57,42.35,42.4,44.26,44.57,42.35,42.4,1503578,1503578
ETSY,-0.915,-0.020042,-2.0042,44.74,45.95,44.65,45.88,44.74,45.95,44.65,45.88,4870059,4870059
ULTA,4.08,0.017502,1.7502,237.19,237.58,232.09,233.95,237.19,237.58,232.09,233.95,1890520,1890520
NKE,0.68,0.007625,0.7625,89.86,90.56,89.32,90.13,89.86,90.56,89.32,90.13,8161181,8161181
AVP,-0.12,-0.027586,-2.7586,4.23,4.44,4.21,4.41,4.23,4.44,4.21,4.41,6963531,6963531
SBUX,-0.84,-0.010095,-1.0095,82.37,83.44,81.9,83.3,82.37,83.44,81.9,83.3,8271187,8271187
SNAP,0.17,0.011199,1.1199,15.35,15.38,15.15,15.31,15.35,15.38,15.15,15.31,17392660,17392660
BYND,-2.21,-0.026951,-2.6951,79.79,83.44,79.63,83.4,79.79,83.44,79.63,83.4,4758308,4758308
FIZZ,0.78,0.017376,1.7376,45.67,46.12,44.63,44.88,45.67,46.12,44.63,44.88,245359,245359
