symbol,change,changeOverTime,changePercent,close,high,low,open,uClose,uHigh,uLow,uOpen,uVolume,volume
NFLX,0,0,0,397.53,393.76,395.09,385.17,396.5,398.07,385.09,390.87,5385315,5154934
DECK,0,0,0,160.3,160.21,160.42,162.99,161.0,165.66,163.79,162.28,467728,455048
AAPL,0,0,0,219.72,219.87,210.9,211.81,218.92,220.43,212.86,216.98,20955076,21005783
VFC,0,0,0,96.88,96.22,94.47,96.5,99.47,96.9,94.45,98.1,1707136,1720608
FB,0,0,0,204.79,202.8,197.16,195.68,200.48,204.56,201.43,202.7,14693968,15221808
DEO,0,0,0,172.48,170.46,171.74,170.4,169.04,174.12,167.91,170.87,285775,279948
LRLCF,0,0,0,280.7,284.6,274.17,277.8,284.8,276.3,271.24,282.4,90,90
TIF,0,0,0,114.95,111.41,109.3,108.4,112.64,111.19,109.2,109.7,1255886,1236416
DIS,0,0,0,140.08,140.8,140.04,138.43,138.49,137.0,135.21,138.71,8959785,9107662
LB,0,0,0,26.38,26.95,25.77,25.92,26.94,26.29,26.05,26.87,3264989,3286740
TGT,0,0,0,76.44,79.0,75.78,79.31,77.91,78.0,75.67,77.38,5983031,5805479
LRLCY,0,0,0,56.0,55.74,56.11,56.44,56.0,54.96,54.85,56.33,55031,53306
UAA,0,0,0,23.65,23.81,22.59,23.68,23.05,23.23,23.04,22.84,6403154,6261378
PLNT,0,0,0,73.61,76.3,69.2,73.58,73.27,76.0,69.5,74.29,5125343,5270380
EL,0,0,0,183.03,183.27,178.02,173.98,182.35,174.97,176.71,173.28,1362471,1368189
LVMHF,0,0,0,414.0,403.36,403.31,403.16,402.0,400.81,409.55,393.49,322,315
LULU,0,0,0,181.3,181.09,179.27,180.36,186.29,187.33,181.34,183.09,1073261,1065442
ADDYY,0,0,0,146.17,144.87,142.5,140.35,145.11,146.02,140.4,139.98,31443,30905
COTY,0,0,0,11.99,12.99,11.24,11.1,11.66,12.99,11.16,11.4,41515746,42145808
LVMUY,0,0,0,83.05,82.05,78.83,80.6,81.61,81.63,78.9,82.7,308827,310215
GOOS,0,0,0,56.78,56.09,55.6,54.46,55.07,57.3,55.63,56.69,1227135,1208468
ETSY,0,0,0,72.33,70.58,67.88,71.3,70.47,73.06,70.19,69.1,1593802,1586183
ULTA,0,0,0,348.58,361.98,344.74,355.16,344.56,353.69,356.6,358.72,760633,734401
NKE,0,0,0,87.4,90.1,86.6,86.3,89.5,87.1,89.0,87.6,7039971,6906879
SBUX,0,0,0,78.31,79.2,77.85,80.77,80.31,81.8,80.01,80.82,4994809,5099236
SNAP,0,0,0,12.0,11.98,11.32,11.37,12.0,12.17,11.73,11.66,19678468,19876286
FIZZ,0,0,0,58.71,60.17,58.52,57.37,60.12,58.06,59.63,57.84,430156,431136
