symbol,change,changeOverTime,changePercent,close,high,low,open,uClose,uHigh,uLow,uOpen,uVolume,volume
NFLX,0,0,0,352.01,367.1,349.29,363.65,352.01,367.1,349.29,363.65,7810261,7810261
KSS,0,0,0,48.8,50.04,48.67,48.67,48.8,50.04,48.67,48.67,5959406,5959406
DECK,0,0,0,164.09,164.89,160.5,160.5,164.09,164.89,160.5,160.5,453841,453841
AAPL,0,0,0,192.58,195.37,191.62,191.81,192.58,195.37,191.62,191.81,26220851,26220851
VFC,0,0,0,85.69,86.49,85.24,85.28,85.69,86.49,85.24,85.28,1279923,1279923
FB,0,0,0,174.82,177.86,173.8,174.75,174.82,177.86,173.8,174.75,14767918,14767918
DEO,0,0,0,172.76,172.92,172.23,172.9,172.76,172.92,172.23,172.9,202012,202012
LRLCF,0,0,0,277.5,0.0,0.0,278.45,277.5,0.0,0.0,278.45,362,362
TIF,0,0,0,92.14,92.85,90.84,90.84,92.14,92.85,90.84,90.84,1222933,1222933
DIS,0,0,0,137.07,138.88,136.07,138.88,137.07,138.88,136.07,138.88,8479526,8479526
SPY,0,0,0,288.97,290.82,288.87,289.37,288.97,290.82,288.87,289.37,60799053,60799053
LB,0,0,0,21.82,22.84,21.45,22.83,21.82,22.84,21.45,22.83,7350465,7350465
TGT,0,0,0,87.55,87.98,87.15,87.34,87.55,87.98,87.15,87.34,3019654,3019654
TM,0,0,0,123.49,123.93,123.36,123.46,123.49,123.93,123.36,123.46,118698,118698
UAA,0,0,0,25.78,26.44,25.78,26.01,25.78,26.44,25.78,26.01,3602376,3602376
PLNT,0,0,0,78.29,78.93,77.65,78.09,78.29,78.93,77.65,78.09,1397943,1397943
EL,0,0,0,178.02,178.58,176.13,177.14,178.02,178.58,176.13,177.14,990676,990676
LVMHF,0,0,0,404.0,406.14,404.0,405.55,404.0,406.14,404.0,405.55,252,252
LULU,0,0,0,171.35,176.38,170.98,174.34,171.35,176.38,170.98,174.34,1930903,1930903
ADDYY,0,0,0,150.66,150.66,150.0,150.39,150.66,150.66,150.0,150.39,45497,45497
COTY,0,0,0,13.51,13.71,13.42,13.71,13.51,13.71,13.42,13.71,3664319,3664319
GOOS,0,0,0,34.3,35.14,33.87,34.51,34.3,35.14,33.87,34.51,2077354,2077354
ETSY,0,0,0,65.31,67.21,64.62,64.92,65.31,67.21,64.62,64.92,2274923,2274923
ULTA,0,0,0,337.05,344.49,335.63,339.11,337.05,344.49,335.63,339.11,561587,561587
NKE,0,0,0,82.58,84.2,82.45,83.75,82.58,84.2,82.45,83.75,4419758,4419758
AVP,0,0,0,3.78,3.83,3.73,3.83,3.78,3.83,3.73,3.83,13098695,13098695
SBUX,0,0,0,81.93,82.86,81.38,82.85,81.93,82.86,81.38,82.85,8102783,8102783
SNAP,0,0,0,13.77,14.07,13.7,13.95,13.77,14.07,13.7,13.95,25589844,25589844
BYND,0,0,0,168.1,186.43,147.0,155.7,168.1,186.43,147.0,155.7,24986035,24986035
FIZZ,0,0,0,47.44,49.72,47.2,48.44,47.44,49.72,47.2,48.44,423797,423797
