symbol,change,changeOverTime,changePercent,close,high,low,open,uClose,uHigh,uLow,uOpen,uVolume,volume
NFLX,0.03,9.9e-05,0.0099,302.6,305.67,298.52,304.01,302.6,305.67,298.52,304.01,5919710,5919710
KSS,-11.38,-0.194863,-19.4863,47.02,50.27,47.01,48.75,47.02,50.27,47.01,48.75,27113076,27113076
DECK,-2.75,-0.016475,-1.6475,164.17,166.91,163.89,166.44,164.17,166.91,163.89,166.44,437659,437659
AAPL,-0.81,-0.003033,-0.3033,266.29,268.0,265.39,267.9,266.29,268.0,265.39,267.9,19069597,19069597
VFC,-0.91,-0.010431,-1.0431,86.33,87.25,85.61,86.96,86.33,87.25,85.61,86.96,2003503,2003503
FB,1.92,0.009726,0.9726,199.32,200.0,196.86,197.4,199.32,200.0,196.86,197.4,19070291,19070291
YRIV,-0.066,-0.15493,-15.493,0.36,0.44,0.34,0.3778,0.36,0.44,0.34,0.3778,570711,570711
DEO,1.08,0.006728,0.6728,161.61,161.61,161.08,161.28,161.61,161.61,161.08,161.28,222495,222495
LRLCF,0.451,0.001563,0.1563,289.0,291.4,287.75,291.4,289.0,291.4,287.75,291.4,533,533
TIF,-1.08,-0.008669,-0.8669,123.5,124.51,122.86,124.5,123.5,124.51,122.86,124.5,1889254,1889254
DIS,0.73,0.004944,0.4944,148.38,149.48,146.8,148.18,148.38,149.48,146.8,148.18,11508726,11508726
SPY,-0.09,-0.000288,-0.0288,311.93,312.69,311.22,312.68,311.93,312.69,311.22,312.68,67927818,67927818
LB,-0.69,-0.038612,-3.8612,17.18,17.68,16.9,17.51,17.18,17.68,16.9,17.51,7619916,7619916
TGT,-1.11,-0.009914,-0.9914,110.85,111.1,109.35,110.41,110.85,111.1,109.35,110.41,7412669,7412669
TM,-0.75,-0.005223,-0.5223,142.85,143.56,142.8,143.56,142.85,143.56,142.8,143.56,133305,133305
UAA,0.0,0.0,0.0,17.33,17.51,17.17,17.25,17.33,17.51,17.17,17.25,4610636,4610636
PLNT,-0.05,-0.000699,-0.0699,71.46,71.95,71.02,71.7,71.46,71.95,71.02,71.7,1250890,1250890
EL,3.21,0.016642,1.6642,196.1,196.14,192.84,193.35,196.1,196.14,192.84,193.35,1270589,1270589
LVMHF,-6.09,-0.01366,-1.366,439.6,442.23,438.03,442.23,439.6,442.23,438.03,442.23,860,860
LULU,-1.58,-0.007232,-0.7232,216.88,219.97,216.51,217.79,216.88,219.97,216.51,217.79,1731043,1731043
ADDYY,0.21,0.001398,0.1398,150.41,152.01,150.06,152.01,150.41,152.01,150.06,152.01,25184,25184
SHMP,0.0024,0.022749,2.2749,0.1079,0.108,0.1021,0.105,0.1079,0.108,0.1021,0.105,1223909,1223909
COTY,-0.25,-0.020458,-2.0458,11.97,12.29,11.93,12.27,11.97,12.29,11.93,12.27,4608788,4608788
GOOS,-1.08,-0.030673,-3.0673,34.13,35.13,34.1,34.92,34.13,35.13,34.1,34.92,2356499,2356499
ETSY,-1.13,-0.026911,-2.6911,40.86,42.73,40.73,42.36,40.86,42.73,40.73,42.36,3101452,3101452
ULTA,-4.73,-0.019359,-1.9359,239.6,243.85,238.28,243.79,239.6,243.85,238.28,243.79,1111997,1111997
NKE,-0.57,-0.006052,-0.6052,93.61,95.12,93.06,94.61,93.61,95.12,93.06,94.61,5382247,5382247
AVP,0.05,0.011655,1.1655,4.34,4.36,4.22,4.3,4.34,4.36,4.22,4.3,8472093,8472093
SBUX,-0.36,-0.004285,-0.4285,83.66,84.28,83.57,84.06,83.66,84.28,83.57,84.06,6010423,6010423
SNAP,0.47,0.031995,3.1995,15.16,15.26,14.39,14.58,15.16,15.26,14.39,14.58,24848960,24848960
BYND,-2.37,-0.029729,-2.9729,77.35,80.0,76.55,79.75,77.35,80.0,76.55,79.75,2975011,2975011
FIZZ,1.22,0.028189,2.8189,44.5,44.5,43.04,43.39,44.5,44.5,43.04,43.39,509944,509944
