symbol,change,changeOverTime,changePercent,close,high,low,open,uClose,uHigh,uLow,uOpen,uVolume,volume
NFLX,26.37,0.097235,9.7235,297.57,297.8,278.54,281.88,297.57,297.8,278.54,281.88,19330102,19330102
KSS,0.04,0.000603,0.0603,66.41,67.47,65.09,67.38,66.41,67.47,65.09,67.38,3749765,3749765
DECK,-4.02,-0.031953,-3.1953,121.79,127.83,121.24,127.37,121.79,127.83,121.24,127.37,1007038,1007038
AAPL,6.07,0.042689,4.2689,148.26,148.55,143.8,144.53,148.26,148.55,143.8,144.53,58607070,58607070
VFC,2.38,0.034368,3.4368,71.63,72.01,69.99,70.02,71.63,72.01,69.99,70.02,2019932,2019932
FB,6.21,0.047138,4.7138,137.95,138.0,133.75,134.01,137.95,138.0,133.75,134.01,29002059,29002059
YRIV,0.15,0.042857,4.2857,3.65,4.46,3.55,3.6,3.65,4.46,3.55,3.6,126818,126818
DEO,1.18,0.008545,0.8545,139.28,139.7,138.2,138.36,139.28,139.7,138.2,138.36,658069,658069
LRLCF,3.0,0.013333,1.3333,228.0,228.0,224.4,224.4,228.0,228.0,224.4,224.4,116,116
TIF,2.79,0.035055,3.5055,82.38,83.11,80.28,80.67,82.38,83.11,80.28,80.67,1847673,1847673
DIS,3.28,0.030847,3.0847,109.61,110.75,107.25,107.94,109.61,110.75,107.25,107.94,10122770,10122770
SPY,8.18,0.033496,3.3496,252.39,253.11,247.17,247.59,252.39,253.11,247.17,247.59,142628834,142628834
LB,1.25,0.047241,4.7241,27.71,28.25,26.8,26.8,27.71,28.25,26.8,26.8,5839182,5839182
TGT,0.9,0.013734,1.3734,66.43,66.88,65.45,66.24,66.43,66.88,65.45,66.24,4825860,4825860
TM,5.08,0.044309,4.4309,119.73,120.17,117.51,117.94,119.73,120.17,117.51,117.94,307513,307513
UAA,0.75,0.043153,4.3153,18.13,18.25,17.57,17.6,18.13,18.25,17.57,17.6,3708316,3708316
PLNT,2.12,0.040152,4.0152,54.92,55.36,53.34,53.68,54.92,55.36,53.34,53.68,1965313,1965313
EL,4.24,0.033736,3.3736,129.92,130.79,127.03,127.48,129.92,130.79,127.03,127.48,2091384,2091384
LVMHF,9.06,0.03248,3.248,288.0,288.0,281.2,282.55,288.0,288.0,281.2,282.55,93,93
LULU,4.19,0.033693,3.3693,128.55,129.57,125.31,125.85,128.55,129.57,125.31,125.85,2184728,2184728
ADDYY,4.25,0.040658,4.0658,108.78,109.19,107.55,107.55,108.78,109.19,107.55,107.55,69738,69738
SHMP,0.0026,0.152941,15.2941,0.0196,0.0235,0.0171,0.0171,0.0196,0.0235,0.0171,0.0171,10329450,10329450
COTY,0.37,0.054492,5.4492,7.16,7.21,6.81,6.84,7.16,7.21,6.81,6.84,9136894,9136894
GOOS,2.57,0.060958,6.0958,44.73,45.55,43.14,43.19,44.73,45.55,43.14,43.19,3030353,3030353
ETSY,3.67,0.079731,7.9731,49.7,50.88,47.41,48.06,49.7,50.88,47.41,48.06,4074982,4074982
ULTA,11.67,0.047954,4.7954,255.03,258.48,246.0,247.08,255.03,258.48,246.0,247.08,864514,864514
NKE,1.9,0.026117,2.6117,74.65,75.12,73.12,73.45,74.65,75.12,73.12,73.45,7844239,7844239
AVP,0.12,0.076433,7.6433,1.69,1.72,1.59,1.59,1.69,1.72,1.59,1.59,4809527,4809527
SBUX,2.04,0.033155,3.3155,63.57,64.25,62.08,62.4,63.57,64.25,62.08,62.4,12694446,12694446
SNAP,0.27,0.047535,4.7535,5.95,5.99,5.63,5.67,5.95,5.99,5.63,5.67,18200350,18200350
BYND,0.0,0.0,0.0,0.0,0.0,0.0,0.0,0.0,0.0,0.0,0.0,0,0
FIZZ,-0.63,-0.008592,-0.8592,72.69,75.17,71.88,73.59,72.69,75.17,71.88,73.59,341437,341437
