symbol,change,changeOverTime,changePercent,close,high,low,open,uClose,uHigh,uLow,uOpen,uVolume,volume
NFLX,10.64,0.034624,3.4624,317.94,319.99,307.25,310.51,317.94,319.99,307.25,310.51,11961818,11961818
KSS,0.9,0.017744,1.7744,51.62,51.9,50.65,50.87,51.62,51.9,50.65,50.87,3117136,3117136
DECK,0.92,0.005164,0.5164,179.06,179.66,176.71,178.5,179.06,179.66,176.71,178.5,296138,296138
AAPL,-0.17,-0.000814,-0.0814,208.67,209.15,207.17,207.67,208.67,209.15,207.17,207.67,14991567,14991567
VFC,1.06,0.012009,1.2009,89.33,91.54,86.44,90.33,89.33,91.54,86.44,90.33,4663961,4663961
FB,2.3,0.011366,1.1366,204.66,204.81,197.22,197.63,204.66,204.81,197.22,197.63,32532540,32532540
DEO,-2.04,-0.012047,-1.2047,167.29,168.38,166.42,166.92,167.29,168.38,166.42,166.92,504156,504156
LRLCF,-0.2,-0.00072,-0.072,277.6,277.6,277.6,277.6,277.6,277.6,277.6,277.6,235,235
TIF,1.9,0.020534,2.0534,94.43,94.51,92.5,92.75,94.43,94.51,92.5,92.75,1509247,1509247
DIS,0.03,0.000212,0.0212,141.29,141.59,140.4,141.4,141.29,141.59,140.4,141.4,5896610,5896610
SPY,1.41,0.0047,0.47,301.44,301.44,299.09,299.19,301.44,301.44,299.09,299.19,47213232,47213232
LB,0.58,0.022952,2.2952,25.85,26.01,25.22,25.23,25.85,26.01,25.22,25.23,2962493,2962493
TGT,0.55,0.006212,0.6212,89.09,89.51,87.72,88.02,89.09,89.51,87.72,88.02,3204702,3204702
TM,1.25,0.009488,0.9488,133.0,133.16,132.24,132.28,133.0,133.16,132.24,132.28,158372,158372
UAA,0.15,0.005517,0.5517,27.34,27.72,26.99,27.22,27.34,27.72,26.99,27.22,2742441,2742441
PLNT,2.1,0.028173,2.8173,76.64,77.02,74.56,74.56,76.64,77.02,74.56,74.56,1129718,1129718
EL,-0.03,-0.000158,-0.0158,189.45,189.67,188.06,189.01,189.45,189.67,188.06,189.01,1196619,1196619
LVMHF,5.54,0.012942,1.2942,433.61,436.5,421.9,424.0,433.61,436.5,421.9,424.0,559,559
LULU,3.14,0.016608,1.6608,192.21,192.42,189.07,189.07,192.21,192.42,189.07,189.07,1067781,1067781
ADDYY,-1.0,-0.006296,-0.6296,157.82,157.89,156.98,157.43,157.82,157.89,156.98,157.43,18608,18608
COTY,0.07,0.006399,0.6399,11.01,11.04,10.87,10.93,11.01,11.04,10.87,10.93,5799270,5799270
GOOS,0.5,0.011163,1.1163,45.29,45.45,44.63,44.74,45.29,45.45,44.63,44.74,600658,600658
ETSY,0.23,0.003391,0.3391,68.05,68.67,67.58,67.74,68.05,68.67,67.58,67.74,2303287,2303287
ULTA,0.95,0.002699,0.2699,352.94,353.17,348.75,351.99,352.94,353.17,348.75,351.99,532145,532145
NKE,0.0,0.0,0.0,86.7,87.21,86.31,86.65,86.7,87.21,86.31,86.65,6362911,6362911
AVP,-0.02,-0.005181,-0.5181,3.84,3.89,3.82,3.86,3.84,3.89,3.82,3.86,2509460,2509460
SBUX,0.54,0.005993,0.5993,90.65,90.75,89.68,89.9,90.65,90.75,89.68,89.9,5388138,5388138
SNAP,2.78,0.187458,18.7458,17.61,17.61,16.08,16.22,17.61,17.61,16.08,16.22,143867644,143867644
BYND,7.44,0.03806,3.806,202.92,205.5,197.21,201.0,202.92,205.5,197.21,201.0,7168721,7168721
FIZZ,0.1,0.002403,0.2403,41.72,41.98,41.0,41.61,41.72,41.98,41.0,41.61,306182,306182
