symbol,change,changeOverTime,changePercent,close,high,low,open,uClose,uHigh,uLow,uOpen,uVolume,volume
NFLX,0,0,0,360.35,360.41,351.64,355.0,360.35,360.41,351.64,355.0,8353165,8353165
KSS,0,0,0,70.37,70.88,69.4,69.99,70.37,70.88,69.4,69.99,2044424,2044424
DECK,0,0,0,153.4,154.59,151.41,152.34,153.4,154.59,151.41,152.34,364964,364964
AAPL,0,0,0,203.86,204.15,202.52,203.12,203.86,204.15,202.52,203.12,24195766,24195766
VFC,0,0,0,95.55,96.2,94.56,95.31,95.55,96.2,94.56,95.31,2354398,2354398
FB,0,0,0,178.28,178.88,177.34,178.8,178.28,178.88,177.34,178.8,11655608,11655608
DEO,0,0,0,163.07,163.48,162.05,162.58,163.07,163.48,162.05,162.58,226037,226037
LRLCF,0,0,0,273.0,274.85,270.55,270.55,273.0,274.85,270.55,270.55,472,472
TIF,0,0,0,107.12,108.29,105.9,106.65,107.12,108.29,105.9,106.65,1127119,1127119
DIS,0,0,0,132.45,132.87,131.11,131.77,132.45,132.87,131.11,131.77,11890584,11890584
SPY,0,0,0,290.02,290.32,288.66,290.1,290.02,290.32,288.66,290.1,68708513,68708513
LB,0,0,0,25.68,25.99,25.46,25.65,25.68,25.99,25.46,25.65,3272967,3272967
TGT,0,0,0,83.26,83.48,82.44,82.76,83.26,83.48,82.44,82.76,3162904,3162904
TM,0,0,0,125.16,125.43,124.95,124.99,125.16,125.43,124.95,124.99,189831,189831
UAA,0,0,0,22.16,22.36,21.74,21.83,22.16,22.36,21.74,21.83,3707669,3707669
PLNT,0,0,0,73.41,74.34,72.48,72.93,73.41,74.34,72.48,72.93,846048,846048
EL,0,0,0,170.33,171.39,169.48,169.84,170.33,171.39,169.48,169.84,1131509,1131509
LVMHF,0,0,0,396.25,398.0,396.2,397.2,396.25,398.0,396.2,397.2,1077,1077
LULU,0,0,0,173.31,174.64,169.72,171.74,173.31,174.64,169.72,171.74,2293194,2293194
ADDYY,0,0,0,130.29,130.42,130.05,130.25,130.29,130.42,130.05,130.25,62323,62323
COTY,0,0,0,11.26,11.29,11.18,11.24,11.26,11.29,11.18,11.24,10248172,10248172
GOOS,0,0,0,52.68,52.95,51.8,52.7,52.68,52.95,51.8,52.7,1393324,1393324
ETSY,0,0,0,63.4,64.22,62.21,64.03,63.4,64.22,62.21,64.03,1813053,1813053
ULTA,0,0,0,350.88,359.1,350.25,356.63,350.88,359.1,350.25,356.63,568164,568164
NKE,0,0,0,89.2,90.0,88.7,88.76,89.2,90.0,88.7,88.76,7016564,7016564
AVP,0,0,0,2.64,2.71,2.61,2.68,2.64,2.71,2.61,2.68,2149485,2149485
SBUX,0,0,0,76.06,76.26,75.21,75.48,76.06,76.26,75.21,75.48,6607755,6607755
SNAP,0,0,0,11.67,11.71,11.18,11.18,11.67,11.71,11.18,11.18,24285199,24285199
BYND,0,0,0,0.0,0.0,0.0,0.0,0.0,0.0,0.0,0.0,0,0
FIZZ,0,0,0,54.37,54.6,53.71,53.71,54.37,54.6,53.71,53.71,228973,228973
