symbol,change,changeOverTime,changePercent,close,high,low,open,uClose,uHigh,uLow,uOpen,uVolume,volume
NFLX,1.4,0.003936,0.3936,357.13,358.21,352.09,354.84,357.13,358.21,352.09,354.84,3709955,3709955
KSS,-0.93,-0.019018,-1.9018,47.97,48.9,47.08,48.4,47.97,48.9,47.08,48.4,6105928,6105928
DECK,-0.16,-0.001027,-0.1027,155.63,156.41,152.81,155.56,155.63,156.41,152.81,155.56,431750,431750
AAPL,2.68,0.014682,1.4682,185.22,185.47,182.15,183.08,185.22,185.47,182.15,183.08,22526311,22526311
VFC,-1.28,-0.014929,-1.4929,84.46,85.62,83.96,85.56,84.46,85.62,83.96,85.56,2115965,2115965
FB,0.16,0.000951,0.0951,168.33,169.7,167.23,168.3,168.33,169.7,167.23,168.3,12446354,12446354
YRIV,-0.1646,-0.245525,-24.5525,0.5058,0.6371,0.49,0.63,0.5058,0.6371,0.49,0.63,5422613,5422613
DEO,1.19,0.007004,0.7004,171.09,172.03,170.98,171.15,171.09,172.03,170.98,171.15,392121,392121
LRLCF,0.8297,0.003038,0.3038,273.91,277.48,272.75,277.48,273.91,277.48,272.75,277.48,238,238
TIF,-1.26,-0.013629,-1.3629,91.19,92.46,90.12,92.02,91.19,92.46,90.12,92.02,1449431,1449431
DIS,1.27,0.009342,0.9342,137.21,137.44,135.73,136.51,137.21,137.44,135.73,136.51,6027316,6027316
SPY,1.84,0.006503,0.6503,284.8,285.55,282.57,283.29,284.8,285.55,282.57,283.29,69430381,69430381
LB,-0.98,-0.041368,-4.1368,22.71,23.63,22.54,23.53,22.71,23.63,22.54,23.53,5906552,5906552
TGT,0.21,0.002456,0.2456,85.7,86.04,84.7,85.48,85.7,86.04,84.7,85.48,4558385,4558385
TM,1.08,0.008984,0.8984,121.3,121.45,120.86,121.05,121.3,121.45,120.86,121.05,116554,116554
UAA,-0.08,-0.003106,-0.3106,25.68,25.93,25.46,25.75,25.68,25.93,25.46,25.75,4595370,4595370
PLNT,1.07,0.013746,1.3746,78.91,79.0,77.14,77.63,78.91,79.0,77.14,77.63,1620055,1620055
EL,3.94,0.023178,2.3178,173.93,174.36,169.72,170.0,173.93,174.36,169.72,170.0,1582800,1582800
LVMHF,2.5,0.006369,0.6369,395.0,398.4,393.75,398.4,395.0,398.4,393.75,398.4,430,430
LULU,-3.14,-0.018096,-1.8096,170.38,173.54,169.71,173.51,170.38,173.54,169.71,173.51,1685705,1685705
ADDYY,2.92,0.020165,2.0165,147.52,147.66,146.51,146.72,147.52,147.66,146.51,146.72,18975,18975
SHMP,-0.004,-0.033223,-3.3223,0.1164,0.127,0.1145,0.122,0.1164,0.127,0.1145,0.122,1857735,1857735
COTY,0.44,0.033665,3.3665,13.51,13.57,12.97,13.08,13.51,13.57,12.97,13.08,5840384,5840384
GOOS,0.03,0.000911,0.0911,32.95,33.21,31.67,32.97,32.95,33.21,31.67,32.97,3046041,3046041
ETSY,0.47,0.007644,0.7644,61.96,62.21,60.39,61.11,61.96,62.21,60.39,61.11,1267812,1267812
ULTA,2.85,0.008445,0.8445,340.33,341.96,336.38,339.85,340.33,341.96,336.38,339.85,590749,590749
NKE,-0.27,-0.003264,-0.3264,82.45,83.06,82.08,82.72,82.45,83.06,82.08,82.72,4952974,4952974
AVP,0.13,0.035912,3.5912,3.75,3.77,3.59,3.61,3.75,3.77,3.59,3.61,9019626,9019626
SBUX,1.44,0.018009,1.8009,81.4,81.63,79.9,80.03,81.4,81.63,79.9,80.03,10457247,10457247
SNAP,0.88,0.068006,6.8006,13.82,14.13,12.56,13.0,13.82,14.13,12.56,13.0,57526807,57526807
BYND,-3.1,-0.030214,-3.0214,99.5,102.25,98.85,102.0,99.5,102.25,98.85,102.0,6483991,6483991
FIZZ,0.39,0.00805,0.805,48.84,48.85,47.75,48.26,48.84,48.85,47.75,48.26,260015,260015
