symbol,change,changeOverTime,changePercent,close,high,low,open,uClose,uHigh,uLow,uOpen,uVolume,volume
NFLX,-0.23,-0.000873,-0.0873,263.08,267.44,260.39,266.18,263.08,267.44,260.39,266.18,7367491,7367491
KSS,0.47,0.009559,0.9559,49.64,50.07,49.22,49.43,49.64,50.07,49.22,49.43,1994180,1994180
DECK,2.72,0.019372,1.9372,143.13,144.69,141.27,141.33,143.13,144.69,141.27,141.33,904424,904424
AAPL,-1.07,-0.004866,-0.4866,218.82,220.96,217.28,220.54,218.82,220.96,217.28,220.54,25361285,25361285
VFC,0.72,0.008175,0.8175,88.79,89.6,87.91,88.71,88.79,89.6,87.91,88.71,1657278,1657278
FB,-3.01,-0.016712,-1.6712,177.1,180.76,175.66,180.49,177.1,180.76,175.66,180.49,14663575,14663575
YRIV,0.0889,0.152986,15.2986,0.67,0.706,0.52,0.5811,0.67,0.706,0.52,0.5811,446857,446857
DEO,0.14,0.000862,0.0862,162.57,163.43,161.92,163.28,162.57,163.43,161.92,163.28,334584,334584
LRLCF,1.0,0.003636,0.3636,276.0,276.0,275.15,275.15,276.0,276.0,275.15,275.15,38,38
TIF,1.05,0.01156,1.156,91.88,92.93,91.26,91.26,91.88,92.93,91.26,91.26,952752,952752
DIS,-1.31,-0.009979,-0.9979,129.96,131.0,128.92,130.1,129.96,131.0,128.92,130.1,8402934,8402934
SPY,-1.6,-0.005387,-0.5387,295.4,297.95,293.69,297.83,295.4,297.95,293.69,297.83,84781110,84781110
LB,-0.06,-0.003158,-0.3158,18.94,19.45,18.81,18.98,18.94,19.45,18.81,18.98,3882223,3882223
TGT,-0.17,-0.001599,-0.1599,106.12,106.81,105.53,105.95,106.12,106.81,105.53,105.95,3188604,3188604
TM,-2.04,-0.014748,-1.4748,136.28,137.13,135.9,136.85,136.28,137.13,135.9,136.85,114515,114515
UAA,-0.22,-0.011117,-1.1117,19.57,20.13,19.5,19.78,19.57,20.13,19.5,19.78,2273781,2273781
PLNT,-1.71,-0.02891,-2.891,57.44,59.63,57.16,59.3,57.44,59.63,57.16,59.3,1079108,1079108
EL,0.99,0.005068,0.5068,196.33,197.45,194.55,197.22,196.33,197.45,194.55,197.22,998805,998805
LVMHF,0.12,0.000304,0.0304,395.16,395.2,392.0,392.66,395.16,395.2,392.0,392.66,225,225
LULU,-1.82,-0.009502,-0.9502,189.72,192.96,188.55,192.68,189.72,192.96,188.55,192.68,1162333,1162333
ADDYY,3.08,0.020156,2.0156,155.89,156.5,154.6,155.45,155.89,156.5,154.6,155.45,103813,103813
SHMP,-0.012,-0.067797,-6.7797,0.165,0.181,0.1612,0.173,0.165,0.181,0.1612,0.173,1137281,1137281
COTY,0.17,0.016409,1.6409,10.53,10.6,10.37,10.47,10.53,10.6,10.37,10.47,2323665,2323665
GOOS,-0.04,-0.00092,-0.092,43.45,44.26,43.14,43.66,43.45,44.26,43.14,43.66,699306,699306
ETSY,0.41,0.007537,0.7537,54.81,55.16,53.74,54.69,54.81,55.16,53.74,54.69,2540347,2540347
ULTA,8.09,0.034235,3.4235,244.4,246.46,237.4,238.14,244.4,246.46,237.4,238.14,2107582,2107582
NKE,0.14,0.001519,0.1519,92.31,92.86,91.6,91.85,92.31,92.86,91.6,91.85,6424104,6424104
AVP,0.0,0.0,0.0,4.56,4.57,4.42,4.55,4.56,4.57,4.42,4.55,6188393,6188393
SBUX,-1.43,-0.015924,-1.5924,88.37,90.3,87.79,90.3,88.37,90.3,87.79,90.3,5988453,5988453
SNAP,-0.98,-0.057647,-5.7647,16.02,17.1,15.7,16.98,16.02,17.1,15.7,16.98,35289534,35289534
BYND,-2.68,-0.017364,-1.7364,151.66,153.81,148.9,151.0,151.66,153.81,148.9,151.0,1994438,1994438
FIZZ,-0.04,-0.000917,-0.0917,43.56,44.15,42.94,43.91,43.56,44.15,42.94,43.91,199697,199697
