symbol,change,changeOverTime,changePercent,close,high,low,open,uClose,uHigh,uLow,uOpen,uVolume,volume
NFLX,0,0,0,362.28,362.87,359.51,352.42,346.9,357.53,354.07,363.95,4782914,4682289
DECK,0,0,0,178.9,176.14,172.33,173.0,176.0,178.13,171.28,173.0,607603,625401
AAPL,0,0,0,202.7,200.32,200.43,202.57,197.6,204.54,194.46,199.65,18391332,19155813
VFC,0,0,0,87.28,88.47,87.6,88.6,86.5,87.46,88.72,87.34,1214407,1200929
FB,0,0,0,181.0,179.66,180.24,184.84,179.49,183.55,178.85,183.91,18134850,18012105
DEO,0,0,0,181.86,177.13,182.34,174.6,180.99,181.63,177.78,178.4,202657,208330
LRLCF,0,0,0,293.23,286.0,283.0,290.7,286.53,289.0,285.1,288.4,154,155
TIF,0,0,0,92.9,93.0,93.43,96.1,92.1,97.0,90.71,94.5,905263,913103
DIS,0,0,0,141.34,137.11,140.54,140.28,138.84,140.6,136.13,135.12,5553194,5689644
LB,0,0,0,22.65,22.72,22.57,23.18,22.16,23.12,21.82,22.45,2821793,2800121
TGT,0,0,0,90.06,91.73,88.62,91.39,88.96,90.34,91.95,89.82,3724274,3830111
LRLCY,0,0,0,56.2,58.84,56.9,58.03,56.1,57.68,57.1,57.54,37152,36794
UAA,0,0,0,26.36,27.54,26.6,26.71,26.84,26.4,27.0,27.14,3158985,3232505
PLNT,0,0,0,79.49,82.44,77.2,80.0,79.66,78.93,78.9,78.0,1086410,1097365
EL,0,0,0,180.05,182.0,183.39,180.92,182.29,182.8,182.81,186.67,1260482,1270565
LVMHF,0,0,0,408.6,420.16,404.7,408.25,421.3,418.94,413.1,409.88,353,350
LULU,0,0,0,178.83,180.1,171.85,172.4,171.62,182.07,175.53,172.2,5678769,5552105
ADDYY,0,0,0,148.6,148.1,151.0,150.06,152.44,152.11,148.0,149.72,25785,25905
COTY,0,0,0,13.82,13.87,13.32,13.39,13.66,13.7,13.45,14.01,3358683,3420446
LVMUY,0,0,0,80.75,83.7,80.79,81.92,80.71,82.29,81.05,82.41,111521,108010
GOOS,0,0,0,35.62,37.24,35.18,37.04,34.62,36.14,34.9,36.34,1239051,1226916
ETSY,0,0,0,70.53,70.76,69.03,68.04,70.23,72.98,66.89,69.78,3221378,3315026
ULTA,0,0,0,350.93,346.16,349.78,357.25,355.07,350.91,352.81,353.25,500960,499436
NKE,0,0,0,84.42,85.5,83.64,84.22,83.57,86.67,83.86,84.09,4093064,4199599
SBUX,0,0,0,83.54,87.78,85.34,83.3,85.29,85.18,83.22,85.15,6363619,6192971
SNAP,0,0,0,14.11,14.11,13.75,14.38,14.19,14.33,14.11,14.2,17744988,18065558
FIZZ,0,0,0,46.42,47.7,45.0,44.68,46.0,46.19,44.2,44.17,726219,745828
