symbol,change,changeOverTime,changePercent,close,high,low,open,uClose,uHigh,uLow,uOpen,uVolume,volume
NFLX,-1.71,-0.004714,-0.4714,361.04,365.26,353.06,361.62,361.04,365.26,353.06,361.62,5657123,5657123
KSS,-1.31,-0.01916,-1.916,67.06,68.2,66.05,67.87,67.06,68.2,66.05,67.87,2241726,2241726
DECK,-2.77,-0.018604,-1.8604,146.12,148.75,142.03,148.1,146.12,148.75,142.03,148.1,505557,505557
AAPL,-3.54,-0.017637,-1.7637,197.18,198.85,192.77,197.42,197.18,198.85,192.77,197.42,41208712,41208712
VFC,-1.13,-0.012016,-1.2016,92.91,93.81,91.09,93.68,92.91,93.81,91.09,93.68,1863062,1863062
FB,-0.31,-0.001643,-0.1643,188.34,190.0,184.59,188.25,188.34,190.0,184.59,188.25,12578508,12578508
DEO,0.76,0.00449,0.449,170.03,170.17,168.86,169.85,170.03,170.17,168.86,169.85,267158,267158
LRLCF,-3.16,-0.011773,-1.1773,265.5,265.5,265.5,265.5,265.5,265.5,265.5,265.5,103,103
TIF,-0.07,-0.000667,-0.0667,104.85,105.43,101.49,104.95,104.85,105.43,101.49,104.95,1343235,1343235
DIS,0.45,0.003369,0.3369,134.04,134.32,131.23,133.01,134.04,134.32,131.23,133.01,9858487,9858487
SPY,1.44,0.005023,0.5023,288.1,288.94,282.3,285.62,288.1,288.94,282.3,285.62,112429293,112429293
LB,-0.31,-0.012784,-1.2784,23.94,24.2,23.15,24.1,23.94,24.2,23.15,24.1,4717027,4717027
TGT,-0.47,-0.006257,-0.6257,74.64,75.09,73.33,74.66,74.64,75.09,73.33,74.66,5200440,5200440
TM,-0.05,-0.000419,-0.0419,119.27,119.54,117.73,118.92,119.27,119.54,117.73,118.92,143048,143048
UAA,-0.33,-0.014919,-1.4919,21.79,22.08,21.4,22.04,21.79,22.08,21.4,22.04,5153572,5153572
PLNT,0.43,0.005501,0.5501,78.6,78.99,76.58,77.99,78.6,78.99,76.58,77.99,1414619,1414619
EL,-0.98,-0.005928,-0.5928,164.35,165.64,161.48,164.5,164.35,165.64,161.48,164.5,2617702,2617702
LVMHF,6.46,0.017202,1.7202,382.0,382.0,373.65,377.4,382.0,382.0,373.65,377.4,336,336
LULU,-0.03,-0.000173,-0.0173,173.68,175.11,170.01,173.51,173.68,175.11,170.01,173.51,1120524,1120524
ADDYY,0.65,0.004576,0.4576,142.7,143.1,141.39,142.09,142.7,143.1,141.39,142.09,39376,39376
COTY,0.16,0.013829,1.3829,11.73,11.9,11.48,11.67,11.73,11.9,11.48,11.67,38267495,38267495
GOOS,0.1,0.001954,0.1954,51.27,52.13,50.15,51.24,51.27,52.13,50.15,51.24,850211,850211
ETSY,1.04,0.017117,1.7117,61.8,63.2,59.85,61.36,61.8,63.2,59.85,61.36,4106927,4106927
ULTA,-4.81,-0.01382,-1.382,343.24,347.01,337.01,347.01,343.24,347.01,337.01,347.01,685578,685578
NKE,0.97,0.01169,1.169,83.95,84.27,82.19,82.78,83.95,84.27,82.19,82.78,5450504,5450504
AVP,0.31,0.106897,10.6897,3.21,3.24,2.87,2.88,3.21,3.24,2.87,2.88,16570054,16570054
SBUX,0.52,0.006675,0.6675,78.42,78.8,77.16,77.63,78.42,78.8,77.16,77.63,6448552,6448552
SNAP,-0.49,-0.044627,-4.4627,10.49,10.92,10.28,10.92,10.49,10.92,10.28,10.92,23159715,23159715
BYND,-2.05,-0.030028,-3.0028,66.22,69.33,61.6,69.09,66.22,69.33,61.6,69.09,4888033,4888033
FIZZ,0.78,0.014154,1.4154,55.89,56.42,54.4,55.01,55.89,56.42,54.4,55.01,176412,176412
