symbol,change,changeOverTime,changePercent,close,high,low,open,uClose,uHigh,uLow,uOpen,uVolume,volume
NFLX,8.52,0.026798,2.6798,326.46,327.69,316.3,318.86,326.46,327.69,316.3,318.86,10798496,10798496
KSS,-0.52,-0.010074,-1.0074,51.1,52.06,50.63,51.72,51.1,52.06,50.63,51.72,2985077,2985077
DECK,-1.48,-0.008265,-0.8265,177.58,179.65,176.6,178.98,177.58,179.65,176.6,178.98,391715,391715
AAPL,-1.65,-0.007907,-0.7907,207.02,209.24,206.73,208.89,207.02,209.24,206.73,208.89,13909562,13909562
VFC,0.01,0.000112,0.0112,89.34,90.42,88.2,89.12,89.34,90.42,88.2,89.12,2548743,2548743
FB,-3.95,-0.0193,-1.93,200.71,208.66,198.26,206.7,200.71,208.66,198.26,206.7,39889869,39889869
DEO,-3.97,-0.023731,-2.3731,163.32,164.17,162.03,164.07,163.32,164.17,162.03,164.07,846967,846967
LRLCF,-0.1,-0.00036,-0.036,277.5,279.73,277.5,279.73,277.5,279.73,277.5,279.73,171,171
TIF,-0.84,-0.008895,-0.8895,93.59,94.91,92.84,94.17,93.59,94.91,92.84,94.17,1010859,1010859
DIS,1.92,0.013589,1.3589,143.21,143.23,141.04,141.4,143.21,143.23,141.04,141.4,7294375,7294375
SPY,-1.44,-0.004777,-0.4777,300.0,301.0,299.11,300.94,300.0,301.0,299.11,300.94,55394092,55394092
LB,0.36,0.013926,1.3926,26.21,26.21,25.69,25.71,26.21,26.21,25.69,25.71,2327511,2327511
TGT,-1.12,-0.012572,-1.2572,87.97,89.03,87.42,88.82,87.97,89.03,87.42,88.82,3603774,3603774
TM,-0.5,-0.003759,-0.3759,132.5,133.07,132.22,133.07,132.5,133.07,132.22,133.07,114890,114890
UAA,0.0,0.0,0.0,27.34,27.72,27.19,27.27,27.34,27.72,27.19,27.27,3972000,3972000
PLNT,1.18,0.015397,1.5397,77.82,78.29,76.37,76.72,77.82,78.29,76.37,76.72,962135,962135
EL,0.09,0.000475,0.0475,189.54,189.84,187.46,188.37,189.54,189.84,187.46,188.37,785465,785465
LVMHF,-16.22,-0.037407,-3.7407,417.39,423.0,416.0,423.0,417.39,423.0,416.0,423.0,499,499
LULU,-1.0,-0.005203,-0.5203,191.21,193.71,190.7,192.95,191.21,193.71,190.7,192.95,1017280,1017280
ADDYY,-0.18,-0.001141,-0.1141,157.64,158.49,156.79,157.74,157.64,158.49,156.79,157.74,25584,25584
COTY,-0.01,-0.000908,-0.0908,11.0,11.17,10.95,10.97,11.0,11.17,10.95,10.97,4016300,4016300
GOOS,0.15,0.003312,0.3312,45.44,46.15,44.73,45.27,45.44,46.15,44.73,45.27,869986,869986
ETSY,0.68,0.009993,0.9993,68.73,69.95,67.72,68.95,68.73,69.95,67.72,68.95,2460707,2460707
ULTA,1.68,0.00476,0.476,354.62,359.74,352.0,353.73,354.62,359.74,352.0,353.73,486877,486877
NKE,0.58,0.00669,0.669,87.28,87.5,86.59,86.82,87.28,87.5,86.59,86.82,4546496,4546496
AVP,0.0,0.0,0.0,3.84,3.88,3.8,3.84,3.84,3.88,3.8,3.84,5410135,5410135
SBUX,0.33,0.00364,0.364,90.98,91.55,90.47,91.49,90.98,91.55,90.47,91.49,8106322,8106322
SNAP,0.08,0.004543,0.4543,17.69,18.0,17.12,17.23,17.69,18.0,17.12,17.23,88040544,88040544
BYND,19.94,0.098265,9.8265,222.86,222.89,205.45,207.0,222.86,222.89,205.45,207.0,10015777,10015777
FIZZ,-0.89,-0.021333,-2.1333,40.83,41.97,40.76,41.81,40.83,41.97,40.76,41.81,283220,283220
