symbol,change,changeOverTime,changePercent,close,high,low,open,uClose,uHigh,uLow,uOpen,uVolume,volume
NFLX,6.29,0.016754,1.6754,381.72,381.99,375.84,376.69,381.72,381.99,375.84,376.69,3799009,3799009
KSS,0.41,0.008703,0.8703,47.52,48.12,47.01,47.19,47.52,48.12,47.01,47.19,2159599,2159599
DECK,2.67,0.015397,1.5397,176.08,176.34,172.1,174.19,176.08,176.34,172.1,174.19,223152,223152
AAPL,1.68,0.008287,0.8287,204.41,204.44,202.69,203.28,204.41,204.44,202.69,203.28,11362045,11362045
VFC,1.22,0.014068,1.4068,87.94,88.19,86.91,87.08,87.94,88.19,86.91,87.08,975325,975325
FB,2.2,0.011282,1.1282,197.2,197.4,194.16,194.16,197.2,197.4,194.16,194.16,10246119,10246119
YRIV,-0.0287,-0.055203,-5.5203,0.4912,0.51,0.4701,0.495,0.4912,0.51,0.4701,0.495,1393537,1393537
DEO,1.89,0.010885,1.0885,175.53,176.07,175.01,175.1,175.53,176.07,175.01,175.1,148031,148031
LRLCF,0.5866,0.00203,0.203,289.5,291.7,289.15,291.6,289.5,291.7,289.15,291.6,3216,3216
TIF,1.4,0.015184,1.5184,93.6,94.78,91.69,92.67,93.6,94.78,91.69,92.67,1126401,1126401
DIS,0.45,0.003157,0.3157,142.98,143.0,142.0,142.7,142.98,143.0,142.0,142.7,4150852,4150852
SPY,2.37,0.007995,0.7995,298.8,298.82,297.02,297.18,298.8,298.82,297.02,297.18,40898896,40898896
LB,1.1,0.042001,4.2001,27.29,27.31,26.29,26.39,27.29,27.31,26.29,26.39,2152093,2152093
TGT,0.86,0.009881,0.9881,87.9,87.98,87.42,87.5,87.9,87.98,87.42,87.5,1532928,1532928
TM,-0.17,-0.001339,-0.1339,126.83,127.43,126.23,126.87,126.83,127.43,126.23,126.87,72058,72058
UAA,0.4,0.015668,1.5668,25.93,25.96,25.44,25.7,25.93,25.96,25.44,25.7,2365736,2365736
PLNT,0.89,0.011703,1.1703,76.94,77.25,75.62,76.12,76.94,77.25,75.62,76.12,745957,745957
EL,2.03,0.011033,1.1033,186.03,186.88,183.02,184.21,186.03,186.88,183.02,184.21,650000,650000
LVMHF,2.57,0.006019,0.6019,429.58,429.58,427.82,428.85,429.58,429.58,427.82,428.85,3361,3361
LULU,3.13,0.017306,1.7306,183.99,184.47,180.8,181.51,183.99,184.47,180.8,181.51,1178847,1178847
ADDYY,3.11,0.020127,2.0127,157.63,157.85,157.09,157.33,157.63,157.85,157.09,157.33,20351,20351
SHMP,0.0012,0.011132,1.1132,0.109,0.111,0.107,0.11,0.109,0.111,0.107,0.11,488708,488708
COTY,-0.03,-0.002564,-0.2564,11.67,11.78,11.53,11.62,11.67,11.78,11.53,11.62,3231639,3231639
GOOS,0.34,0.008592,0.8592,39.91,40.02,39.62,39.84,39.91,40.02,39.62,39.84,409820,409820
ETSY,1.64,0.026181,2.6181,64.28,64.52,62.55,62.55,64.28,64.52,62.55,62.55,1028865,1028865
ULTA,4.1,0.012012,1.2012,345.43,346.0,341.21,343.65,345.43,346.0,341.21,343.65,330025,330025
NKE,1.24,0.014595,1.4595,86.2,86.29,85.12,85.33,86.2,86.29,85.12,85.33,4012837,4012837
AVP,0.0,0.0,0.0,3.9,3.94,3.85,3.9,3.9,3.94,3.85,3.9,6254599,6254599
SBUX,2.28,0.026664,2.6664,87.79,87.82,85.98,86.04,87.79,87.82,85.98,86.04,7818552,7818552
SNAP,0.66,0.046809,4.6809,14.76,14.77,14.08,14.1,14.76,14.77,14.08,14.1,15065242,15065242
BYND,1.79,0.011956,1.1956,151.5,154.0,148.7,151.0,151.5,154.0,148.7,151.0,2261049,2261049
FIZZ,1.06,0.02382,2.382,45.56,45.95,44.42,44.67,45.56,45.95,44.42,44.67,184944,184944
