symbol,change,changeOverTime,changePercent,close,high,low,open,uClose,uHigh,uLow,uOpen,uVolume,volume
NFLX,12.93,0.039826,3.9826,337.59,341.09,328.52,330.96,337.59,341.09,328.52,330.96,19500429,19500429
KSS,0.73,0.010971,1.0971,67.27,67.99,66.17,66.61,67.27,67.99,66.17,66.61,3424990,3424990
DECK,-0.31,-0.002729,-0.2729,113.3,115.26,110.87,113.6,113.3,115.26,110.87,113.6,750371,750371
AAPL,-1.51,-0.009818,-0.9818,152.29,153.7,151.51,152.88,152.29,153.7,151.51,152.88,27023241,27023241
VFC,-2.18,-0.029603,-2.9603,71.46,73.1,71.1,72.89,71.46,73.1,71.1,72.89,2856820,2856820
FB,-0.4,-0.002774,-0.2774,143.8,145.36,142.57,143.15,143.8,145.36,142.57,143.15,12908031,12908031
YRIV,0.07,0.020772,2.0772,3.44,3.46,3.37,3.38,3.44,3.46,3.37,3.38,65159,65159
DEO,1.23,0.008796,0.8796,141.06,141.2,139.94,140.35,141.06,141.2,139.94,140.35,321823,321823
LRLCF,-0.65,-0.002837,-0.2837,228.45,228.45,227.68,227.68,228.45,228.45,227.68,227.68,733,733
TIF,0.86,0.010122,1.0122,85.82,87.31,84.47,84.73,85.82,87.31,84.47,84.73,2417079,2417079
DIS,-0.15,-0.00133,-0.133,112.65,112.92,111.73,112.18,112.65,112.92,111.73,112.18,4819131,4819131
SPY,0.1,0.000386,0.0386,258.98,259.01,257.03,257.68,258.98,259.01,257.03,257.68,73858110,73858110
LB,-0.53,-0.019637,-1.9637,26.46,27.74,26.45,27.12,26.46,27.74,26.45,27.12,4386165,4386165
TGT,1.32,0.019329,1.9329,69.61,70.04,68.06,68.3,69.61,70.04,68.06,68.3,5025954,5025954
TM,0.58,0.004659,0.4659,125.07,125.52,124.88,125.01,125.07,125.52,124.88,125.01,135469,135469
UAA,0.47,0.024479,2.4479,19.67,19.87,19.08,19.21,19.67,19.87,19.08,19.21,4968983,4968983
PLNT,0.17,0.0029,0.29,58.8,58.8,57.73,58.12,58.8,58.8,57.73,58.12,952866,952866
EL,0.64,0.005108,0.5108,125.94,126.62,124.11,125.28,125.94,126.62,124.11,125.28,2895578,2895578
LVMHF,-4.86,-0.016246,-1.6246,294.29,297.75,294.27,295.4,294.29,297.75,294.27,295.4,986,986
LULU,0.55,0.004179,0.4179,132.16,133.15,130.57,130.97,132.16,133.15,130.57,130.97,2949722,2949722
ADDYY,0.26,0.002308,0.2308,112.9,113.22,112.42,112.47,112.9,113.22,112.42,112.47,24110,24110
SHMP,-0.0003,-0.017341,-1.7341,0.017,0.018,0.015,0.017,0.017,0.018,0.015,0.017,4766445,4766445
COTY,0.05,0.006954,0.6954,7.24,7.47,7.18,7.2,7.24,7.47,7.18,7.2,11029341,11029341
GOOS,-0.11,-0.002295,-0.2295,47.82,47.89,47.15,47.31,47.82,47.89,47.15,47.31,1476051,1476051
ETSY,0.73,0.014219,1.4219,52.07,52.62,50.8,50.92,52.07,52.62,50.8,50.92,1947523,1947523
ULTA,7.08,0.025557,2.5557,284.11,284.38,275.87,276.81,284.11,284.38,275.87,276.81,893320,893320
NKE,-0.38,-0.004973,-0.4973,76.04,76.89,75.8,76.34,76.04,76.89,75.8,76.34,10689863,10689863
AVP,-0.03,-0.016484,-1.6484,1.79,1.83,1.76,1.82,1.79,1.83,1.76,1.82,3404371,3404371
SBUX,-0.46,-0.007166,-0.7166,63.73,63.84,61.67,62.29,63.73,63.84,61.67,62.29,13805688,13805688
SNAP,0.06,0.009646,0.9646,6.28,6.42,6.2,6.21,6.28,6.42,6.2,6.21,11728613,11728613
BYND,0.0,0.0,0.0,0.0,0.0,0.0,0.0,0.0,0.0,0.0,0.0,0,0
FIZZ,1.43,0.018399,1.8399,79.15,79.19,76.77,77.99,79.15,79.19,76.77,77.99,180005,180005
