symbol,change,changeOverTime,changePercent,close,high,low,open,uClose,uHigh,uLow,uOpen,uVolume,volume
NFLX,3.54,0.013226,1.3226,271.2,275.79,264.43,270.2,271.2,275.79,264.43,270.2,14969647,14969647
KSS,-1.43,-0.021091,-2.1091,66.37,68.03,66.05,67.24,66.37,68.03,66.05,67.24,3885853,3885853
DECK,-3.63,-0.028044,-2.8044,125.81,129.48,125.33,128.58,125.81,129.48,125.33,128.58,699929,699929
AAPL,-15.73,-0.099607,-9.9607,142.19,145.72,142.0,143.98,142.19,145.72,142.0,143.98,91312195,91312195
VFC,-2.1,-0.029432,-2.9432,69.25,70.96,69.07,70.96,69.25,70.96,69.07,70.96,2271193,2271193
FB,-3.94,-0.029039,-2.9039,131.74,137.17,131.12,134.69,131.74,137.17,131.12,134.69,22717948,22717948
DEO,-1.33,-0.009539,-0.9539,138.1,138.91,137.88,137.88,138.1,138.91,137.88,137.88,469283,469283
LRLCF,-0.5,-0.002217,-0.2217,225.0,225.0,225.0,225.0,225.0,225.0,225.0,225.0,60,60
TIF,-2.24,-0.027374,-2.7374,79.59,81.24,78.2,80.79,79.59,81.24,78.2,80.79,3136759,3136759
DIS,-2.64,-0.024227,-2.4227,106.33,108.65,105.94,108.48,106.33,108.65,105.94,108.48,10594688,10594688
SPY,-5.97,-0.023863,-2.3863,244.21,248.57,243.67,248.23,244.21,248.57,243.67,248.23,144140692,144140692
LB,0.15,0.005701,0.5701,26.46,27.06,25.9,26.16,26.46,27.06,25.9,26.16,5116877,5116877
TGT,-0.91,-0.013697,-1.3697,65.53,66.63,65.41,66.13,65.53,66.63,65.41,66.13,4562206,4562206
TM,-1.63,-0.014018,-1.4018,114.65,116.28,114.29,115.85,114.65,116.28,114.29,115.85,309478,309478
UAA,-0.43,-0.024144,-2.4144,17.38,17.88,17.11,17.64,17.38,17.88,17.11,17.64,3959461,3959461
PLNT,-0.78,-0.014558,-1.4558,52.8,53.62,52.2,53.02,52.8,53.62,52.2,53.02,695892,695892
EL,-6.26,-0.047446,-4.7446,125.68,130.88,125.2,129.8,125.68,130.88,125.2,129.8,3864106,3864106
LVMHF,-8.06,-0.028084,-2.8084,278.94,281.2,276.2,279.75,278.94,281.2,276.2,279.75,1428,1428
LULU,1.01,0.008188,0.8188,124.36,126.12,120.32,121.85,124.36,126.12,120.32,121.85,2896865,2896865
ADDYY,-0.36,-0.003432,-0.3432,104.53,105.89,104.51,105.81,104.53,105.89,104.51,105.81,81979,81979
COTY,-0.16,-0.023022,-2.3022,6.79,7.01,6.72,6.9,6.79,7.01,6.72,6.9,13461322,13461322
GOOS,-1.7,-0.03876,-3.876,42.16,44.2,42.12,43.65,42.16,44.2,42.12,43.65,2141946,2141946
ETSY,-0.97,-0.020638,-2.0638,46.03,47.56,45.71,46.33,46.03,47.56,45.71,46.33,1803086,1803086
ULTA,-4.61,-0.018591,-1.8591,243.36,247.0,240.13,245.83,243.36,247.0,240.13,245.83,868602,868602
NKE,-1.31,-0.017688,-1.7688,72.75,73.32,71.21,73.25,72.75,73.32,71.21,73.25,8007384,8007384
AVP,0.0,0.0,0.0,1.57,1.62,1.52,1.55,1.57,1.62,1.52,1.55,2523386,2523386
SBUX,-2.79,-0.043377,-4.3377,61.53,63.72,61.4,63.46,61.53,63.72,61.4,63.46,14390100,14390100
SNAP,-0.11,-0.018998,-1.8998,5.68,5.87,5.63,5.67,5.68,5.87,5.63,5.67,16429216,16429216
BYND,0.0,0.0,0.0,0.0,0.0,0.0,0.0,0.0,0.0,0.0,0.0,0,0
FIZZ,0.54,0.00742,0.742,73.32,74.43,72.1,72.57,73.32,74.43,72.1,72.57,183197,183197
