symbol,change,changeOverTime,changePercent,close,high,low,open,uClose,uHigh,uLow,uOpen,uVolume,volume
NFLX,-5.9,-0.015766,-1.5766,368.33,374.76,365.7,374.49,368.33,374.76,365.7,374.49,6255496,6255496
KSS,-1.66,-0.022653,-2.2653,71.62,73.51,70.96,73.34,71.62,73.51,70.96,73.34,4316085,4316085
DECK,-0.15,-0.000969,-0.0969,154.6,155.91,153.17,154.75,154.6,155.91,153.17,154.75,321288,321288
AAPL,-1.88,-0.009075,-0.9075,205.28,207.76,205.12,206.83,205.28,207.76,205.12,206.83,18543206,18543206
VFC,-0.72,-0.007601,-0.7601,94.01,94.91,93.47,94.75,94.01,94.91,93.47,94.75,1550522,1550522
FB,10.68,0.058495,5.8495,193.26,198.48,192.12,196.98,193.26,198.48,192.12,196.98,54148789,54148789
DEO,0.04,0.000244,0.0244,164.17,164.3,162.76,162.99,164.17,164.3,162.76,162.99,195180,195180
LRLCF,-1.65,-0.006076,-0.6076,269.9,273.65,269.9,270.75,269.9,273.65,269.9,270.75,181,181
TIF,-1.93,-0.01808,-1.808,104.82,106.62,103.57,106.62,104.82,106.62,103.57,106.62,1849345,1849345
DIS,2.14,0.01584,1.584,137.24,138.88,134.84,135.36,137.24,138.88,134.84,135.36,16382455,16382455
SPY,-0.18,-0.000616,-0.0616,292.05,292.78,290.73,292.12,292.05,292.78,290.73,292.12,57770862,57770862
LB,-0.23,-0.008802,-0.8802,25.9,26.23,25.62,26.06,25.9,26.23,25.62,26.06,2990519,2990519
TGT,-1.14,-0.013755,-1.3755,81.74,82.79,81.65,82.79,81.74,82.79,81.65,82.79,3796990,3796990
TM,0.31,0.002523,0.2523,123.19,123.51,122.82,123.51,123.19,123.51,122.82,123.51,87898,87898
UAA,-0.36,-0.015769,-1.5769,22.47,22.86,22.39,22.8,22.47,22.86,22.39,22.8,3640003,3640003
PLNT,0.42,0.005598,0.5598,75.45,75.65,74.38,74.92,75.45,75.65,74.38,74.92,1334294,1334294
EL,-0.03,-0.000176,-0.0176,170.39,170.93,169.38,170.71,170.39,170.93,169.38,170.71,738607,738607
LVMHF,-2.23,-0.005707,-0.5707,388.54,388.58,385.75,386.8,388.54,388.58,385.75,386.8,815,815
LULU,-0.98,-0.005497,-0.5497,177.29,179.22,176.61,178.34,177.29,179.22,176.61,178.34,1713281,1713281
ADDYY,-0.95,-0.007388,-0.7388,127.64,127.77,127.0,127.03,127.64,127.77,127.0,127.03,38758,38758
COTY,-0.02,-0.001799,-0.1799,11.1,11.2,11.08,11.16,11.1,11.2,11.08,11.16,6640761,6640761
GOOS,0.47,0.00883,0.883,53.7,54.23,52.96,53.06,53.7,54.23,52.96,53.06,610353,610353
ETSY,1.77,0.026786,2.6786,67.85,68.21,65.91,66.27,67.85,68.21,65.91,66.27,1691219,1691219
ULTA,-2.14,-0.006014,-0.6014,353.7,355.34,348.54,355.32,353.7,355.34,348.54,355.32,397588,397588
NKE,-0.83,-0.00939,-0.939,87.56,88.54,87.49,88.4,87.56,88.54,87.49,88.4,7069867,7069867
AVP,0.1,0.033784,3.3784,3.06,3.2,2.9,2.96,3.06,3.2,2.9,2.96,11596429,11596429
SBUX,0.72,0.009425,0.9425,77.11,77.23,75.95,76.11,77.11,77.23,75.95,76.11,11084455,11084455
SNAP,-0.47,-0.041741,-4.1741,10.79,11.15,10.51,11.13,10.79,11.15,10.51,11.13,51272563,51272563
BYND,0.0,0.0,0.0,0.0,0.0,0.0,0.0,0.0,0.0,0.0,0.0,0,0
FIZZ,-0.77,-0.013571,-1.3571,55.97,56.68,55.26,56.48,55.97,56.68,55.26,56.48,200836,200836
