symbol,change,changeOverTime,changePercent,close,high,low,open,uClose,uHigh,uLow,uOpen,uVolume,volume
NFLX,-1.21,-0.003882,-0.3882,310.48,311.4,304.41,309.1,310.48,311.4,304.41,309.1,5970056,5970056
KSS,-0.09,-0.001911,-0.1911,47.0,47.81,46.66,47.4,47.0,47.81,46.66,47.4,4406143,4406143
DECK,2.27,0.014433,1.4433,159.55,159.96,157.03,159.08,159.55,159.96,157.03,159.08,286107,286107
AAPL,-0.23,-0.000878,-0.0878,261.78,263.18,260.84,262.59,261.78,263.18,260.84,262.59,16331263,16331263
VFC,1.71,0.020165,2.0165,86.51,86.63,84.84,85.29,86.51,86.63,84.84,85.29,1390684,1390684
FB,0.89,0.004497,0.4497,198.82,199.3,197.62,198.38,198.82,199.3,197.62,198.38,9959817,9959817
YRIV,-0.0019,-0.005137,-0.5137,0.368,0.3763,0.352,0.362,0.368,0.3763,0.352,0.362,119098,119098
DEO,-0.05,-0.000312,-0.0312,160.03,160.57,159.75,160.57,160.03,160.57,159.75,160.57,172310,172310
LRLCF,-0.125,-0.000443,-0.0443,281.83,282.9,280.75,281.39,281.83,282.9,280.75,281.39,216,216
TIF,-0.99,-0.007826,-0.7826,125.51,126.91,124.56,126.18,125.51,126.91,124.56,126.18,2912031,2912031
DIS,1.39,0.009462,0.9462,148.29,149.44,146.68,147.21,148.29,149.44,146.68,147.21,9639428,9639428
SPY,0.69,0.002224,0.2224,310.96,311.24,309.85,311.09,310.96,311.24,309.85,311.09,44850228,44850228
LB,0.84,0.048923,4.8923,18.01,18.32,16.92,17.32,18.01,18.32,16.92,17.32,17932908,17932908
TGT,-0.63,-0.004935,-0.4935,127.02,127.95,126.28,127.95,127.02,127.95,126.28,127.95,7537050,7537050
TM,0.39,0.002744,0.2744,142.53,143.1,142.35,143.1,142.53,143.1,142.35,143.1,69924,69924
UAA,0.44,0.025898,2.5898,17.43,17.46,17.03,17.09,17.43,17.46,17.03,17.09,3137307,3137307
PLNT,-0.16,-0.002222,-0.2222,71.85,72.67,71.71,72.21,71.85,72.67,71.71,72.21,950325,950325
EL,0.44,0.002283,0.2283,193.18,193.74,192.05,192.75,193.18,193.74,192.05,192.75,863969,863969
LVMHF,0.5,0.001142,0.1142,438.5,441.5,437.04,440.0,438.5,441.5,437.04,440.0,451,451
LULU,3.16,0.01458,1.458,219.9,220.0,215.11,218.0,219.9,220.0,215.11,218.0,1998779,1998779
ADDYY,-0.56,-0.003702,-0.3702,150.69,151.27,150.28,151.27,150.69,151.27,150.28,151.27,44970,44970
SHMP,0.002,0.019608,1.9608,0.104,0.108,0.1,0.108,0.104,0.108,0.1,0.108,1517214,1517214
COTY,-0.32,-0.027004,-2.7004,11.53,11.97,11.53,11.89,11.53,11.97,11.53,11.89,3646827,3646827
GOOS,1.75,0.049744,4.9744,36.93,37.07,34.86,35.41,36.93,37.07,34.86,35.41,4583167,4583167
ETSY,0.36,0.008679,0.8679,41.84,42.4,41.28,41.64,41.84,42.4,41.28,41.64,2201541,2201541
ULTA,0.37,0.001619,0.1619,228.86,231.95,227.13,229.0,228.86,231.95,227.13,229.0,1853947,1853947
NKE,1.18,0.012804,1.2804,93.34,93.35,91.93,92.21,93.34,93.35,91.93,92.21,4264394,4264394
AVP,0.03,0.006803,0.6803,4.44,4.49,4.38,4.41,4.44,4.49,4.38,4.41,4932779,4932779
SBUX,0.72,0.008748,0.8748,83.02,83.39,82.66,82.69,83.02,83.39,82.66,82.69,6080782,6080782
SNAP,0.18,0.011936,1.1936,15.26,15.5,15.01,15.18,15.26,15.5,15.01,15.18,20997304,20997304
BYND,-1.28,-0.016281,-1.6281,77.34,78.9,76.55,78.55,77.34,78.9,76.55,78.55,2378822,2378822
FIZZ,0.78,0.017446,1.7446,45.49,45.64,44.07,45.0,45.49,45.64,44.07,45.0,355071,355071
