symbol,change,changeOverTime,changePercent,close,high,low,open,uClose,uHigh,uLow,uOpen,uVolume,volume
NFLX,1.9,0.005273,0.5273,362.2,366.79,361.6,361.6,362.2,366.79,361.6,361.6,3669677,3669677
KSS,0.45,0.00978,0.978,46.46,47.13,46.04,46.35,46.46,47.13,46.04,46.35,5165964,5165964
DECK,1.76,0.010237,1.0237,173.69,175.61,172.78,172.78,173.69,175.61,172.78,172.78,354605,354605
AAPL,4.23,0.021629,2.1629,199.8,200.99,197.35,197.77,199.8,200.99,197.35,197.77,26067512,26067512
VFC,0.29,0.003395,0.3395,85.7,86.29,85.42,85.66,85.7,86.29,85.42,85.66,1359970,1359970
FB,-1.18,-0.006249,-0.6249,187.66,190.76,187.31,189.54,187.66,190.76,187.31,189.54,12808604,12808604
YRIV,0.0387,0.075689,7.5689,0.55,0.57,0.483,0.5,0.55,0.57,0.483,0.5,2428322,2428322
DEO,-1.21,-0.006986,-0.6986,171.99,172.8,171.79,172.57,171.99,172.8,171.79,172.57,279564,279564
LRLCF,-1.69,-0.005935,-0.5935,283.05,288.4,283.05,288.4,283.05,288.4,283.05,288.4,293,293
TIF,0.7,0.007672,0.7672,91.94,93.11,91.09,91.36,91.94,93.11,91.09,91.36,1205691,1205691
DIS,0.46,0.003287,0.3287,140.4,140.74,139.51,140.36,140.4,140.74,139.51,140.36,8842136,8842136
SPY,-0.29,-0.000997,-0.0997,290.47,292.31,290.35,291.75,290.47,292.31,290.35,291.75,51584902,51584902
LB,0.84,0.035058,3.5058,24.8,24.85,23.89,24.04,24.8,24.85,23.89,24.04,4847999,4847999
TGT,-0.11,-0.001284,-0.1284,85.59,86.6,85.53,86.06,85.59,86.6,85.53,86.06,2978108,2978108
TM,-0.64,-0.005164,-0.5164,123.29,124.05,123.15,123.92,123.29,124.05,123.15,123.92,96176,96176
UAA,0.17,0.006827,0.6827,25.07,25.5,24.8,25.01,25.07,25.5,24.8,25.01,3632679,3632679
PLNT,0.35,0.004909,0.4909,71.65,71.98,70.1,71.42,71.65,71.98,70.1,71.42,2071149,2071149
EL,-1.45,-0.007883,-0.7883,182.5,184.7,181.74,183.68,182.5,184.7,181.74,183.68,933581,933581
LVMHF,-5.46,-0.012909,-1.2909,417.49,421.7,417.04,421.7,417.49,421.7,417.04,421.7,131,131
LULU,0.05,0.000282,0.0282,177.31,180.74,177.03,178.08,177.31,180.74,177.03,178.08,1944500,1944500
ADDYY,5.2,0.03493,3.493,154.07,154.57,153.51,153.56,154.07,154.57,153.51,153.56,24246,24246
SHMP,0.008,0.069565,6.9565,0.123,0.125,0.11,0.11,0.123,0.125,0.11,0.11,914808,914808
COTY,-0.07,-0.005307,-0.5307,13.12,13.38,13.01,13.19,13.12,13.38,13.01,13.19,5829992,5829992
GOOS,0.31,0.008602,0.8602,36.35,36.94,36.23,36.32,36.35,36.94,36.23,36.32,782392,782392
ETSY,-1.43,-0.023143,-2.3143,60.36,62.89,59.91,62.14,60.36,62.89,59.91,62.14,2348309,2348309
ULTA,-3.87,-0.011099,-1.1099,344.82,352.65,344.27,350.58,344.82,352.65,344.27,350.58,561798,561798
NKE,-0.07,-0.000847,-0.0847,82.55,83.69,82.44,83.15,82.55,83.69,82.44,83.15,5838460,5838460
AVP,-0.01,-0.002604,-0.2604,3.83,3.89,3.72,3.85,3.83,3.89,3.72,3.85,7212313,7212313
SBUX,-0.87,-0.010326,-1.0326,83.38,84.3,83.18,84.3,83.38,84.3,83.18,84.3,7576443,7576443
SNAP,0.18,0.012388,1.2388,14.71,14.93,14.64,14.75,14.71,14.93,14.64,14.75,18330753,18330753
BYND,9.88,0.065604,6.5604,160.48,162.25,153.02,160.1,160.48,162.25,153.02,160.1,6378629,6378629
FIZZ,-0.94,-0.021779,-2.1779,42.22,43.42,41.57,42.81,42.22,43.42,41.57,42.81,584993,584993
