symbol,change,changeOverTime,changePercent,close,high,low,open,uClose,uHigh,uLow,uOpen,uVolume,volume
NFLX,-4.96,-0.017012,-1.7012,286.6,293.81,283.4,291.56,286.6,293.81,283.4,291.56,8545761,8545761
KSS,-1.29,-0.025754,-2.5754,48.8,50.53,48.77,50.32,48.8,50.53,48.77,50.32,2846807,2846807
DECK,-1.75,-0.012517,-1.2517,138.06,140.09,136.3,139.13,138.06,140.09,136.3,139.13,520476,520476
AAPL,-1.81,-0.008125,-0.8125,220.96,223.76,220.37,222.01,220.96,223.76,220.37,222.01,22187876,22187876
VFC,-0.53,-0.006051,-0.6051,87.06,87.92,86.95,87.5,87.06,87.92,86.95,87.5,1371448,1371448
FB,2.0,0.01063,1.063,190.14,191.1,188.15,188.66,190.14,191.1,188.15,188.66,10474685,10474685
YRIV,0.0409,0.090467,9.0467,0.493,0.5,0.455,0.455,0.493,0.5,0.455,0.455,218267,218267
DEO,-0.11,-0.000674,-0.0674,163.1,163.94,162.79,162.79,163.1,163.94,162.79,162.79,354955,354955
LRLCF,2.2,0.008079,0.8079,274.5,276.0,273.47,275.8,274.5,276.0,273.47,275.8,638,638
TIF,-2.08,-0.022265,-2.2265,91.34,93.77,91.1,93.77,91.34,93.77,91.1,93.77,1527751,1527751
DIS,-3.5,-0.025585,-2.5585,133.3,137.36,133.0,137.0,133.3,137.36,133.0,137.0,12585398,12585398
SPY,-0.02,-6.6e-05,-0.0066,301.08,302.63,300.71,301.53,301.08,302.63,300.71,301.53,78099215,78099215
LB,-0.11,-0.005802,-0.5802,18.85,19.4,18.78,19.21,18.85,19.4,18.78,19.21,3761010,3761010
TGT,0.9,0.008414,0.8414,107.87,108.74,106.88,108.55,107.87,108.74,106.88,108.55,2948773,2948773
TM,-0.5,-0.003648,-0.3648,136.55,137.14,136.43,136.82,136.55,137.14,136.43,136.82,73450,73450
UAA,-0.58,-0.027898,-2.7898,20.21,20.84,20.1,20.8,20.21,20.84,20.1,20.8,3750313,3750313
PLNT,-0.09,-0.00146,-0.146,61.56,62.33,61.31,61.86,61.56,62.33,61.31,61.86,707698,707698
EL,0.9,0.004687,0.4687,192.92,194.32,191.77,191.77,192.92,194.32,191.77,191.77,1268898,1268898
LVMHF,-0.52,-0.001287,-0.1287,403.49,406.2,403.49,404.0,403.49,406.2,403.49,404.0,1523,1523
LULU,-1.75,-0.008958,-0.8958,193.61,196.06,193.17,195.7,193.61,196.06,193.17,195.7,1336730,1336730
ADDYY,0.025,0.000165,0.0165,151.51,152.23,151.4,152.02,151.51,152.23,151.4,152.02,34863,34863
SHMP,0.0015,0.007772,0.7772,0.1945,0.1999,0.188,0.1999,0.1945,0.1999,0.188,0.1999,1112807,1112807
COTY,-0.22,-0.020972,-2.0972,10.27,10.47,10.17,10.47,10.27,10.47,10.17,10.47,3453831,3453831
GOOS,0.48,0.011329,1.1329,42.85,43.62,42.28,42.6,42.85,43.62,42.28,42.6,550909,550909
ETSY,-0.38,-0.006392,-0.6392,59.07,60.43,58.26,60.23,59.07,60.43,58.26,60.23,9549454,9549454
ULTA,0.73,0.003183,0.3183,230.07,232.7,228.61,229.6,230.07,232.7,228.61,229.6,1105848,1105848
NKE,-0.38,-0.004314,-0.4314,87.7,88.72,87.51,88.4,87.7,88.72,87.51,88.4,4235531,4235531
AVP,-0.04,-0.008386,-0.8386,4.73,4.83,4.64,4.78,4.73,4.83,4.64,4.78,3784337,3784337
SBUX,0.6,0.006596,0.6596,91.56,92.1,90.3,90.99,91.56,92.1,90.3,90.99,4874742,4874742
SNAP,-0.02,-0.001183,-0.1183,16.88,16.97,16.23,16.87,16.88,16.97,16.23,16.87,31799504,31799504
BYND,0.93,0.006039,0.6039,154.92,157.1,152.5,156.84,154.92,157.1,152.5,156.84,1579781,1579781
FIZZ,-0.92,-0.019529,-1.9529,46.19,48.33,46.08,47.32,46.19,48.33,46.08,47.32,503608,503608
