symbol,change,changeOverTime,changePercent,close,high,low,open,uClose,uHigh,uLow,uOpen,uVolume,volume
NFLX,16.99,277.623643,4.7149,377.34,377.69,359.0,359.7,377.34,377.69,359.0,359.7,11980534,11980534
DECK,-3.53,106.05,-2.3012,149.87,153.15,149.76,152.59,149.87,153.15,149.76,152.59,320220,320220
AAPL,0.67,201.224639,0.3287,204.53,204.94,202.34,202.83,204.53,204.94,202.34,202.83,19439545,19439545
VFC,-0.7,9.196184,-0.7326,94.85,95.92,94.48,95.06,94.85,95.92,94.48,95.06,1709264,1709264
FB,3.16,3.745788,1.7725,181.44,181.66,178.25,178.25,181.44,181.66,178.25,178.25,13389889,13389889
DEO,-0.49,2.941333,-0.3005,162.58,163.21,162.14,163.04,162.58,163.21,162.14,163.04,196717,196717
LRLCF,0.0,2.765517,0.0,273.0,273.0,273.0,273.0,273.0,273.0,273.0,273.0,4,4
TIF,-1.4,3.244079,-1.3069,105.72,106.91,105.27,106.89,105.72,106.91,105.27,106.89,767093,767093
DIS,-0.77,6.696084,-0.5814,131.68,132.2,131.03,131.9,131.68,132.2,131.03,131.9,10197506,10197506
LB,-0.82,0.94675,-3.1931,24.86,25.98,24.73,25.77,24.86,25.98,24.73,25.77,4490264,4490264
TGT,-1.24,1.813722,-1.4893,82.02,83.65,81.93,83.16,82.02,83.65,81.93,83.16,3331283,3331283
LRLCY,-0.04,2.661538,-0.073,54.74,54.92,54.5,54.7,54.74,54.92,54.5,54.7,43579,43579
UAA,-0.22,2.468775,-0.9928,21.94,22.18,21.82,22.06,21.94,22.18,21.82,22.06,2331521,2331521
PLNT,0.34,3.609375,0.4632,73.75,73.85,72.69,73.1,73.75,73.85,72.69,73.1,954491,954491
EL,-0.41,10.52,-0.2407,169.92,170.72,168.26,170.02,169.92,170.72,168.26,170.02,978777,978777
LVMHF,0.39,6.627788,0.0997,396.64,398.25,395.18,395.18,396.64,398.25,395.18,395.18,1170,1170
LULU,-0.29,11.358571,-0.1673,173.02,173.66,172.04,173.2,173.02,173.66,172.04,173.2,1260897,1260897
ADDYY,0.66,5.715385,0.5066,130.95,130.95,130.3,130.5,130.95,130.95,130.3,130.5,20472,20472
COTY,-0.04,-0.353687,-0.3552,11.22,11.26,11.18,11.25,11.22,11.26,11.18,11.25,3837591,3837591
LVMUY,-0.24,6.607692,-0.3024,79.12,79.37,78.69,78.89,79.12,79.37,78.69,78.89,98422,98422
GOOS,-0.75,2.229478,-1.4237,51.93,52.59,51.35,52.35,51.93,52.59,51.35,52.35,1319873,1319873
ETSY,0.11,1.117,0.1735,63.51,63.78,62.68,63.04,63.51,63.78,62.68,63.04,969962,969962
ULTA,-3.47,10.650235,-0.9889,347.41,351.47,344.26,350.33,347.41,351.47,344.26,350.33,525820,525820
NKE,-1.84,12.75748,-2.0628,87.36,88.64,87.3,88.35,87.36,88.64,87.3,88.35,5390519,5390519
SBUX,-0.66,10.90683,-0.8677,75.4,76.06,75.21,75.71,75.4,76.06,75.21,75.71,4883100,4883100
SNAP,-0.14,-0.529003,-1.1997,11.53,11.7,11.23,11.55,11.53,11.7,11.23,11.55,20725500,20725500
FIZZ,-0.26,8.295973,-0.4782,54.11,55.16,53.47,54.35,54.11,55.16,53.47,54.35,322596,322596
