symbol,change,changeOverTime,changePercent,close,high,low,open,uClose,uHigh,uLow,uOpen,uVolume,volume
NFLX,-14.09,-0.039894,-3.9894,339.1,353.0,336.73,351.97,339.1,353.0,336.73,351.97,26621040,26621040
KSS,1.11,0.016124,1.6124,69.95,70.37,69.25,69.39,69.95,70.37,69.25,69.39,2596079,2596079
DECK,1.3,0.011057,1.1057,118.87,119.78,116.24,118.92,118.87,119.78,116.24,118.92,532454,532454
AAPL,0.96,0.006159,0.6159,156.82,157.88,155.98,157.5,156.82,157.88,155.98,157.5,33751023,33751023
VFC,9.08,0.123942,12.3942,82.34,84.39,80.0,82.22,82.34,84.39,80.0,82.22,6281860,6281860
FB,1.74,0.011733,1.1733,150.04,152.43,148.55,149.75,150.04,152.43,148.55,149.75,31029612,31029612
YRIV,-0.23,-0.085185,-8.5185,2.47,2.78,2.25,2.78,2.47,2.78,2.25,2.78,328713,328713
DEO,0.0,0.0,0.0,142.14,142.76,142.01,142.21,142.14,142.76,142.01,142.21,341379,341379
LRLCF,4.68,0.02086,2.086,228.9,228.9,226.2,226.2,228.9,228.9,226.2,226.2,716,716
TIF,4.56,0.053483,5.3483,89.82,90.39,86.7,87.0,89.82,90.39,86.7,87.0,4404049,4404049
DIS,0.03,0.00027,0.027,111.04,111.93,110.83,111.86,111.04,111.93,110.83,111.86,8554673,8554673
SPY,3.5,0.01331,1.331,266.46,266.98,263.0,264.98,266.46,266.98,263.0,264.98,127900303,127900303
LB,0.33,0.012222,1.2222,27.33,27.7,26.99,27.13,27.33,27.7,26.99,27.13,3945314,3945314
TGT,1.31,0.018884,1.8884,70.68,70.88,69.83,69.97,70.68,70.88,69.83,69.97,4484078,4484078
TM,0.43,0.003442,0.3442,125.35,125.79,124.87,124.89,125.35,125.79,124.87,124.89,158552,158552
UAA,0.46,0.022966,2.2966,20.49,20.5,20.0,20.22,20.49,20.5,20.0,20.22,4961077,4961077
PLNT,0.01,0.000171,0.0171,58.5,59.52,58.15,58.95,58.5,59.52,58.15,58.95,1128010,1128010
EL,2.11,0.016822,1.6822,127.54,129.13,126.1,126.26,127.54,129.13,126.1,126.26,2060642,2060642
LVMHF,8.4,0.029893,2.9893,289.4,289.5,285.51,288.05,289.4,289.5,285.51,288.05,955,955
LULU,6.93,0.047747,4.7747,152.07,152.18,147.07,147.52,152.07,152.18,147.07,147.52,3277072,3277072
ADDYY,1.86,0.016271,1.6271,116.18,116.75,115.3,116.14,116.18,116.75,115.3,116.14,42512,42512
SHMP,0.0039,0.2,20.0,0.0234,0.025,0.0195,0.02,0.0234,0.025,0.0195,0.02,6827952,6827952
COTY,0.1,0.013459,1.3459,7.53,7.73,7.46,7.48,7.53,7.73,7.46,7.48,11855772,11855772
GOOS,0.44,0.008864,0.8864,50.08,52.18,49.87,50.47,50.08,52.18,49.87,50.47,2572498,2572498
ETSY,1.24,0.022715,2.2715,55.83,56.39,53.73,55.04,55.83,56.39,53.73,55.04,1966403,1966403
ULTA,7.6,0.02677,2.677,291.5,292.22,286.08,286.28,291.5,292.22,286.08,286.28,990463,990463
NKE,1.32,0.016681,1.6681,80.45,80.97,79.74,79.95,80.45,80.97,79.74,79.95,10404132,10404132
AVP,0.03,0.015152,1.5152,2.01,2.03,1.97,1.99,2.01,2.03,1.97,1.99,3696220,3696220
SBUX,0.42,0.006534,0.6534,64.7,64.81,63.86,64.81,64.7,64.81,63.86,64.81,9835199,9835199
SNAP,0.44,0.076655,7.6655,6.18,6.19,5.74,5.83,6.18,6.19,5.74,5.83,37966966,37966966
BYND,0.0,0.0,0.0,0.0,0.0,0.0,0.0,0.0,0.0,0.0,0.0,0,0
FIZZ,3.2,0.040656,4.0656,81.91,82.13,78.22,78.68,81.91,82.13,78.22,78.68,292374,292374
