symbol,change,changeOverTime,changePercent,close,high,low,open,uClose,uHigh,uLow,uOpen,uVolume,volume
NFLX,2.18,0.006189,0.6189,354.39,359.44,353.79,355.41,354.39,359.44,353.79,355.41,3830963,3830963
KSS,-0.03,-0.000587,-0.0587,51.12,52.1,50.4,50.96,51.12,52.1,50.4,50.96,5670630,5670630
DECK,6.05,0.041042,4.1042,153.46,159.0,152.02,158.88,153.46,159.0,152.02,158.88,1213745,1213745
AAPL,-0.69,-0.003841,-0.3841,178.97,182.14,178.62,180.2,178.97,182.14,178.62,180.2,23714686,23714686
VFC,-0.05,-0.000595,-0.0595,84.04,85.19,83.29,84.94,84.04,85.19,83.29,84.94,2645266,2645266
FB,0.19,0.00105,0.105,181.06,183.63,180.83,182.33,181.06,183.63,180.83,182.33,8807701,8807701
YRIV,-0.0025,-0.002987,-0.2987,0.8345,0.8505,0.82,0.8459,0.8345,0.8505,0.82,0.8459,824862,824862
DEO,1.99,0.011846,1.1846,169.98,170.51,169.63,170.29,169.98,170.51,169.63,170.29,214228,214228
LRLCF,1.7,0.006256,0.6256,273.45,273.45,273.45,273.45,273.45,273.45,273.45,273.45,30,30
TIF,-1.73,-0.018138,-1.8138,93.65,96.36,92.72,95.7,93.65,96.36,92.72,95.7,1455812,1455812
DIS,0.06,0.000452,0.0452,132.79,133.29,132.22,133.1,132.79,133.29,132.22,133.1,4570132,4570132
SPY,0.64,0.002268,0.2268,282.78,284.2,282.09,283.74,282.78,284.2,282.09,283.74,55268095,55268095
LB,0.58,0.023908,2.3908,24.84,25.07,24.15,24.51,24.84,25.07,24.15,24.51,6241761,6241761
TGT,2.17,0.02733,2.733,81.57,81.66,79.58,79.6,81.57,81.66,79.58,79.6,7851656,7851656
TM,1.08,0.009194,0.9194,118.55,118.88,118.04,118.84,118.55,118.88,118.04,118.84,121215,121215
UAA,0.08,0.00341,0.341,23.54,23.66,23.23,23.44,23.54,23.66,23.23,23.44,3327799,3327799
PLNT,0.15,0.002016,0.2016,74.56,75.88,74.07,74.9,74.56,75.88,74.07,74.9,1032438,1032438
EL,-0.37,-0.002235,-0.2235,165.16,166.9,164.34,166.68,165.16,166.9,164.34,166.68,1290250,1290250
LVMHF,4.45,0.0119,1.19,378.41,378.41,375.74,375.74,378.41,378.41,375.74,375.74,747,747
LULU,2.58,0.015159,1.5159,172.78,173.24,170.55,171.17,172.78,173.24,170.55,171.17,1509568,1509568
ADDYY,0.535,0.003689,0.3689,145.57,145.68,144.91,145.24,145.57,145.68,144.91,145.24,25338,25338
SHMP,-0.0259,-0.141918,-14.1918,0.1566,0.183,0.1287,0.171,0.1566,0.183,0.1287,0.171,6419004,6419004
COTY,-0.03,-0.002288,-0.2288,13.08,13.25,12.91,13.15,13.08,13.25,12.91,13.15,3289118,3289118
GOOS,0.96,0.020456,2.0456,47.89,48.25,46.92,47.75,47.89,48.25,46.92,47.75,1487629,1487629
ETSY,1.39,0.021952,2.1952,64.71,64.72,63.65,63.7,64.71,64.72,63.65,63.7,1062966,1062966
ULTA,-2.74,-0.008111,-0.8111,335.09,340.84,330.43,338.81,335.09,340.84,330.43,338.81,615107,615107
NKE,-0.48,-0.005808,-0.5808,82.16,83.17,82.09,82.2,82.16,83.17,82.09,82.2,5998980,5998980
AVP,0.1,0.027778,2.7778,3.7,3.72,3.52,3.61,3.7,3.72,3.52,3.61,29155872,29155872
SBUX,-0.26,-0.003403,-0.3403,76.15,77.06,75.97,76.83,76.15,77.06,75.97,76.83,5627633,5627633
SNAP,0.44,0.039568,3.9568,11.56,11.81,11.4,11.45,11.56,11.81,11.4,11.45,29187156,29187156
BYND,-2.43,-0.029598,-2.9598,79.67,85.5,79.51,83.92,79.67,85.5,79.51,83.92,2909494,2909494
FIZZ,0.08,0.001573,0.1573,50.95,51.44,50.05,51.17,50.95,51.44,50.05,51.17,195205,195205
