symbol,change,changeOverTime,changePercent,close,high,low,open,uClose,uHigh,uLow,uOpen,uVolume,volume
NFLX,0,0,0,366.75,362.07,367.21,355.79,354.68,368.66,362.63,353.51,4208255,4196909
DECK,0,0,0,150.14,150.3,148.1,148.2,154.02,153.72,147.9,153.0,935660,916588
AAPL,0,0,0,186.9,189.0,186.2,191.85,193.1,191.0,188.9,189.76,29241262,28534472
VFC,0,0,0,93.0,94.08,93.54,92.17,94.0,93.17,92.34,92.9,2726320,2679599
FB,0,0,0,189.85,187.6,184.85,190.41,191.27,194.9,192.55,192.9,7510570,7557773
DEO,0,0,0,171.01,171.11,170.05,170.13,172.1,177.73,175.75,178.34,299651,298333
LRLCF,0,0,0,278.63,281.74,271.1,278.75,276.46,284.3,282.04,280.35,83,81
TIF,0,0,0,100.57,99.72,96.0,99.51,99.98,100.51,99.2,99.13,1310736,1298732
DIS,0,0,0,134.99,137.8,134.7,138.27,139.1,136.05,133.36,140.59,7200579,7402126
LB,0,0,0,23.65,23.13,22.16,23.27,22.81,23.49,22.33,22.59,3466675,3619966
TGT,0,0,0,73.08,75.36,73.38,74.79,74.34,74.9,73.13,72.6,7809598,7853259
LRLCY,0,0,0,54.84,55.82,56.03,55.09,55.6,54.37,55.51,55.43,61380,63331
UAA,0,0,0,25.05,24.39,24.35,23.96,24.35,24.92,24.11,24.62,4417604,4325568
PLNT,0,0,0,78.0,81.29,77.74,78.11,77.6,81.94,78.47,78.6,2210519,2184219
EL,0,0,0,176.17,175.83,175.35,171.35,175.96,170.77,173.7,172.44,1206528,1234284
LVMHF,0,0,0,383.55,390.26,391.0,381.0,380.06,381.3,373.0,385.0,191,193
LULU,0,0,0,183.19,180.34,174.7,181.58,179.84,182.89,179.1,174.95,1512771,1463693
ADDYY,0,0,0,149.28,144.48,148.1,150.1,149.46,149.35,147.7,145.9,49107,50852
COTY,0,0,0,13.85,14.0,13.81,13.99,13.79,14.4,13.99,13.86,7297317,7167255
LVMUY,0,0,0,76.1,78.52,75.5,75.22,75.54,77.94,76.2,75.73,120429,120746
GOOS,0,0,0,50.73,51.05,49.8,50.69,50.99,51.93,49.1,49.76,829617,828494
ETSY,0,0,0,66.73,66.77,65.73,67.06,67.63,65.9,64.37,65.76,2114022,2057820
ULTA,0,0,0,355.39,368.38,362.7,353.26,363.27,358.19,348.8,357.49,557822,565896
NKE,0,0,0,87.78,85.3,85.76,85.76,85.7,87.0,85.89,84.6,6033929,6028432
SBUX,0,0,0,80.19,79.62,77.59,77.32,77.63,80.09,78.38,80.18,5994335,5972028
SNAP,0,0,0,11.65,12.01,11.7,11.3,11.9,12.12,11.8,11.5,19242435,18862943
FIZZ,0,0,0,54.98,56.07,53.96,54.88,53.2,54.82,52.67,53.01,329642,330442
