symbol,change,changeOverTime,changePercent,close,high,low,open,uClose,uHigh,uLow,uOpen,uVolume,volume
NFLX,0,0,0,352.3,366.73,357.9,353.15,359.04,360.82,349.9,357.97,5445311,5607134
DECK,0,0,0,149.57,145.71,145.51,146.33,148.19,149.85,142.31,148.12,808069,778207
AAPL,0,0,0,192.52,190.3,192.01,195.7,189.26,195.4,186.51,190.91,37150994,36743130
VFC,0,0,0,91.15,92.92,90.11,92.19,92.09,94.29,90.26,91.84,2133837,2119812
FB,0,0,0,187.57,190.82,183.3,190.28,187.08,190.18,180.6,190.28,17871621,18151603
DEO,0,0,0,176.7,174.19,170.06,170.81,174.3,175.12,175.88,172.52,267949,267961
LRLCF,0,0,0,270.45,268.06,269.0,276.02,279.6,276.81,276.7,274.02,254,249
TIF,0,0,0,102.02,100.27,100.4,99.03,99.11,100.3,99.3,101.64,2117488,2135680
DIS,0,0,0,134.5,138.21,136.37,139.28,134.5,139.09,134.34,137.71,12244839,12303187
LB,0,0,0,23.3,23.88,22.8,22.79,23.36,22.8,22.43,22.64,4788915,4946657
TGT,0,0,0,73.67,72.61,71.93,72.98,72.69,71.86,72.29,72.08,8264498,8160469
LRLCY,0,0,0,53.81,53.9,53.36,54.16,54.53,55.2,53.36,53.49,54454,55215
UAA,0,0,0,21.65,21.68,21.6,22.0,21.75,22.19,21.5,22.0,4399885,4431755
PLNT,0,0,0,79.41,80.1,76.14,79.63,79.55,82.08,79.81,78.49,1034117,1008152
EL,0,0,0,167.0,168.77,165.8,173.22,172.0,167.92,165.93,169.12,1925045,1912766
LVMHF,0,0,0,384.65,392.0,377.0,379.39,377.45,381.0,383.41,383.84,523,526
LULU,0,0,0,174.45,178.56,173.62,174.46,175.47,172.47,170.53,169.31,1696076,1689123
ADDYY,0,0,0,140.45,145.54,143.04,144.92,143.05,143.38,142.4,141.78,37707,37305
COTY,0,0,0,12.67,12.85,12.3,11.95,12.51,12.6,12.3,12.42,18947750,18890071
LVMUY,0,0,0,75.34,76.02,77.9,74.63,76.54,76.81,75.39,76.2,108456,106512
GOOS,0,0,0,50.41,51.59,49.17,48.7,49.37,50.37,49.32,49.07,1127157,1147269
ETSY,0,0,0,61.76,59.8,58.98,59.0,59.8,62.1,59.25,59.0,1916140,1936263
ULTA,0,0,0,350.25,347.9,336.1,342.52,347.66,347.1,331.62,336.97,973174,990357
NKE,0,0,0,87.52,86.0,82.77,86.38,85.04,85.0,84.55,86.39,7632190,7608819
SBUX,0,0,0,80.85,80.98,78.7,80.39,80.86,79.49,76.79,79.15,7142217,7082180
SNAP,0,0,0,10.81,11.11,10.6,10.34,10.56,10.96,10.3,10.67,20730926,20762112
FIZZ,0,0,0,53.15,54.0,51.18,55.8,52.22,54.83,52.6,54.0,764688,793996
