symbol,change,changeOverTime,changePercent,close,high,low,open,uClose,uHigh,uLow,uOpen,uVolume,volume
NFLX,0,0,0,378.67,381.35,376.0,377.69,378.67,381.35,376.0,377.69,5793144,5793144
KSS,0,0,0,68.9,69.13,68.08,68.25,68.9,69.13,68.08,68.25,2120258,2120258
DECK,0,0,0,157.71,158.71,155.61,156.67,157.71,158.71,155.61,156.67,380091,380091
AAPL,0,0,0,208.48,208.84,203.5,204.29,208.48,208.84,203.5,204.29,32443113,32443113
VFC,0,0,0,93.86,94.14,93.22,93.99,93.86,94.14,93.22,93.99,1934421,1934421
FB,0,0,0,193.88,194.28,190.55,191.24,193.88,194.28,190.55,191.24,13994932,13994932
YRIV,0,0,0,0.9135,0.94,0.76,0.7626,0.9135,0.94,0.76,0.7626,4073539,4073539
DEO,0,0,0,167.37,167.53,166.03,166.72,167.37,167.53,166.03,166.72,156680,156680
LRLCF,0,0,0,271.1,271.1,268.68,269.7,271.1,271.1,268.68,269.7,179,179
TIF,0,0,0,105.61,107.44,104.58,107.39,105.61,107.44,104.58,107.39,2026427,2026427
DIS,0,0,0,135.0,135.33,132.3,132.54,135.0,135.33,132.3,132.54,9955629,9955629
SPY,0,0,0,292.82,293.31,288.9,289.25,292.82,293.31,288.9,289.25,107198069,107198069
LB,0,0,0,25.64,25.75,25.13,25.51,25.64,25.75,25.13,25.51,2790135,2790135
TGT,0,0,0,75.98,76.15,74.75,75.0,75.98,76.15,74.75,75.0,4008671,4008671
TM,0,0,0,122.98,123.02,121.33,121.62,122.98,123.02,121.33,121.62,137391,137391
UAA,0,0,0,22.33,22.42,21.84,22.28,22.33,22.42,21.84,22.28,6136651,6136651
PLNT,0,0,0,73.11,73.47,70.98,71.25,73.11,73.47,70.98,71.25,2066076,2066076
EL,0,0,0,170.05,172.62,169.0,170.82,170.05,172.62,169.0,170.82,2166203,2166203
LVMHF,0,0,0,388.41,388.41,381.2,383.1,388.41,388.41,381.2,383.1,724,724
LULU,0,0,0,177.69,178.22,174.59,175.2,177.69,178.22,174.59,175.2,919872,919872
ADDYY,0,0,0,142.49,142.49,138.72,138.73,142.49,142.49,138.72,138.73,43674,43674
SHMP,0,0,0,0.237,0.238,0.201,0.205,0.237,0.238,0.201,0.205,8501363,8501363
COTY,0,0,0,12.14,12.23,11.17,11.26,12.14,12.23,11.17,11.26,34460994,34460994
GOOS,0,0,0,53.23,53.53,51.51,52.11,53.23,53.53,51.51,52.11,1302701,1302701
ETSY,0,0,0,69.03,69.43,67.4,67.93,69.03,69.43,67.4,67.93,1772230,1772230
ULTA,0,0,0,346.68,347.61,335.78,336.53,346.68,347.61,335.78,336.53,712071,712071
NKE,0,0,0,83.57,83.87,82.86,83.77,83.57,83.87,82.86,83.77,12836646,12836646
AVP,0,0,0,3.02,3.06,2.78,2.8,3.02,3.06,2.78,2.8,9080542,9080542
SBUX,0,0,0,78.06,78.08,77.02,77.2,78.06,78.08,77.02,77.2,5607843,5607843
SNAP,0,0,0,11.77,11.86,11.38,11.39,11.77,11.86,11.38,11.39,12552518,12552518
BYND,0,0,0,74.79,74.84,62.5,62.73,74.79,74.84,62.5,62.73,8746178,8746178
FIZZ,0,0,0,57.76,58.17,56.8,56.89,57.76,58.17,56.8,56.89,271036,271036
