symbol,change,changeOverTime,changePercent,close,high,low,open,uClose,uHigh,uLow,uOpen,uVolume,volume
NFLX,26.37,0.097235,9.7235,297.57,297.8,278.54,281.88,297.57,297.8,278.54,281.88,19330102,19330102
DECK,-4.02,-0.031953,-3.1953,121.79,127.83,121.24,127.37,121.79,127.83,121.24,127.37,1007038,1007038
AAPL,6.07,0.042689,4.2689,148.26,148.55,143.8,144.53,148.26,148.55,143.8,144.53,58607070,58607070
VFC,2.38,0.034368,3.4368,71.63,72.01,69.99,70.02,71.63,72.01,69.99,70.02,2019932,2019932
DEO,1.18,0.008545,0.8545,139.28,139.7,138.2,138.36,139.28,139.7,138.2,138.36,658069,658069
LRLCF,3.0,0.013333,1.3333,228.0,228.0,224.4,224.4,228.0,228.0,224.4,224.4,116,116
TIF,2.79,0.035055,3.5055,82.38,83.11,80.28,80.67,82.38,83.11,80.28,80.67,1847673,1847673
LB,1.25,0.047241,4.7241,27.71,28.25,26.8,26.8,27.71,28.25,26.8,26.8,5839182,5839182
TGT,0.9,0.013734,1.3734,66.43,66.88,65.45,66.24,66.43,66.88,65.45,66.24,4825860,4825860
UAA,0.75,0.043153,4.3153,18.13,18.25,17.57,17.6,18.13,18.25,17.57,17.6,3708316,3708316
PLNT,2.12,0.040152,4.0152,54.92,55.36,53.34,53.68,54.92,55.36,53.34,53.68,1965313,1965313
EL,4.24,0.033736,3.3736,129.92,130.79,127.03,127.48,129.92,130.79,127.03,127.48,2091384,2091384
LVMHF,9.06,0.03248,3.248,288.0,288.0,281.2,282.55,288.0,288.0,281.2,282.55,93,93
LULU,4.19,0.033693,3.3693,128.55,129.57,125.31,125.85,128.55,129.57,125.31,125.85,2184728,2184728
COTY,0.37,0.054492,5.4492,7.16,7.21,6.81,6.84,7.16,7.21,6.81,6.84,9136894,9136894
ETSY,3.67,0.079731,7.9731,49.7,50.88,47.41,48.06,49.7,50.88,47.41,48.06,4074982,4074982
ULTA,11.67,0.047954,4.7954,255.03,258.48,246.0,247.08,255.03,258.48,246.0,247.08,864514,864514
NKE,1.9,0.026117,2.6117,74.65,75.12,73.12,73.45,74.65,75.12,73.12,73.45,7844239,7844239
SBUX,2.04,0.033155,3.3155,63.57,64.25,62.08,62.4,63.57,64.25,62.08,62.4,12694446,12694446
SNAP,0.27,0.047535,4.7535,5.95,5.99,5.63,5.67,5.95,5.99,5.63,5.67,18200350,18200350
FIZZ,-0.63,-0.008592,-0.8592,72.69,75.17,71.88,73.59,72.69,75.17,71.88,73.59,341437,341437
