symbol,change,changeOverTime,changePercent,close,high,low,open,uClose,uHigh,uLow,uOpen,uVolume,volume
NFLX,-2.7,-0.007297,-0.7297,367.32,371.54,364.87,370.26,367.32,371.54,364.87,370.26,4592706,4592706
DECK,0.73,0.004166,0.4166,175.97,176.66,173.86,175.56,175.97,176.66,173.86,175.56,644294,644294
AAPL,-1.82,-0.009112,-0.9112,197.92,199.5,197.05,198.68,197.92,199.5,197.05,198.68,31110642,31110642
VFC,0.65,0.007497,0.7497,87.35,88.16,86.71,86.78,87.35,88.16,86.71,86.78,5908433,5908433
DEO,0.71,0.004137,0.4137,172.32,172.32,171.33,171.61,172.32,172.32,171.33,171.61,295024,295024
LRLCF,0.526,0.001861,0.1861,283.2,286.0,283.2,283.5,283.2,286.0,283.2,283.5,2634,2634
TIF,1.66,0.018047,1.8047,93.64,93.69,92.11,92.16,93.64,93.69,92.11,92.16,1877526,1877526
LB,-0.22,-0.008359,-0.8359,26.1,26.71,26.02,26.26,26.1,26.71,26.02,26.26,7267692,7267692
TGT,0.74,0.008618,0.8618,86.61,87.13,85.75,85.8,86.61,87.13,85.75,85.8,5284127,5284127
UAA,0.05,0.001976,0.1976,25.35,25.46,25.14,25.3,25.35,25.46,25.14,25.3,3856683,3856683
PLNT,-0.69,-0.009435,-0.9435,72.44,73.47,72.01,73.28,72.44,73.47,72.01,73.28,11121613,11121613
EL,1.06,0.005823,0.5823,183.11,183.44,182.25,182.6,183.11,183.44,182.25,182.6,1235857,1235857
LVMHF,5.01,0.011924,1.1924,424.95,426.64,422.65,422.65,424.95,426.64,422.65,422.65,154,154
LULU,0.1,0.000555,0.0555,180.21,181.11,178.65,181.0,180.21,181.11,178.65,181.0,3067023,3067023
COTY,0.25,0.019011,1.9011,13.4,13.48,13.12,13.18,13.4,13.48,13.12,13.18,6510245,6510245
ETSY,-0.99,-0.015876,-1.5876,61.37,62.55,61.09,62.27,61.37,62.55,61.09,62.27,16253923,16253923
ULTA,2.67,0.007757,0.7757,346.89,347.38,343.89,345.94,346.89,347.38,343.89,345.94,784345,784345
NKE,0.29,0.003466,0.3466,83.95,84.75,82.67,83.99,83.95,84.75,82.67,83.99,12443841,12443841
SBUX,0.27,0.003231,0.3231,83.83,83.96,83.32,83.56,83.83,83.96,83.32,83.56,6735620,6735620
SNAP,-0.28,-0.019204,-1.9204,14.3,14.78,14.18,14.76,14.3,14.78,14.18,14.76,20060073,20060073
FIZZ,0.57,0.012937,1.2937,44.63,46.31,43.85,44.42,44.63,46.31,43.85,44.42,890871,890871
