symbol,change,changeOverTime,changePercent,close,high,low,open,uClose,uHigh,uLow,uOpen,uVolume,volume
NFLX,2.47,0.008029,0.8029,310.1,311.88,305.3,310.58,310.1,311.88,305.3,310.58,6179090,6179090
DECK,3.5,0.02404,2.404,149.09,149.43,145.24,146.26,149.09,149.43,145.24,146.26,569871,569871
AAPL,3.66,0.01893,1.893,197.0,198.07,194.04,196.31,197.0,198.07,194.04,196.31,35824787,35824787
VFC,1.18,0.014666,1.4666,81.64,81.84,80.39,80.86,81.64,81.84,80.39,80.86,1585001,1585001
DEO,0.46,0.002817,0.2817,163.74,164.3,162.87,163.69,163.74,164.3,162.87,163.69,223086,223086
LRLCF,0.45,0.00175,0.175,257.6,258.6,255.5,255.5,257.6,258.6,255.5,255.5,158,158
TIF,0.74,0.008422,0.8422,88.6,88.77,87.14,88.36,88.6,88.77,87.14,88.36,1531830,1531830
LB,0.09,0.003786,0.3786,23.86,23.99,23.32,23.91,23.86,23.99,23.32,23.91,3874992,3874992
TGT,1.98,0.024508,2.4508,82.77,83.21,80.77,81.16,82.77,83.21,80.77,81.16,5546338,5546338
UAA,0.45,0.021614,2.1614,21.27,21.42,20.68,21.04,21.27,21.42,20.68,21.04,7050277,7050277
PLNT,2.76,0.036928,3.6928,77.5,77.73,75.32,75.32,77.5,77.73,75.32,75.32,1845256,1845256
EL,5.0,0.028643,2.8643,179.56,180.15,175.81,175.99,179.56,180.15,175.81,175.99,2354718,2354718
LVMHF,12.57,0.032872,3.2872,394.96,397.34,390.84,393.6,394.96,397.34,390.84,393.6,715,715
LULU,5.17,0.029634,2.9634,179.63,180.46,175.82,176.5,179.63,180.46,175.82,176.5,1371873,1371873
COTY,0.14,0.013793,1.3793,10.29,10.37,10.03,10.26,10.29,10.37,10.03,10.26,4641083,4641083
ETSY,1.45,0.026882,2.6882,55.39,56.4,54.66,55.68,55.39,56.4,54.66,55.68,3653537,3653537
ULTA,10.14,0.030714,3.0714,340.28,340.95,329.0,330.37,340.28,340.95,329.0,330.37,688204,688204
NKE,2.33,0.029505,2.9505,81.3,81.59,79.49,79.85,81.3,81.59,79.49,79.85,8664534,8664534
SBUX,1.64,0.017503,1.7503,95.34,95.71,93.8,94.31,95.34,95.71,93.8,94.31,7437982,7437982
SNAP,-0.17,-0.010328,-1.0328,16.29,16.63,16.16,16.2,16.29,16.63,16.16,16.2,30305926,30305926
FIZZ,-0.5,-0.011282,-1.1282,43.82,45.16,43.38,44.71,43.82,45.16,43.38,44.71,3024578,3024578
