symbol,change,changeOverTime,changePercent,close,high,low,open,uClose,uHigh,uLow,uOpen,uVolume,volume
NFLX,-0.78,-0.002178,-0.2178,357.32,362.87,354.69,362.26,357.32,362.87,354.69,362.26,5526539,5526539
DECK,-0.08,-0.000541,-0.0541,147.87,153.3,147.35,149.93,147.87,153.3,147.35,149.93,554184,554184
AAPL,1.82,0.010511,1.0511,174.97,175.15,172.89,174.28,174.97,175.15,172.89,174.28,25886167,25886167
VFC,-0.08,-0.000916,-0.0916,87.28,88.83,86.64,88.28,87.28,88.83,86.64,88.28,1441902,1441902
DEO,0.82,0.005298,0.5298,155.6,156.04,155.0,155.26,155.6,156.04,155.0,155.26,222749,222749
LRLCF,0.1663,0.000659,0.0659,252.5,254.95,252.05,254.95,252.5,254.95,252.05,254.95,465,465
TIF,0.89,0.009364,0.9364,95.93,97.23,94.89,95.92,95.93,97.23,94.89,95.92,1444994,1444994
LB,1.36,0.052028,5.2028,27.5,28.76,27.38,27.8,27.5,28.76,27.38,27.8,11528282,11528282
TGT,0.3,0.00413,0.413,72.94,74.46,71.96,73.59,72.94,74.46,71.96,73.59,6833772,6833772
UAA,0.31,0.013747,1.3747,22.86,23.41,22.58,22.91,22.86,23.41,22.58,22.91,5761447,5761447
PLNT,2.39,0.04066,4.066,61.17,61.23,59.36,59.41,61.17,61.23,59.36,59.41,1987475,1987475
EL,-0.02,-0.000127,-0.0127,156.92,159.21,156.09,158.22,156.92,159.21,156.09,158.22,1158295,1158295
LVMHF,6.17,0.017959,1.7959,349.73,349.73,346.91,348.98,349.73,349.73,346.91,348.98,898,898
LULU,0.96,0.006382,0.6382,151.38,153.95,150.19,152.56,151.38,153.95,150.19,152.56,1671931,1671931
COTY,0.08,0.007273,0.7273,11.08,11.12,10.99,11.08,11.08,11.12,10.99,11.08,9068914,9068914
ETSY,1.5,0.021047,2.1047,72.77,73.33,71.48,72.0,72.77,73.33,71.48,72.0,3377017,3377017
ULTA,2.81,0.008992,0.8992,315.3,318.78,313.82,315.61,315.3,318.78,313.82,315.61,553988,553988
NKE,1.43,0.01668,1.668,87.16,87.99,86.24,86.93,87.16,87.99,86.24,86.93,6315062,6315062
SBUX,0.59,0.008397,0.8397,70.85,71.11,70.45,70.63,70.85,71.11,70.45,70.63,8067715,8067715
SNAP,0.0,0.0,0.0,9.8,10.16,9.76,9.86,9.8,10.16,9.76,9.86,21821757,21821757
FIZZ,-0.94,-0.013705,-1.3705,67.65,69.02,66.27,68.73,67.65,69.02,66.27,68.73,369372,369372
