symbol,change,changeOverTime,changePercent,close,high,low,open,uClose,uHigh,uLow,uOpen,uVolume,volume
NFLX,0,0,0,345.26,354.26,343.1,352.29,345.26,354.26,343.1,352.29,8026697,8026697
DECK,0,0,0,138.35,142.9,137.2,142.71,138.35,142.9,137.2,142.71,551262,551262
AAPL,0,0,0,185.72,189.48,182.85,187.71,185.72,189.48,182.85,187.71,57430623,57430623
VFC,0,0,0,90.12,91.72,89.87,91.25,90.12,91.72,89.87,91.25,2146926,2146926
DEO,0,0,0,169.23,169.67,168.6,169.28,169.23,169.67,168.6,169.28,271132,271132
LRLCF,0,0,0,266.75,266.75,261.95,264.55,266.75,266.75,261.95,264.55,149,149
TIF,0,0,0,97.68,103.05,97.63,103.05,97.68,103.05,97.63,103.05,2700191,2700191
LB,0,0,0,22.43,23.25,22.15,23.24,22.43,23.25,22.15,23.24,6148500,6148500
TGT,0,0,0,71.68,73.53,71.37,73.29,71.68,73.53,71.37,73.29,6055173,6055173
UAA,0,0,0,20.95,21.35,20.84,21.32,20.95,21.35,20.84,21.32,5226862,5226862
PLNT,0,0,0,75.58,77.5,75.42,77.14,75.58,77.5,75.42,77.14,1370879,1370879
EL,0,0,0,165.1,165.25,160.83,161.5,165.1,165.25,160.83,161.5,2437620,2437620
LVMHF,0,0,0,363.68,366.45,362.16,366.45,363.68,366.45,362.16,366.45,478,478
LULU,0,0,0,167.57,171.13,166.22,170.0,167.57,171.13,166.22,170.0,2020054,2020054
COTY,0,0,0,11.73,11.8,11.32,11.46,11.73,11.8,11.32,11.46,14440804,14440804
ETSY,0,0,0,57.23,59.93,56.94,59.68,57.23,59.93,56.94,59.68,4066724,4066724
ULTA,0,0,0,330.23,338.98,328.34,337.21,330.23,338.98,328.34,337.21,813465,813465
NKE,0,0,0,82.53,82.63,81.32,81.65,82.53,82.63,81.32,81.65,6445267,6445267
SBUX,0,0,0,76.68,77.78,76.08,77.25,76.68,77.78,76.08,77.25,9778829,9778829
SNAP,0,0,0,10.11,10.34,10.04,10.05,10.11,10.34,10.04,10.05,15911862,15911862
FIZZ,0,0,0,54.55,55.27,54.12,55.16,54.55,55.27,54.12,55.16,188029,188029
