symbol,change,changeOverTime,changePercent,close,high,low,open,uClose,uHigh,uLow,uOpen,uVolume,volume
NFLX,2.1,282.751095,0.5603,382.45,375.35,383.7,385.97,379.28,387.28,374.34,386.9,5595699,5446417
DECK,0.17,105.80602,0.1224,147.3,147.95,143.97,147.13,148.2,148.27,145.78,147.06,568665,569335
AAPL,1.33,194.621775,0.7068,203.98,202.0,197.0,195.78,196.76,199.1,193.17,198.39,23925058,24240788
VFC,0.68,8.785155,0.7936,91.44,91.2,90.57,90.8,90.48,89.0,90.42,87.9,1528784,1546274
DEO,-0.82,3.021467,-0.5049,165.38,166.91,164.18,168.49,163.99,169.39,166.16,167.23,282046,281745
LRLCF,-0.8,2.757104,-0.3038,282.1,281.9,277.7,272.1,270.1,280.8,277.1,276.4,280,271
TIF,0.69,3.367287,0.666,109.0,109.6,108.94,107.9,109.5,110.1,106.27,107.9,2269850,2269836
LB,-0.04,1.14934,-0.154,27.06,28.86,27.94,28.12,27.6,28.75,27.08,28.45,3939157,3918633
TGT,-0.16,1.762565,-0.1926,83.06,82.95,80.32,82.2,81.62,82.5,82.36,81.49,3335378,3370253
UAA,0.06,2.454994,0.2884,22.22,21.82,21.45,22.37,22.36,22.49,22.19,22.15,3103250,3130396
PLNT,0.68,3.481758,0.965,72.18,72.24,70.03,73.21,73.89,71.39,72.63,71.31,2039453,2017922
EL,1.11,10.310853,0.6593,164.78,166.04,166.52,164.8,166.82,167.78,166.77,165.78,909741,935220
LVMHF,3.53,6.253846,0.9739,387.0,389.76,390.38,384.6,378.0,386.68,374.19,388.28,634,628
LULU,0.77,10.919304,0.4555,171.0,169.2,164.87,170.1,169.47,175.9,169.75,170.6,1917773,1881643
COTY,-0.06,-0.359789,-0.5375,11.62,11.9,11.65,11.48,11.42,11.6,11.64,11.39,11167082,10896149
ETSY,-0.28,1.376772,-0.3981,70.78,71.7,69.35,71.73,72.93,73.2,72.45,71.57,1963822,1952816
ULTA,3.31,10.929441,0.95,362.27,362.58,349.04,356.88,357.83,362.57,352.06,363.83,527932,513561
NKE,0.1,12.736519,0.1222,85.24,85.19,87.73,86.0,86.73,85.38,85.65,87.0,4271085,4254142
SBUX,0.06,11.25519,0.0842,75.99,78.49,74.33,76.55,74.95,75.27,76.02,76.49,6877592,6992435
SNAP,-0.06,-0.549613,-0.5353,11.29,11.9,11.24,11.6,11.67,11.7,11.36,11.46,17255055,16941991
FIZZ,-0.96,9.021352,-1.6476,58.45,59.1,58.68,60.2,58.04,60.4,57.64,58.7,341981,353379
