symbol,change,changeOverTime,changePercent,close,high,low,open,uClose,uHigh,uLow,uOpen,uVolume,volume
NFLX,0,0,0,294.98,296.95,292.5,295.24,294.98,296.95,292.5,295.24,4696982,4696982
DECK,0,0,0,138.54,139.0,136.17,137.04,138.54,139.0,136.17,137.04,351072,351072
AAPL,0,0,0,206.49,207.19,205.06,205.86,206.49,207.19,205.06,205.86,26066130,26066130
VFC,0,0,0,79.69,79.8,78.79,79.3,79.69,79.8,78.79,79.3,1069155,1069155
DEO,0,0,0,166.99,167.36,165.74,166.34,166.99,167.36,165.74,166.34,203051,203051
LRLCF,0,0,0,263.05,263.05,262.8,262.8,263.05,263.05,262.8,262.8,73,73
TIF,0,0,0,83.08,83.35,81.18,82.12,83.08,83.35,81.18,82.12,4333765,4333765
LB,0,0,0,16.92,17.67,16.78,17.58,16.92,17.67,16.78,17.58,10621685,10621685
TGT,0,0,0,104.77,105.74,103.77,104.91,104.77,105.74,103.77,104.91,5584212,5584212
UAA,0,0,0,18.0,18.29,17.91,18.22,18.0,18.29,17.91,18.22,3814068,3814068
PLNT,0,0,0,68.37,68.6,66.77,67.1,68.37,68.6,66.77,67.1,1368374,1368374
EL,0,0,0,200.16,201.96,197.53,199.14,200.16,201.96,197.53,199.14,1674658,1674658
LVMHF,0,0,0,392.42,394.84,390.73,394.84,392.42,394.84,390.73,394.84,218,218
LULU,0,0,0,182.35,182.98,180.16,182.98,182.35,182.98,180.16,182.98,805446,805446
COTY,0,0,0,8.75,8.81,8.7,8.72,8.75,8.81,8.7,8.72,2849247,2849247
ETSY,0,0,0,53.58,54.82,53.03,54.38,53.58,54.82,53.03,54.38,1558096,1558096
ULTA,0,0,0,330.22,331.99,324.54,327.0,330.22,331.99,324.54,327.0,1008562,1008562
NKE,0,0,0,82.25,82.28,80.74,81.44,82.25,82.28,80.74,81.44,4336049,4336049
SBUX,0,0,0,96.5,96.5,95.0,95.38,96.5,96.5,95.0,95.38,5806558,5806558
SNAP,0,0,0,16.11,16.21,15.57,15.64,16.11,16.21,15.57,15.64,23655982,23655982
FIZZ,0,0,0,40.76,40.8,39.75,40.52,40.76,40.8,39.75,40.52,197953,197953
