symbol,change,changeOverTime,changePercent,close,high,low,open,uClose,uHigh,uLow,uOpen,uVolume,volume
NFLX,-3.08,284.969054,-0.8424,378.22,377.57,382.2,385.52,383.82,385.0,372.28,388.91,4011378,3890826
DECK,2.57,116.572331,1.616,160.56,159.23,161.71,162.95,159.18,158.09,156.11,161.94,463374,461704
AAPL,0.31,203.561494,0.1566,205.63,206.07,204.65,204.8,207.06,211.32,208.54,207.2,22296473,22623351
VFC,-0.03,9.399951,-0.0329,95.51,99.53,95.88,96.67,98.34,94.97,95.78,96.48,1592116,1591385
DEO,-0.35,3.140746,-0.2094,167.71,168.99,171.16,170.13,173.58,167.51,171.88,169.63,227731,237568
LRLCF,0.95,2.840223,0.3621,271.9,276.9,271.8,279.31,272.9,283.1,273.9,277.79,1213,1212
TIF,-0.15,3.35031,-0.1345,111.9,111.41,111.81,112.25,110.5,110.38,108.09,111.5,1377154,1361256
LB,-0.37,1.064099,-1.3964,26.41,27.29,26.49,27.21,26.28,26.81,26.65,26.71,3054379,3067684
TGT,0.71,1.678062,0.902,78.4,79.49,80.35,80.46,78.0,81.93,80.51,82.14,9409226,9424909
UAA,0.06,2.665738,0.2668,22.86,24.19,23.39,23.48,23.02,23.6,22.92,23.37,3040872,3067803
PLNT,-0.15,3.891393,-0.2059,79.16,80.94,78.9,79.0,77.58,78.54,76.24,77.0,1518428,1512060
EL,-0.04,11.053816,-0.0235,174.34,177.78,175.44,172.45,176.87,174.67,178.53,177.69,1313790,1365795
LVMHF,-0.43,6.711284,-0.1063,404.2,388.9,390.0,393.7,389.08,402.43,397.0,387.48,653,635
LULU,0.42,11.784476,0.2319,182.4,182.84,178.0,181.86,178.7,182.2,182.2,178.22,1885011,1838840
COTY,-0.4,-0.38318,-3.5713,11.04,11.37,11.0,11.26,10.94,11.1,11.27,11.16,40002964,39724843
ETSY,1.7,1.349612,2.6123,72.07,71.45,68.54,69.0,70.96,71.66,70.01,71.0,1457210,1450031
ULTA,-7.25,11.13056,-2.0497,354.5,363.73,351.55,369.21,365.1,360.75,356.27,371.46,583970,588832
NKE,-0.05,13.264539,-0.0568,89.46,89.7,91.53,91.22,92.28,91.0,90.08,89.73,5042925,5040609
SBUX,-0.55,11.357916,-0.7259,79.16,81.39,79.05,79.8,78.16,80.0,77.28,78.6,5529638,5625371
SNAP,0.31,-0.554458,2.9499,11.29,11.77,11.58,11.6,11.69,11.67,11.32,11.2,21882219,22302153
FIZZ,-1.16,8.6877,-2.0,57.13,58.17,56.61,57.59,58.29,59.83,57.99,58.14,305606,304484
