symbol,change,changeOverTime,changePercent,close,high,low,open,uClose,uHigh,uLow,uOpen,uVolume,volume
NFLX,10.59,264.421251,3.0355,359.46,364.47,352.72,355.0,359.46,364.47,352.72,355.0,18740232,18740232
DECK,-1.17,107.057143,-0.7675,151.28,154.64,150.99,152.42,151.28,154.64,150.99,152.42,458846,458846
AAPL,0.02,196.004153,0.01,199.25,201.37,198.56,199.46,199.25,201.37,198.56,199.46,25696385,25696385
VFC,2.12,9.031712,2.3246,93.32,93.6,91.03,91.2,93.32,93.6,91.03,91.2,5352232,5352232
DEO,-1.22,2.937455,-0.7455,162.42,163.22,162.25,162.98,162.42,163.22,162.25,162.98,245589,245589
LRLCF,-0.18,2.7078,-0.0686,268.81,274.0,268.81,271.25,268.81,274.0,268.81,271.25,478,478
TIF,1.36,3.304697,1.2846,107.23,107.68,106.0,106.15,107.23,107.68,106.0,106.15,919617,919617
LB,0.44,1.01018,1.744,25.67,25.69,25.08,25.31,25.67,25.69,25.08,25.31,4082403,4082403
TGT,-0.01,1.812007,-0.0122,81.97,82.46,81.65,82.39,81.97,82.46,81.65,82.39,2663624,2663624
UAA,-0.11,2.44664,-0.5021,21.8,21.99,21.68,21.97,21.8,21.99,21.68,21.97,3237702,3237702
PLNT,0.26,3.596875,0.3548,73.55,74.6,73.14,73.62,73.55,74.6,73.14,73.62,1397300,1397300
EL,2.74,10.514576,1.6397,169.84,170.0,167.36,168.01,169.84,170.0,167.36,168.01,1332849,1332849
LVMHF,3.41,6.5375,0.8776,391.95,391.95,389.2,389.5,391.95,391.95,389.2,389.5,1110,1110
LULU,-2.68,11.095,-1.558,169.33,173.32,168.73,173.0,169.33,173.32,168.73,173.0,1759699,1759699
COTY,-0.01,-0.355991,-0.0894,11.18,11.23,11.08,11.22,11.18,11.23,11.08,11.22,10133051,10133051
ETSY,0.08,1.209333,0.1208,66.28,67.37,66.04,66.69,66.28,67.37,66.04,66.69,1266963,1266963
ULTA,1.14,10.907445,0.3221,355.08,356.8,349.45,354.78,355.08,356.8,349.45,354.78,682236,682236
NKE,0.97,12.826772,1.1171,87.8,87.95,87.0,87.0,87.8,87.95,87.0,87.0,4652727,4652727
SBUX,-0.46,10.954205,-0.604,75.7,76.56,75.36,76.48,75.7,76.56,75.36,76.48,8336948,8336948
SNAP,-0.16,-0.522467,-1.3502,11.69,11.85,11.48,11.8,11.69,11.85,11.48,11.8,19741078,19741078
FIZZ,0.06,8.168843,0.1125,53.37,54.26,53.12,53.27,53.37,54.26,53.12,53.27,394711,394711
