symbol,change,changeOverTime,changePercent,close,high,low,open,uClose,uHigh,uLow,uOpen,uVolume,volume
NFLX,0,0,0,374.78,383.41,369.6,359.95,362.76,383.72,360.2,363.36,6472018,6463271
DECK,0,0,0,155.93,153.93,151.0,153.72,150.68,152.15,147.7,152.89,851004,841071
AAPL,0,0,0,183.07,191.65,190.75,186.71,182.79,194.64,184.15,192.82,31050154,29991352
VFC,0,0,0,90.9,91.44,86.21,89.0,92.0,94.83,89.15,87.39,4870302,4861292
DEO,0,0,0,169.38,174.1,173.55,168.43,169.56,174.82,170.91,169.32,328964,326226
LRLCF,0,0,0,278.19,278.66,274.16,274.76,282.69,280.24,283.33,285.71,104,100
TIF,0,0,0,98.98,102.15,99.0,98.32,99.24,99.83,100.86,99.03,1269207,1287215
LB,0,0,0,21.7,23.35,22.33,22.47,21.6,22.78,22.22,23.24,9033103,8761010
TGT,0,0,0,78.75,83.13,77.9,78.44,80.81,82.6,79.8,77.59,20977681,21339095
UAA,0,0,0,25.16,25.45,24.28,23.75,25.16,24.68,24.46,24.56,5059570,5192888
PLNT,0,0,0,79.02,79.62,76.32,78.8,78.24,78.17,76.84,79.6,1160106,1191878
EL,0,0,0,168.99,175.0,175.27,168.68,172.54,176.0,168.17,168.59,1160510,1169779
LVMHF,0,0,0,390.92,378.7,376.26,381.01,390.24,383.2,390.31,390.93,86,87
LULU,0,0,0,177.97,185.0,178.63,178.0,179.69,183.69,180.69,178.0,893293,880408
COTY,0,0,0,13.2,13.8,13.29,13.6,13.57,14.0,12.97,13.4,12301805,12268707
ETSY,0,0,0,66.04,68.45,66.0,66.03,66.88,67.81,65.0,67.18,1229694,1201514
ULTA,0,0,0,359.9,360.25,358.89,368.9,364.96,367.44,358.38,368.7,488558,487391
NKE,0,0,0,85.0,83.85,84.79,86.39,84.0,84.17,84.33,85.27,5463535,5415404
SBUX,0,0,0,79.99,80.86,79.72,77.3,80.88,80.53,79.06,79.8,5727602,5761506
SNAP,0,0,0,11.46,11.8,11.35,11.5,11.82,11.9,11.49,11.9,19784083,19465580
FIZZ,0,0,0,52.62,53.45,53.68,54.84,52.37,54.12,54.39,53.21,247772,251251
