symbol,change,changeOverTime,changePercent,close,high,low,open,uClose,uHigh,uLow,uOpen,uVolume,volume
NFLX,0,0,0,358.86,358.98,350.03,352.0,358.86,358.98,350.03,352.0,5387285,5387285
DECK,0,0,0,142.72,143.62,141.38,141.56,142.72,143.62,141.38,141.56,556008,556008
AAPL,0,0,0,178.9,179.12,175.35,175.49,178.9,179.12,175.35,175.49,32011034,32011034
VFC,0,0,0,85.12,85.34,84.31,84.37,85.12,85.34,84.31,84.37,1879672,1879672
DEO,0,0,0,160.29,160.39,158.97,159.06,160.29,160.39,158.97,159.06,492344,492344
LRLCF,0,0,0,254.05,0.0,0.0,0.0,254.05,0.0,0.0,0.0,0,0
TIF,0,0,0,96.28,96.46,94.33,94.42,96.28,96.46,94.33,94.42,956471,956471
LB,0,0,0,26.24,26.34,25.7,25.94,26.24,26.34,25.7,25.94,3798010,3798010
TGT,0,0,0,76.27,76.3,75.44,75.82,76.27,76.3,75.44,75.82,3435918,3435918
UAA,0,0,0,22.03,22.09,21.46,21.5,22.03,22.09,21.46,21.5,5665573,5665573
PLNT,0,0,0,65.73,65.74,64.47,64.5,65.73,65.74,64.47,64.5,1263368,1263368
EL,0,0,0,157.51,158.02,155.51,156.0,157.51,158.02,155.51,156.0,1852460,1852460
LVMHF,0,0,0,345.35,345.35,341.29,343.05,345.35,345.35,341.29,343.05,449,449
LULU,0,0,0,145.29,145.54,142.35,143.0,145.29,145.54,142.35,143.0,2086481,2086481
COTY,0,0,0,10.92,11.1,10.9,10.99,10.92,11.1,10.9,10.99,5618424,5618424
ETSY,0,0,0,70.66,71.28,67.74,67.79,70.66,71.28,67.74,67.79,3015321,3015321
ULTA,0,0,0,309.75,310.34,306.57,308.0,309.75,310.34,306.57,308.0,905969,905969
NKE,0,0,0,85.82,85.94,85.05,85.39,85.82,85.94,85.05,85.39,3999751,3999751
SBUX,0,0,0,69.68,70.01,69.14,69.38,69.68,70.01,69.14,69.38,11518329,11518329
SNAP,0,0,0,9.96,10.07,9.43,9.6,9.96,10.07,9.43,9.6,21696302,21696302
FIZZ,0,0,0,59.36,61.01,57.28,58.2,59.36,61.01,57.28,58.2,1229577,1229577
