symbol,change,changeOverTime,changePercent,close,high,low,open,uClose,uHigh,uLow,uOpen,uVolume,volume
NFLX,0.59,0.002047,0.2047,288.86,292.73,286.6,288.1,288.86,292.73,286.6,288.1,5010927,5010927
DECK,0.99,0.006611,0.6611,150.73,152.74,148.58,150.23,150.73,152.74,148.58,150.23,369914,369914
AAPL,-0.505,-0.002259,-0.2259,223.09,226.42,222.86,224.8,223.09,226.42,222.86,224.8,32226669,32226669
VFC,-0.47,-0.005175,-0.5175,90.35,91.28,89.75,91.0,90.35,91.28,89.75,91.0,1809939,1809939
DEO,0.78,0.004705,0.4705,166.57,167.22,165.56,165.72,166.57,167.22,165.56,165.72,245471,245471
LRLCF,4.41,0.01601,1.601,279.86,279.86,270.95,270.95,279.86,279.86,270.95,270.95,363,363
TIF,1.56,0.016412,1.6412,96.61,96.95,94.1,95.22,96.61,96.95,94.1,95.22,1792550,1792550
LB,0.36,0.019303,1.9303,19.01,19.17,18.07,18.55,19.01,19.17,18.07,18.55,8188281,8188281
TGT,-0.03,-0.000275,-0.0275,108.94,109.72,108.55,109.43,108.94,109.72,108.55,109.43,3185698,3185698
UAA,0.26,0.012172,1.2172,21.62,21.76,21.29,21.42,21.62,21.76,21.29,21.42,5915355,5915355
PLNT,0.41,0.006424,0.6424,64.23,64.94,63.08,64.0,64.23,64.94,63.08,64.0,993650,993650
EL,-0.05,-0.000253,-0.0253,197.22,200.98,197.02,199.9,197.22,200.98,197.02,199.9,1439430,1439430
LVMHF,1.27,0.003038,0.3038,419.35,420.81,417.39,417.85,419.35,420.81,417.39,417.85,706,706
LULU,2.32,0.011812,1.1812,198.73,201.55,196.88,198.17,198.73,201.55,196.88,198.17,2322489,2322489
COTY,-0.16,-0.014898,-1.4898,10.58,10.8,10.51,10.8,10.58,10.8,10.51,10.8,3349433,3349433
ETSY,2.21,0.041959,4.1959,54.88,55.92,53.16,53.24,54.88,55.92,53.16,53.24,3851528,3851528
ULTA,-1.99,-0.008722,-0.8722,226.16,229.36,225.12,229.06,226.16,229.36,225.12,229.06,1872456,1872456
NKE,0.92,0.010605,1.0605,87.67,88.07,86.22,87.1,87.67,88.07,86.22,87.1,4057450,4057450
SBUX,1.08,0.011871,1.1871,92.06,93.32,91.77,92.16,92.06,93.32,91.77,92.16,6862165,6862165
SNAP,0.46,0.030046,3.0046,15.77,15.94,15.2,15.25,15.77,15.94,15.2,15.25,17944494,17944494
FIZZ,0.19,0.004053,0.4053,47.07,48.13,46.44,46.88,47.07,48.13,46.44,46.88,648878,648878
