symbol,change,changeOverTime,changePercent,close,high,low,open,uClose,uHigh,uLow,uOpen,uVolume,volume
NFLX,0.23,0.000848,0.0848,271.5,274.02,268.8,271.81,271.5,274.02,268.8,271.81,4911033,4911033
DECK,1.73,0.011213,1.1213,156.02,156.02,153.04,155.31,156.02,156.02,153.04,155.31,525604,525604
AAPL,0.4,0.001645,0.1645,243.58,244.8,241.81,244.51,243.58,244.8,241.81,244.51,17916255,17916255
VFC,-0.67,-0.007323,-0.7323,90.82,91.98,89.76,91.98,90.82,91.98,89.76,91.98,1860510,1860510
DEO,0.72,0.004471,0.4471,161.75,162.23,161.17,161.5,161.75,162.23,161.17,161.5,249472,249472
LRLCF,2.4,0.009096,0.9096,266.25,268.4,266.25,268.4,266.25,268.4,266.25,268.4,138,138
TIF,5.24,0.056692,5.6692,97.67,98.12,92.84,92.84,97.67,98.12,92.84,92.84,3571098,3571098
LB,-0.09,-0.005105,-0.5105,17.54,17.74,17.05,17.64,17.54,17.74,17.05,17.64,3748184,3748184
TGT,-1.11,-0.009968,-0.9968,110.25,112.0,110.02,111.83,110.25,112.0,110.02,111.83,4123113,4123113
UAA,0.04,0.001921,0.1921,20.86,20.92,20.37,20.86,20.86,20.92,20.37,20.86,2810325,2810325
PLNT,0.99,0.016467,1.6467,61.11,61.35,60.07,60.45,61.11,61.35,60.07,60.45,550060,550060
EL,1.67,0.008983,0.8983,187.57,188.86,186.3,187.16,187.57,188.86,186.3,187.16,1464816,1464816
LVMHF,-3.72,-0.008857,-0.8857,416.28,424.5,416.28,416.61,416.28,424.5,416.28,416.61,282,282
LULU,1.38,0.006717,0.6717,206.84,206.88,204.91,205.22,206.84,206.88,204.91,205.22,838362,838362
COTY,-0.12,-0.010084,-1.0084,11.78,11.9,11.66,11.9,11.78,11.9,11.66,11.9,2768402,2768402
ETSY,1.11,0.019597,1.9597,57.75,58.33,55.8,56.97,57.75,58.33,55.8,56.97,4207262,4207262
ULTA,1.06,0.004456,0.4456,238.93,240.85,236.27,237.77,238.93,240.85,236.27,237.77,889662,889662
NKE,-0.82,-0.008882,-0.8882,91.5,92.87,90.99,92.68,91.5,92.87,90.99,92.68,12134859,12134859
SBUX,0.44,0.005318,0.5318,83.18,83.53,82.66,82.8,83.18,83.53,82.66,82.8,4632619,4632619
SNAP,0.34,0.025797,2.5797,13.52,13.65,12.71,13.18,13.52,13.65,12.71,13.18,54563108,54563108
FIZZ,-0.135,-0.002707,-0.2707,49.74,50.19,48.58,49.8,49.74,50.19,48.58,49.8,306302,306302
