symbol,change,changeOverTime,changePercent,close,high,low,open,uClose,uHigh,uLow,uOpen,uVolume,volume
NFLX,0.79,281.320882,0.2089,385.89,370.08,375.63,374.94,379.86,381.5,373.54,374.14,5207578,5261814
DECK,-3.62,101.970763,-2.5651,150.02,154.57,144.8,154.31,147.58,151.88,145.2,152.6,607203,595521
AAPL,2.86,193.441878,1.4686,200.6,199.58,192.8,194.05,200.82,196.82,197.45,196.14,22789418,23006540
VFC,-0.55,8.34757,-0.6224,89.82,88.06,90.3,88.93,87.07,88.73,89.2,90.19,1744231,1773093
DEO,0.56,3.091702,0.3257,168.1,165.28,169.06,165.11,172.1,167.73,170.86,164.29,250158,247680
LRLCF,2.6,2.854218,0.9541,279.2,278.1,276.8,274.9,277.3,283.5,279.3,279.2,1374,1374
TIF,0.4,3.3802,0.388,108.85,109.12,108.8,106.89,111.09,109.75,108.3,111.18,2397832,2389778
LB,-0.2,1.141441,-0.7262,28.35,27.55,28.19,28.16,27.2,28.58,27.77,28.01,5280155,5470517
TGT,-0.52,1.76106,-0.6657,80.89,81.79,82.57,81.6,82.91,84.24,81.2,83.2,3007005,2976744
UAA,0.24,2.461835,1.1,22.01,22.43,21.86,21.54,22.37,21.8,21.94,22.06,3981778,3960276
PLNT,0.85,3.48122,1.274,70.62,72.21,69.75,72.5,72.02,73.41,70.22,73.02,1534926,1538763
EL,-1.57,10.307269,-0.9755,165.6,165.9,164.98,168.38,164.58,166.8,164.34,165.86,837646,820848
LVMHF,-3.61,6.355485,-0.956,384.06,379.58,375.87,389.35,384.88,381.68,387.7,388.97,363,355
LULU,-0.05,11.32501,-0.0304,166.7,173.9,164.34,166.38,170.32,174.3,165.29,169.63,2231133,2258029
COTY,-0.03,-0.358733,-0.273,11.58,11.71,11.31,11.68,11.46,11.37,11.44,11.41,15056194,14700580
ETSY,1.63,1.359828,2.3999,69.98,73.66,68.47,70.2,72.02,71.6,69.94,68.5,3714914,3662436
ULTA,-5.43,10.901272,-1.5199,360.1,365.25,359.67,369.87,358.9,354.18,363.43,364.81,532890,535234
NKE,-0.9,12.530307,-1.041,84.46,89.17,85.44,85.0,85.58,86.01,88.31,87.0,4483929,4606420
SBUX,0.32,11.060692,0.4304,77.69,77.72,77.05,74.17,75.32,77.05,75.73,77.46,5584231,5682436
SNAP,-0.15,-0.568151,-1.2436,11.68,11.5,11.14,11.0,11.58,11.7,11.18,11.0,20819936,21431123
FIZZ,0.02,9.188924,0.0353,59.5,61.43,59.38,58.7,60.4,60.25,57.39,59.16,232520,231642
