symbol,change,changeOverTime,changePercent,close,high,low,open,uClose,uHigh,uLow,uOpen,uVolume,volume
NFLX,-16.86,-0.044619,-4.4619,361.01,376.43,360.04,375.95,361.01,376.43,360.04,375.95,8661346,8661346
DECK,-5.7,-0.038985,-3.8985,140.51,146.09,139.9,144.96,140.51,146.09,139.9,144.96,382578,382578
AAPL,-4.04,-0.020708,-2.0708,191.05,197.69,190.78,195.34,191.05,197.69,190.78,195.34,42407666,42407666
VFC,-2.12,-0.024697,-2.4697,83.72,85.43,83.71,85.17,83.72,85.43,83.71,85.17,1464147,1464147
DEO,-1.03,-0.006287,-0.6287,162.79,163.8,162.14,162.95,162.79,163.8,162.14,162.95,385530,385530
LRLCF,-3.05,-0.011338,-1.1338,265.95,265.95,265.36,265.36,265.95,265.95,265.36,265.36,1231,1231
TIF,3.15,0.031481,3.1481,103.21,104.2,97.3,97.84,103.21,104.2,97.3,97.84,6379844,6379844
LB,-1.22,-0.043743,-4.3743,26.67,27.85,26.57,27.8,26.67,27.85,26.57,27.8,3854480,3854480
TGT,-1.17,-0.014719,-1.4719,78.32,79.59,78.25,79.15,78.32,79.59,78.25,79.15,3174534,3174534
UAA,-0.98,-0.045161,-4.5161,20.72,21.62,20.7,21.5,20.72,21.62,20.7,21.5,3686029,3686029
PLNT,-0.88,-0.013008,-1.3008,66.77,67.74,66.47,67.58,66.77,67.74,66.47,67.58,1140039,1140039
EL,-2.29,-0.014154,-1.4154,159.5,162.53,159.46,161.39,159.5,162.53,159.46,161.39,1033849,1033849
LVMHF,-7.85,-0.021631,-2.1631,355.05,356.55,352.65,356.55,355.05,356.55,352.65,356.55,954,954
LULU,-5.7,-0.038278,-3.8278,143.21,147.63,142.24,145.73,143.21,147.63,142.24,145.73,2644573,2644573
COTY,-0.06,-0.005319,-0.5319,11.22,11.37,11.2,11.28,11.22,11.37,11.2,11.28,22547635,22547635
ETSY,-3.42,-0.049251,-4.9251,66.02,69.25,65.57,68.97,66.02,69.25,65.57,68.97,2262168,2262168
ULTA,-4.61,-0.013756,-1.3756,330.52,336.07,328.63,334.18,330.52,336.07,328.63,334.18,695030,695030
NKE,-5.82,-0.066129,-6.6129,82.19,85.9,82.15,85.2,82.19,85.9,82.15,85.2,21659776,21659776
SBUX,-0.3,-0.004152,-0.4152,71.96,72.41,71.69,72.05,71.96,72.41,71.69,72.05,8022788,8022788
SNAP,-0.28,-0.025431,-2.5431,10.73,11.47,10.68,11.0,10.73,11.47,10.68,11.0,26372674,26372674
FIZZ,-0.44,-0.007702,-0.7702,56.69,57.5,56.37,56.96,56.69,57.5,56.37,56.96,212477,212477
