symbol,change,changeOverTime,changePercent,close,high,low,open,uClose,uHigh,uLow,uOpen,uVolume,volume
NFLX,-1.55,-0.00575,-0.575,268.03,269.35,262.19,263.61,268.03,269.35,262.19,263.61,7773299,7773299
DECK,-2.21,-0.015093,-1.5093,144.22,145.57,141.18,144.81,144.22,145.57,141.18,144.81,552567,552567
AAPL,-5.63,-0.025068,-2.5068,218.96,223.58,217.93,223.06,218.96,223.58,217.93,223.06,35767257,35767257
VFC,-2.3,-0.02584,-2.584,86.71,88.45,86.67,88.37,86.71,88.45,86.67,88.37,2829201,2829201
DEO,-5.12,-0.031334,-3.1334,158.28,160.03,157.81,159.52,158.28,160.03,157.81,159.52,478775,478775
LRLCF,-10.65,-0.038925,-3.8925,262.95,267.35,262.5,267.35,262.95,267.35,262.5,267.35,551,551
TIF,-2.28,-0.025088,-2.5088,88.6,89.5,87.46,88.67,88.6,89.5,87.46,88.67,2053932,2053932
LB,-0.94,-0.04924,-4.924,18.15,18.78,17.9,18.78,18.15,18.78,17.9,18.78,4921811,4921811
TGT,-0.78,-0.007363,-0.7363,105.16,105.96,104.01,104.9,105.16,105.96,104.01,104.9,5825614,5825614
UAA,-0.48,-0.024328,-2.4328,19.25,19.64,18.99,19.5,19.25,19.64,18.99,19.5,3106024,3106024
PLNT,-1.12,-0.0191,-1.91,57.52,58.37,56.44,58.37,57.52,58.37,56.44,58.37,769230,769230
EL,-5.22,-0.026464,-2.6464,192.03,196.0,191.32,195.4,192.03,196.0,191.32,195.4,1477228,1477228
LVMHF,-13.65,-0.03483,-3.483,378.25,382.55,376.5,382.55,378.25,382.55,376.5,382.55,744,744
LULU,-3.56,-0.018475,-1.8475,189.13,191.75,187.12,190.92,189.13,191.75,187.12,190.92,1353644,1353644
COTY,-0.55,-0.051887,-5.1887,10.05,10.51,10.03,10.51,10.05,10.51,10.03,10.51,3154128,3154128
ETSY,-1.39,-0.025136,-2.5136,53.91,54.67,52.85,54.58,53.91,54.67,52.85,54.58,3085455,3085455
ULTA,-3.2,-0.012031,-1.2031,262.79,264.0,256.89,263.31,262.79,264.0,256.89,263.31,2495100,2495100
NKE,-0.79,-0.008561,-0.8561,91.49,91.84,90.57,91.47,91.49,91.84,90.57,91.47,6974361,6974361
SBUX,-2.19,-0.025315,-2.5315,84.32,86.01,84.16,85.95,84.32,86.01,84.16,85.95,10036455,10036455
SNAP,-0.72,-0.046392,-4.6392,14.8,15.34,14.71,15.28,14.8,15.34,14.71,15.28,33225226,33225226
FIZZ,0.1,0.002171,0.2171,46.16,46.48,45.05,45.71,46.16,46.48,45.05,45.71,489117,489117
