symbol,change,changeOverTime,changePercent,close,high,low,open,uClose,uHigh,uLow,uOpen,uVolume,volume
NFLX,-4.83,-0.017839,-1.7839,265.92,273.39,261.89,268.35,265.92,273.39,261.89,268.35,13610294,13610294
DECK,-0.37,-0.002716,-0.2716,135.88,139.23,135.74,136.87,135.88,139.23,135.74,136.87,461241,461241
AAPL,0.99,0.004547,0.4547,218.72,219.84,217.65,218.95,218.72,219.84,217.65,218.95,19419648,19419648
VFC,1.93,0.022528,2.2528,87.6,87.8,85.41,85.41,87.6,87.8,85.41,85.41,1228595,1228595
DEO,0.57,0.003531,0.3531,161.98,162.34,161.6,162.05,161.98,162.34,161.6,162.05,322743,322743
LRLCF,-1.57,-0.005724,-0.5724,272.9,272.9,272.7,272.7,272.9,272.9,272.7,272.7,135,135
TIF,0.48,0.005257,0.5257,91.78,92.34,90.26,90.53,91.78,92.34,90.26,90.53,931620,931620
LB,-0.35,-0.018548,-1.8548,18.52,18.88,18.42,18.64,18.52,18.88,18.42,18.64,4609404,4609404
TGT,2.11,0.019781,1.9781,108.78,110.41,107.21,107.42,108.78,110.41,107.21,107.42,5624547,5624547
UAA,0.12,0.006104,0.6104,19.78,20.14,19.62,19.64,19.78,20.14,19.62,19.64,3043384,3043384
PLNT,1.26,0.020882,2.0882,61.6,61.83,60.04,60.34,61.6,61.83,60.04,60.34,1182921,1182921
EL,1.09,0.00568,0.568,193.0,194.69,191.55,192.66,193.0,194.69,191.55,192.66,984102,984102
LVMHF,-3.0,-0.00737,-0.737,404.06,404.06,400.75,401.0,404.06,404.06,400.75,401.0,283,283
LULU,5.88,0.031062,3.1062,195.18,195.87,190.7,190.7,195.18,195.87,190.7,190.7,2375205,2375205
COTY,0.18,0.017699,1.7699,10.35,10.36,10.0,10.1,10.35,10.36,10.0,10.1,2714442,2714442
ETSY,0.13,0.002152,0.2152,60.54,61.54,60.15,60.44,60.54,61.54,60.15,60.44,3655329,3655329
ULTA,8.56,0.037421,3.7421,237.31,239.92,229.27,229.55,237.31,239.92,229.27,229.55,2382930,2382930
NKE,1.01,0.011652,1.1652,87.69,88.02,86.8,86.98,87.69,88.02,86.8,86.98,4871541,4871541
SBUX,0.74,0.008216,0.8216,90.81,91.16,89.93,90.32,90.81,91.16,89.93,90.32,4943643,4943643
SNAP,0.08,0.004695,0.4695,17.12,17.32,16.94,17.05,17.12,17.32,16.94,17.05,24325717,24325717
FIZZ,-0.59,-0.013099,-1.3099,44.45,45.87,43.23,44.77,44.45,45.87,43.23,44.77,299052,299052
