symbol,change,changeOverTime,changePercent,close,high,low,open,uClose,uHigh,uLow,uOpen,uVolume,volume
NFLX,1.67,0.006122,0.6122,274.46,276.68,271.28,271.99,274.46,276.68,271.28,271.99,6796811,6796811
DECK,-2.47,-0.016874,-1.6874,143.91,146.53,142.77,145.56,143.91,146.53,142.77,145.56,466144,466144
AAPL,0.05,0.00022,0.022,227.06,229.93,225.84,226.27,227.06,229.93,225.84,226.27,30889269,30889269
VFC,-0.39,-0.004397,-0.4397,88.3,89.06,87.8,88.3,88.3,89.06,87.8,88.3,1167667,1167667
DEO,0.53,0.003245,0.3245,163.85,165.01,163.34,163.58,163.85,165.01,163.34,163.58,558763,558763
LRLCF,0.3,0.001116,0.1116,269.05,269.05,269.05,269.05,269.05,269.05,269.05,269.05,40,40
TIF,0.96,0.010902,1.0902,89.02,90.21,87.66,88.31,89.02,90.21,87.66,88.31,1837325,1837325
LB,0.01,0.000542,0.0542,18.47,18.78,18.37,18.5,18.47,18.78,18.37,18.5,3769977,3769977
TGT,-1.15,-0.010541,-1.0541,107.95,108.85,107.14,108.66,107.95,108.85,107.14,108.66,3871563,3871563
UAA,-0.21,-0.010875,-1.0875,19.1,19.46,19.1,19.17,19.1,19.46,19.1,19.17,3274910,3274910
PLNT,-0.74,-0.012767,-1.2767,57.22,58.45,57.21,57.77,57.22,58.45,57.21,57.77,1199855,1199855
EL,-2.92,-0.014737,-1.4737,195.22,198.96,195.05,197.9,195.22,198.96,195.05,197.9,1849094,1849094
LVMHF,7.15,0.0187,1.87,389.5,389.5,386.75,386.75,389.5,389.5,386.75,386.75,57,57
LULU,-1.46,-0.00756,-0.756,191.66,193.4,190.81,191.92,191.66,193.4,190.81,191.92,1168224,1168224
COTY,0.01,0.000968,0.0968,10.34,10.53,10.31,10.33,10.34,10.53,10.31,10.33,2184609,2184609
ETSY,-0.56,-0.009915,-0.9915,55.92,56.7,55.33,55.84,55.92,56.7,55.33,55.84,2754949,2754949
ULTA,-7.85,-0.031325,-3.1325,242.75,250.98,242.32,250.25,242.75,250.98,242.32,250.25,2308657,2308657
NKE,0.1,0.001074,0.1074,93.17,93.92,92.4,92.5,93.17,93.92,92.4,92.5,4987534,4987534
SBUX,-0.07,-0.000815,-0.0815,85.85,86.16,85.49,85.71,85.85,86.16,85.49,85.71,4445596,4445596
SNAP,-0.05,-0.003444,-0.3444,14.47,14.68,14.34,14.47,14.47,14.68,14.34,14.47,21590975,21590975
FIZZ,-1.66,-0.034009,-3.4009,47.15,49.3,46.32,48.75,47.15,49.3,46.32,48.75,561725,561725
