symbol,change,changeOverTime,changePercent,close,high,low,open,uClose,uHigh,uLow,uOpen,uVolume,volume
NFLX,-11.33,-0.042607,-4.2607,254.59,265.0,252.28,262.5,254.59,265.0,252.28,262.5,16392808,16392808
DECK,-2.86,-0.021048,-2.1048,133.02,136.24,130.19,135.85,133.02,136.24,130.19,135.85,685352,685352
AAPL,-1.04,-0.004755,-0.4755,217.68,222.49,217.19,221.03,217.68,222.49,217.19,221.03,31434367,31434367
VFC,-1.16,-0.013242,-1.3242,86.44,88.05,85.75,88.01,86.44,88.05,85.75,88.01,1882768,1882768
DEO,0.29,0.00179,0.179,162.27,162.83,161.91,161.95,162.27,162.83,161.91,161.95,278867,278867
LRLCF,3.0,0.010993,1.0993,275.9,276.05,271.3,274.45,275.9,276.05,271.3,274.45,91,91
TIF,-0.94,-0.010242,-1.0242,90.84,92.6,90.07,92.53,90.84,92.6,90.07,92.53,798364,798364
LB,-0.09,-0.00486,-0.486,18.43,18.74,18.1,18.69,18.43,18.74,18.1,18.69,3403662,3403662
TGT,-1.33,-0.012227,-1.2227,107.45,110.2,107.08,110.2,107.45,110.2,107.08,110.2,5414587,5414587
UAA,-0.38,-0.019211,-1.9211,19.4,19.89,19.21,19.89,19.4,19.89,19.21,19.89,2546487,2546487
PLNT,0.1,0.001623,0.1623,61.7,63.11,61.48,62.03,61.7,63.11,61.48,62.03,1190879,1190879
EL,2.0,0.010363,1.0363,195.0,198.58,194.31,195.4,195.0,198.58,194.31,195.4,1670237,1670237
LVMHF,0.07,0.000173,0.0173,404.13,407.85,404.13,407.85,404.13,407.85,404.13,407.85,39,39
LULU,-1.33,-0.006814,-0.6814,193.85,196.79,190.74,196.45,193.85,196.79,190.74,196.45,2033872,2033872
COTY,0.07,0.006763,0.6763,10.42,10.5,10.32,10.39,10.42,10.5,10.32,10.39,2740884,2740884
ETSY,-3.64,-0.060126,-6.0126,56.9,61.22,56.69,60.38,56.9,61.22,56.69,60.38,4268592,4268592
ULTA,2.17,0.009144,0.9144,239.48,241.3,235.29,237.89,239.48,241.3,235.29,237.89,2325962,2325962
NKE,-0.51,-0.005816,-0.5816,87.18,88.69,86.76,88.45,87.18,88.69,86.76,88.45,11247826,11247826
SBUX,-0.89,-0.009801,-0.9801,89.92,91.77,89.51,91.6,89.92,91.77,89.51,91.6,5688165,5688165
SNAP,-0.08,-0.004673,-0.4673,17.04,18.17,16.82,17.7,17.04,18.17,16.82,17.7,49417912,49417912
FIZZ,-0.92,-0.020697,-2.0697,43.53,45.02,43.27,44.67,43.53,45.02,43.27,44.67,291925,291925
