symbol,change,changeOverTime,changePercent,close,high,low,open,uClose,uHigh,uLow,uOpen,uVolume,volume
NFLX,0.28,0.000972,0.0972,288.27,292.65,284.61,285.7,288.27,292.65,284.61,285.7,7405949,7405949
DECK,-1.64,-0.010834,-1.0834,149.74,151.41,148.09,151.34,149.74,151.41,148.09,151.34,383128,383128
AAPL,6.89,0.031795,3.1795,223.59,223.71,217.73,218.07,223.59,223.71,217.73,218.07,44289646,44289646
VFC,1.0,0.011133,1.1133,90.82,90.95,88.03,90.0,90.82,90.95,88.03,90.0,2179679,2179679
DEO,1.3,0.007903,0.7903,165.79,166.38,164.53,164.6,165.79,166.38,164.53,164.6,327482,327482
LRLCF,0.45,0.001636,0.1636,275.45,275.45,272.45,272.45,275.45,275.45,272.45,272.45,53,53
TIF,1.04,0.011063,1.1063,95.05,95.09,91.81,94.24,95.05,95.09,91.81,94.24,1916899,1916899
LB,0.1,0.005391,0.5391,18.65,18.87,17.77,18.65,18.65,18.87,17.77,18.65,6219110,6219110
TGT,0.14,0.001286,0.1286,108.97,109.51,107.89,108.7,108.97,109.51,107.89,108.7,3704747,3704747
UAA,0.61,0.029398,2.9398,21.36,21.44,20.3,20.75,21.36,21.44,20.3,20.75,5717864,5717864
PLNT,-0.52,-0.008082,-0.8082,63.82,65.49,63.44,64.54,63.82,65.49,63.44,64.54,950522,950522
EL,-2.19,-0.01098,-1.098,197.27,199.99,197.1,198.48,197.27,199.99,197.1,198.48,1334183,1334183
LVMHF,7.47,0.018192,1.8192,418.08,418.08,411.9,414.15,418.08,418.08,411.9,414.15,612,612
LULU,3.15,0.016299,1.6299,196.41,198.78,192.0,193.02,196.41,198.78,192.0,193.02,2173622,2173622
COTY,0.16,0.015123,1.5123,10.74,10.75,10.35,10.55,10.74,10.75,10.35,10.55,4523886,4523886
ETSY,2.14,0.042351,4.2351,52.67,52.75,49.72,50.44,52.67,52.75,49.72,50.44,3784654,3784654
ULTA,-3.27,-0.01413,-1.413,228.15,233.88,227.26,231.68,228.15,233.88,227.26,231.68,1496657,1496657
NKE,-0.08,-0.000921,-0.0921,86.75,87.25,85.87,86.96,86.75,87.25,85.87,86.96,4623276,4623276
SBUX,0.63,0.006973,0.6973,90.98,91.45,89.61,90.18,90.98,91.45,89.61,90.18,8406555,8406555
SNAP,0.29,0.019308,1.9308,15.31,15.39,14.83,15.28,15.31,15.39,14.83,15.28,17825052,17825052
FIZZ,1.33,0.029199,2.9199,46.88,46.91,44.51,45.29,46.88,46.91,44.51,45.29,537036,537036
