symbol,change,changeOverTime,changePercent,close,high,low,open,uClose,uHigh,uLow,uOpen,uVolume,volume
NFLX,4.54,0.017257,1.7257,267.62,268.88,262.78,264.0,267.62,268.88,262.78,264.0,6823100,6823100
DECK,4.23,0.029554,2.9554,147.36,149.13,143.44,143.44,147.36,149.13,143.44,143.44,931246,931246
AAPL,5.15,0.023535,2.3535,223.97,224.58,220.79,220.9,223.97,224.58,220.79,220.9,26318583,26318583
VFC,0.2,0.002253,0.2253,88.99,89.36,88.65,88.96,88.99,89.36,88.65,88.96,1543751,1543751
DEO,0.95,0.005844,0.5844,163.52,165.11,163.44,164.0,163.52,165.11,163.44,164.0,309835,309835
LRLCF,5.85,0.021196,2.1196,281.85,281.85,275.35,275.35,281.85,281.85,275.35,275.35,184,184
TIF,0.75,0.008163,0.8163,92.63,93.59,92.0,92.33,92.63,93.59,92.0,92.33,1095432,1095432
LB,0.65,0.034319,3.4319,19.59,19.65,19.04,19.04,19.59,19.65,19.04,19.04,3817507,3817507
TGT,0.79,0.007444,0.7444,106.91,107.39,106.42,106.67,106.91,107.39,106.42,106.67,3653098,3653098
UAA,0.37,0.018906,1.8906,19.94,20.05,19.57,19.64,19.94,20.05,19.57,19.64,3016062,3016062
PLNT,0.43,0.007486,0.7486,57.87,58.24,56.69,57.48,57.87,58.24,56.69,57.48,2011773,2011773
EL,2.62,0.013345,1.3345,198.95,199.51,195.56,195.56,198.95,199.51,195.56,195.56,1342046,1342046
LVMHF,3.43,0.00868,0.868,398.59,398.59,391.7,391.7,398.59,398.59,391.7,391.7,92,92
LULU,2.81,0.014811,1.4811,192.53,193.41,190.05,190.32,192.53,193.41,190.05,190.32,1235825,1235825
COTY,-0.02,-0.001899,-0.1899,10.51,10.67,10.36,10.4,10.51,10.67,10.36,10.4,3371317,3371317
ETSY,1.69,0.030834,3.0834,56.5,56.58,54.85,54.98,56.5,56.58,54.85,54.98,2516594,2516594
ULTA,6.25,0.025573,2.5573,250.65,251.76,245.0,245.58,250.65,251.76,245.0,245.58,2335643,2335643
NKE,1.61,0.017441,1.7441,93.92,94.08,92.5,92.53,93.92,94.08,92.5,92.53,7659423,7659423
SBUX,0.05,0.000566,0.0566,88.42,88.56,87.61,88.41,88.42,88.56,87.61,88.41,6650433,6650433
SNAP,-0.22,-0.013733,-1.3733,15.8,16.02,15.4,16.0,15.8,16.02,15.4,16.0,20773177,20773177
FIZZ,0.8,0.018365,1.8365,44.36,44.65,43.51,43.65,44.36,44.65,43.51,43.65,260163,260163
