symbol,change,changeOverTime,changePercent,close,high,low,open,uClose,uHigh,uLow,uOpen,uVolume,volume
NFLX,-3.06,-0.009697,-0.9697,312.49,316.5,311.69,315.0,312.49,316.5,311.69,315.0,5328348,5328348
DECK,3.06,0.0186,1.86,167.58,168.18,165.23,167.5,167.58,168.18,165.23,167.5,530700,530700
AAPL,-2.08,-0.007809,-0.7809,264.29,267.16,262.5,266.94,264.29,267.16,262.5,266.94,26334882,26334882
VFC,1.1,0.012709,1.2709,87.65,87.86,85.73,86.28,87.65,87.86,85.73,86.28,3464485,3464485
DEO,1.27,0.007815,0.7815,163.78,164.49,163.32,163.93,163.78,164.49,163.32,163.93,434655,434655
LRLCF,1.57,0.005592,0.5592,282.32,284.85,281.65,281.65,282.32,284.85,281.65,281.65,365,365
TIF,-0.03,-0.000225,-0.0225,133.22,133.44,133.1,133.44,133.22,133.44,133.1,133.44,7833200,7833200
LB,-0.09,-0.004695,-0.4695,19.08,19.46,18.66,19.03,19.08,19.46,18.66,19.03,18846730,18846730
TGT,1.7,0.013579,1.3579,126.89,127.84,125.0,125.26,126.89,127.84,125.0,125.26,7582283,7582283
UAA,0.63,0.03629,3.629,17.99,18.04,17.27,17.38,17.99,18.04,17.27,17.38,6231712,6231712
PLNT,1.1,0.015023,1.5023,74.32,74.5,73.31,73.44,74.32,74.5,73.31,73.44,1063255,1063255
EL,0.72,0.003698,0.3698,195.42,196.45,193.9,195.43,195.42,196.45,193.9,195.43,1761579,1761579
LVMHF,3.45,0.007701,0.7701,451.45,453.0,448.2,450.0,451.45,453.0,448.2,450.0,1910,1910
LULU,0.68,0.003061,0.3061,222.84,225.01,220.25,223.26,222.84,225.01,220.25,223.26,1522024,1522024
COTY,0.06,0.005226,0.5226,11.54,11.86,11.48,11.54,11.54,11.86,11.48,11.54,5593459,5593459
ETSY,0.61,0.014262,1.4262,43.38,44.27,43.0,43.0,43.38,44.27,43.0,43.0,3565375,3565375
ULTA,4.76,0.020587,2.0587,235.97,236.85,231.13,231.13,235.97,236.85,231.13,231.13,1555605,1555605
NKE,0.43,0.004629,0.4629,93.33,93.63,93.02,93.38,93.33,93.63,93.02,93.38,5908540,5908540
SBUX,0.81,0.009672,0.9672,84.56,84.65,84.0,84.13,84.56,84.65,84.0,84.13,7652316,7652316
SNAP,-0.04,-0.002581,-0.2581,15.46,15.55,15.16,15.46,15.46,15.55,15.16,15.46,20548404,20548404
FIZZ,2.68,0.058147,5.8147,48.77,49.09,45.89,46.36,48.77,49.09,45.89,46.36,640917,640917
