symbol,change,changeOverTime,changePercent,close,high,low,open,uClose,uHigh,uLow,uOpen,uVolume,volume
NFLX,0,0,0,310.62,314.54,305.81,312.0,310.62,314.54,305.81,312.0,17725334,17725334
DECK,0,0,0,175.54,177.65,174.23,175.32,175.54,177.65,174.23,175.32,485661,485661
AAPL,0,0,0,207.22,207.23,203.61,203.65,207.22,207.23,203.61,203.65,22277932,22277932
VFC,0,0,0,86.84,88.0,86.83,87.97,86.84,88.0,86.83,87.97,1388584,1388584
DEO,0,0,0,169.77,170.13,168.81,169.24,169.77,170.13,168.81,169.24,515766,515766
LRLCF,0,0,0,280.0,281.85,280.0,281.85,280.0,281.85,280.0,281.85,1652,1652
TIF,0,0,0,91.73,93.01,90.74,92.68,91.73,93.01,90.74,92.68,1359171,1359171
LB,0,0,0,25.1,26.09,24.92,25.87,25.1,26.09,24.92,25.87,3138181,3138181
TGT,0,0,0,87.22,88.64,86.88,88.25,87.22,88.64,86.88,88.25,2850151,2850151
UAA,0,0,0,26.64,27.22,26.62,27.1,26.64,27.22,26.62,27.1,2712582,2712582
PLNT,0,0,0,74.84,75.67,74.04,74.26,74.84,75.67,74.04,74.26,1523836,1523836
EL,0,0,0,188.64,191.78,188.31,191.25,188.64,191.78,188.31,191.25,949785,949785
LVMHF,0,0,0,431.94,431.95,429.15,431.25,431.94,431.95,429.15,431.25,1559,1559
LULU,0,0,0,187.75,189.66,186.08,189.46,187.75,189.66,186.08,189.46,970187,970187
COTY,0,0,0,10.96,11.3,10.92,11.1,10.96,11.3,10.92,11.1,3705659,3705659
ETSY,0,0,0,68.53,68.62,65.81,66.38,68.53,68.62,65.81,66.38,2115986,2115986
ULTA,0,0,0,352.95,359.8,351.09,357.79,352.95,359.8,351.09,357.79,550264,550264
NKE,0,0,0,85.97,86.99,85.83,86.56,85.97,86.99,85.83,86.56,6810325,6810325
SBUX,0,0,0,90.92,91.18,90.05,90.52,90.92,91.18,90.05,90.52,5636657,5636657
SNAP,0,0,0,14.15,14.47,13.98,14.02,14.15,14.47,13.98,14.02,26770029,26770029
FIZZ,0,0,0,41.25,42.07,40.62,42.03,41.25,42.07,40.62,42.03,348706,348706
