symbol,change,changeOverTime,changePercent,close,high,low,open,uClose,uHigh,uLow,uOpen,uVolume,volume
NFLX,0,0,0,357.49,376.1,352.31,368.36,363.53,370.9,360.78,366.03,8056312,7841614
DECK,0,0,0,167.12,171.33,163.9,166.7,168.98,172.81,166.3,163.1,464000,466972
AAPL,0,0,0,197.49,200.76,197.89,194.44,195.37,195.46,200.72,197.38,26939475,27143757
VFC,0,0,0,88.54,87.78,86.61,89.02,87.88,87.6,88.54,87.2,1302672,1341797
DEO,0,0,0,177.93,177.45,176.7,174.6,173.16,177.04,178.05,174.3,202464,209696
LRLCF,0,0,0,288.2,0.0,0.0,290.46,278.4,0.0,0.0,281.39,375,371
TIF,0,0,0,94.96,95.8,93.06,92.7,92.78,95.57,93.07,93.73,1272879,1258349
LB,0,0,0,21.95,23.39,21.54,22.95,21.86,23.88,22.01,23.32,7559499,7471472
TGT,0,0,0,88.47,91.14,87.95,87.37,91.0,88.91,88.21,87.87,3100140,3050948
UAA,0,0,0,26.85,27.19,26.69,27.2,26.31,26.78,25.82,27.19,3746120,3706872
PLNT,0,0,0,79.33,79.52,80.2,78.17,80.17,80.05,77.78,81.26,1458090,1397981
EL,0,0,0,181.63,186.7,179.62,181.12,179.88,182.46,179.95,179.75,1037566,1007032
LVMHF,0,0,0,412.0,411.9,421.0,406.68,407.0,414.2,418.0,409.41,264,263
LULU,0,0,0,176.81,183.16,172.73,178.81,179.26,178.91,173.08,178.16,1971506,1975221
COTY,0,0,0,13.65,13.88,13.73,14.29,13.62,14.26,13.7,13.92,3839288,3818705
ETSY,0,0,0,65.59,67.3,66.06,67.68,65.7,67.74,65.57,65.43,2367256,2366385
ULTA,0,0,0,352.94,347.17,350.12,342.41,338.08,351.81,347.13,348.5,580559,570355
NKE,0,0,0,83.17,85.1,82.93,87.14,85.23,87.0,83.01,85.53,4587962,4459648
SBUX,0,0,0,83.36,85.64,84.4,86.39,81.96,84.38,83.18,84.32,8134355,8505445
SNAP,0,0,0,14.08,14.21,13.9,14.27,14.46,14.45,14.3,14.14,25936490,26414792
FIZZ,0,0,0,49.03,50.22,47.8,49.1,49.13,51.4,48.9,49.9,439135,423838
