symbol,change,changeOverTime,changePercent,close,high,low,open,uClose,uHigh,uLow,uOpen,uVolume,volume
NFLX,-3.74,-0.013627,-1.3627,270.72,275.53,270.64,273.03,270.72,275.53,270.64,273.03,6302269,6302269
DECK,-1.45,-0.010076,-1.0076,142.46,143.13,138.55,141.63,142.46,143.13,138.55,141.63,460519,460519
AAPL,-2.66,-0.011715,-1.1715,224.4,228.06,224.33,225.82,224.4,228.06,224.33,225.82,29282700,29282700
VFC,-1.33,-0.015062,-1.5062,86.97,88.01,86.62,87.38,86.97,88.01,86.62,87.38,1348783,1348783
DEO,-1.16,-0.00708,-0.708,162.69,163.63,162.26,163.08,162.69,163.63,162.26,163.08,543303,543303
LRLCF,1.35,0.005018,0.5018,270.4,271.0,270.25,270.25,270.4,271.0,270.25,270.25,371,371
TIF,-2.39,-0.026848,-2.6848,86.63,88.06,86.44,87.78,86.63,88.06,86.44,87.78,1626528,1626528
LB,-0.77,-0.041689,-4.1689,17.7,18.28,17.68,18.12,17.7,18.28,17.68,18.12,4211530,4211530
TGT,0.57,0.00528,0.528,108.52,110.03,107.04,107.93,108.52,110.03,107.04,107.93,4814347,4814347
UAA,-0.09,-0.004712,-0.4712,19.01,19.25,18.7,18.84,19.01,19.25,18.7,18.84,2878577,2878577
PLNT,-1.02,-0.017826,-1.7826,56.2,57.13,56.14,56.88,56.2,57.13,56.14,56.88,1257486,1257486
EL,-6.13,-0.0314,-3.14,189.09,193.99,188.67,193.26,189.09,193.99,188.67,193.26,1454589,1454589
LVMHF,-3.16,-0.008113,-0.8113,386.34,386.75,383.11,386.75,386.34,386.75,383.11,386.75,1205,1205
LULU,-0.29,-0.001513,-0.1513,191.37,194.24,188.94,190.06,191.37,194.24,188.94,190.06,1157907,1157907
COTY,-0.16,-0.015474,-1.5474,10.18,10.32,10.08,10.24,10.18,10.32,10.08,10.24,2127329,2127329
ETSY,-0.71,-0.012697,-1.2697,55.21,55.94,54.6,55.04,55.21,55.94,54.6,55.04,2440415,2440415
ULTA,-5.72,-0.023563,-2.3563,237.03,240.99,235.2,240.06,237.03,240.99,235.2,240.06,3531666,3531666
NKE,-1.42,-0.015241,-1.5241,91.75,92.71,90.41,90.45,91.75,92.71,90.41,90.45,7299682,7299682
SBUX,-0.94,-0.010949,-1.0949,84.91,86.33,84.69,85.49,84.91,86.33,84.69,85.49,6386914,6386914
SNAP,-0.32,-0.022115,-2.2115,14.15,14.59,14.05,14.3,14.15,14.59,14.05,14.3,23736528,23736528
FIZZ,-1.31,-0.027784,-2.7784,45.84,47.03,45.71,47.03,45.84,47.03,45.71,47.03,312343,312343
