symbol,change,changeOverTime,changePercent,close,high,low,open,uClose,uHigh,uLow,uOpen,uVolume,volume
NFLX,0,0,0,362.33,373.3,352.8,363.0,355.07,371.44,363.7,361.0,5513726,5594046
DECK,0,0,0,173.35,172.98,166.05,169.33,171.46,176.31,165.22,168.34,579970,571239
AAPL,0,0,0,195.23,199.0,196.0,199.11,200.09,199.0,201.7,195.19,27456025,27947826
VFC,0,0,0,89.59,87.01,87.18,89.64,85.81,86.93,89.45,88.54,950553,937069
DEO,0,0,0,180.59,181.46,176.67,176.79,179.92,175.45,175.81,175.62,225882,236324
LRLCF,0,0,0,286.62,289.4,287.92,285.0,291.98,285.5,285.38,281.1,1005,978
TIF,0,0,0,93.09,96.4,96.11,93.56,94.13,93.6,95.44,93.2,1118428,1144504
LB,0,0,0,23.09,23.26,22.97,22.4,22.23,22.58,22.42,22.72,5497491,5712619
TGT,0,0,0,90.48,90.11,87.99,90.0,90.39,92.06,87.71,92.0,4486077,4482685
UAA,0,0,0,27.02,26.71,26.1,26.3,27.24,26.82,26.5,27.15,3981771,3977947
PLNT,0,0,0,76.9,80.33,78.94,80.92,77.5,82.85,77.95,79.96,1695169,1731069
EL,0,0,0,178.36,184.53,179.16,180.93,177.97,179.34,184.32,185.12,1213340,1215509
LVMHF,0,0,0,413.27,412.1,421.73,417.8,416.43,423.8,427.01,414.8,13127,12825
LULU,0,0,0,178.46,182.48,177.34,180.7,173.37,174.22,170.51,175.63,2107220,2029090
COTY,0,0,0,14.1,13.8,13.43,13.83,13.5,13.6,13.55,14.08,3786634,3828169
ETSY,0,0,0,70.28,70.97,66.8,68.66,67.46,70.19,66.3,67.56,2789090,2748750
ULTA,0,0,0,355.31,345.49,338.41,355.28,356.92,356.8,336.18,351.72,447978,438937
NKE,0,0,0,83.92,88.05,85.93,83.81,84.34,86.12,85.31,85.4,4089072,4109147
SBUX,0,0,0,82.5,86.97,82.51,84.0,83.5,85.04,82.63,84.1,6457774,6484663
SNAP,0,0,0,13.61,14.19,13.72,14.27,14.13,14.01,13.83,14.54,22653025,22008789
FIZZ,0,0,0,46.09,48.01,43.7,49.31,46.11,50.28,43.89,49.4,2495747,2452813
