symbol,change,changeOverTime,changePercent,close,high,low,open,uClose,uHigh,uLow,uOpen,uVolume,volume
NFLX,-14.09,-0.039894,-3.9894,339.1,353.0,336.73,351.97,339.1,353.0,336.73,351.97,26621040,26621040
DECK,1.3,0.011057,1.1057,118.87,119.78,116.24,118.92,118.87,119.78,116.24,118.92,532454,532454
AAPL,0.96,0.006159,0.6159,156.82,157.88,155.98,157.5,156.82,157.88,155.98,157.5,33751023,33751023
VFC,9.08,0.123942,12.3942,82.34,84.39,80.0,82.22,82.34,84.39,80.0,82.22,6281860,6281860
DEO,0.0,0.0,0.0,142.14,142.76,142.01,142.21,142.14,142.76,142.01,142.21,341379,341379
LRLCF,4.68,0.02086,2.086,228.9,228.9,226.2,226.2,228.9,228.9,226.2,226.2,716,716
TIF,4.56,0.053483,5.3483,89.82,90.39,86.7,87.0,89.82,90.39,86.7,87.0,4404049,4404049
LB,0.33,0.012222,1.2222,27.33,27.7,26.99,27.13,27.33,27.7,26.99,27.13,3945314,3945314
TGT,1.31,0.018884,1.8884,70.68,70.88,69.83,69.97,70.68,70.88,69.83,69.97,4484078,4484078
UAA,0.46,0.022966,2.2966,20.49,20.5,20.0,20.22,20.49,20.5,20.0,20.22,4961077,4961077
PLNT,0.01,0.000171,0.0171,58.5,59.52,58.15,58.95,58.5,59.52,58.15,58.95,1128010,1128010
EL,2.11,0.016822,1.6822,127.54,129.13,126.1,126.26,127.54,129.13,126.1,126.26,2060642,2060642
LVMHF,8.4,0.029893,2.9893,289.4,289.5,285.51,288.05,289.4,289.5,285.51,288.05,955,955
LULU,6.93,0.047747,4.7747,152.07,152.18,147.07,147.52,152.07,152.18,147.07,147.52,3277072,3277072
COTY,0.1,0.013459,1.3459,7.53,7.73,7.46,7.48,7.53,7.73,7.46,7.48,11855772,11855772
ETSY,1.24,0.022715,2.2715,55.83,56.39,53.73,55.04,55.83,56.39,53.73,55.04,1966403,1966403
ULTA,7.6,0.02677,2.677,291.5,292.22,286.08,286.28,291.5,292.22,286.08,286.28,990463,990463
NKE,1.32,0.016681,1.6681,80.45,80.97,79.74,79.95,80.45,80.97,79.74,79.95,10404132,10404132
SBUX,0.42,0.006534,0.6534,64.7,64.81,63.86,64.81,64.7,64.81,63.86,64.81,9835199,9835199
SNAP,0.44,0.076655,7.6655,6.18,6.19,5.74,5.83,6.18,6.19,5.74,5.83,37966966,37966966
FIZZ,3.2,0.040656,4.0656,81.91,82.13,78.22,78.68,81.91,82.13,78.22,78.68,292374,292374
