symbol,change,changeOverTime,changePercent,close,high,low,open,uClose,uHigh,uLow,uOpen,uVolume,volume
NFLX,-6.1,277.15308,-1.5891,374.37,385.33,373.1,391.22,370.7,386.19,381.0,381.13,6557444,6538298
DECK,-0.15,110.865242,-0.0986,160.8,157.7,157.32,161.29,159.3,159.3,158.91,156.17,322690,325578
AAPL,-1.97,207.84304,-0.9284,214.45,213.24,206.97,210.91,211.86,217.34,209.12,216.06,18594338,19191311
VFC,-0.74,9.122743,-0.7963,96.9,95.24,95.02,96.44,96.44,99.46,96.37,96.13,1623283,1598968
DEO,0.04,3.056791,0.0251,164.89,172.4,165.5,166.99,171.89,166.1,165.19,170.34,198840,202020
LRLCF,-1.73,2.797453,-0.6151,280.5,275.23,277.3,276.09,271.6,283.46,274.6,280.05,186,186
TIF,-2.0,3.313587,-1.87,105.78,108.5,103.8,110.89,106.26,111.84,105.81,109.25,1901170,1900695
LB,-0.24,1.047375,-0.9211,25.9,27.51,26.51,26.32,27.1,27.34,26.24,27.1,3025955,3091179
TGT,-1.16,1.891715,-1.4097,84.64,84.16,81.91,85.46,82.06,85.14,82.68,84.58,3854271,3810802
UAA,-0.36,2.628818,-1.589,22.78,22.88,22.6,23.0,23.44,23.25,22.8,23.1,3640283,3688397
PLNT,0.43,3.736155,0.5803,78.69,76.96,75.79,77.43,76.15,79.31,74.75,75.97,1351783,1348176
EL,-0.03,10.794052,-0.0185,174.84,174.8,177.79,172.84,178.12,177.96,173.47,172.53,742986,747241
LVMHF,-2.3,6.646679,-0.5787,407.6,404.8,397.9,390.6,395.85,391.59,386.59,395.4,816,823
LULU,-1.0,11.899126,-0.5771,179.22,179.93,179.97,185.64,182.71,183.65,179.41,186.14,1769720,1782753
COTY,-0.02,-0.360982,-0.1813,11.2,11.5,11.5,11.56,11.1,11.6,11.22,11.65,6763962,6728261
ETSY,1.85,1.272791,2.7188,69.61,69.47,67.18,68.52,68.32,71.49,68.97,66.83,1757366,1767172
ULTA,-2.19,11.354164,-0.6102,356.5,370.23,357.32,370.13,358.9,359.06,360.14,367.71,404363,400235
NKE,-0.83,13.155476,-0.947,88.95,91.24,90.89,92.6,88.32,89.7,87.93,89.0,7078248,7335530
SBUX,0.75,11.244443,0.9754,78.1,77.93,78.22,78.12,79.85,78.9,77.5,78.52,11457777,11097006
SNAP,-0.49,-0.570662,-4.1756,11.31,11.23,10.76,11.4,10.99,11.55,10.93,11.43,52881132,52049479
FIZZ,-0.77,9.039784,-1.3662,56.78,57.36,56.92,57.2,58.11,57.52,56.75,58.52,208492,204933
