symbol,change,changeOverTime,changePercent,close,high,low,open,uClose,uHigh,uLow,uOpen,uVolume,volume
NFLX,0,0,0,354.78,361.2,353.64,354.39,354.78,361.2,353.64,354.39,4717144,4717144
DECK,0,0,0,150.86,153.97,150.62,152.96,150.86,153.97,150.62,152.96,747118,747118
AAPL,0,0,0,178.23,180.59,177.91,178.92,178.23,180.59,177.91,178.92,27948160,27948160
VFC,0,0,0,82.75,84.53,82.68,84.5,82.75,84.53,82.68,84.5,2725713,2725713
DEO,0,0,0,169.35,170.78,169.35,170.22,169.35,170.78,169.35,170.22,253360,253360
LRLCF,0,0,0,270.9,274.72,270.9,274.72,270.9,274.72,270.9,274.72,241,241
TIF,0,0,0,91.19,94.16,91.09,93.0,91.19,94.16,91.09,93.0,2222414,2222414
LB,0,0,0,24.36,25.02,24.28,24.94,24.36,25.02,24.28,24.94,4081657,4081657
TGT,0,0,0,80.77,82.25,80.69,81.78,80.77,82.25,80.69,81.78,6522741,6522741
UAA,0,0,0,23.53,24.02,23.53,23.65,23.53,24.02,23.53,23.65,4071582,4071582
PLNT,0,0,0,75.49,76.71,74.86,74.91,75.49,76.71,74.86,74.91,1169597,1169597
EL,0,0,0,166.62,169.81,164.94,164.94,166.62,169.81,164.94,164.94,1776168,1776168
LVMHF,0,0,0,380.0,382.39,380.0,382.2,380.0,382.39,380.0,382.2,522,522
LULU,0,0,0,173.55,176.04,173.02,173.11,173.55,176.04,173.02,173.11,2222412,2222412
COTY,0,0,0,13.01,13.37,13.01,13.02,13.01,13.37,13.01,13.02,7527798,7527798
ETSY,0,0,0,65.03,66.21,64.35,65.1,65.03,66.21,64.35,65.1,1940497,1940497
ULTA,0,0,0,334.85,338.5,333.01,336.22,334.85,338.5,333.01,336.22,1026708,1026708
NKE,0,0,0,81.2,83.19,81.13,82.85,81.2,83.19,81.13,82.85,7927485,7927485
SBUX,0,0,0,75.7,76.68,75.32,76.36,75.7,76.68,75.32,76.36,16205155,16205155
SNAP,0,0,0,11.57,11.6,11.22,11.58,11.57,11.6,11.22,11.58,46617075,46617075
FIZZ,0,0,0,47.26,51.32,46.71,50.5,47.26,51.32,46.71,50.5,799654,799654
