symbol,change,changeOverTime,changePercent,close,high,low,open,uClose,uHigh,uLow,uOpen,uVolume,volume
NFLX,-7.52,-0.020905,-2.0905,352.21,357.42,347.7,355.5,352.21,357.42,347.7,355.5,5630443,5630443
DECK,-2.68,-0.017856,-1.7856,147.41,151.43,146.53,148.69,147.41,151.43,146.53,148.69,1430450,1430450
AAPL,-3.12,-0.01707,-1.707,179.66,180.54,177.81,179.8,179.66,180.54,177.81,179.8,36529736,36529736
VFC,-6.24,-0.06908,-6.908,84.09,85.86,83.52,85.01,84.09,85.86,83.52,85.01,3234068,3234068
DEO,-0.57,-0.003382,-0.3382,167.99,168.67,167.92,168.16,167.99,168.67,167.92,168.16,277751,277751
LRLCF,-0.8739,-0.003206,-0.3206,271.75,271.75,271.75,271.75,271.75,271.75,271.75,271.75,205,205
TIF,-3.13,-0.031773,-3.1773,95.38,97.94,94.66,97.81,95.38,97.94,94.66,97.81,2054720,2054720
LB,2.76,0.128372,12.8372,24.26,25.08,22.12,23.02,24.26,25.08,22.12,23.02,21838995,21838995
TGT,1.84,0.023724,2.3724,79.4,79.59,76.82,77.81,79.4,79.59,76.82,77.81,11619583,11619583
UAA,-0.81,-0.033375,-3.3375,23.46,24.16,23.35,24.05,23.46,24.16,23.35,24.05,5275350,5275350
PLNT,-1.74,-0.02285,-2.285,74.41,75.5,73.73,75.32,74.41,75.5,73.73,75.32,1141691,1141691
EL,-2.04,-0.012174,-1.2174,165.53,166.88,163.28,166.16,165.53,166.88,163.28,166.16,1480381,1480381
LVMHF,-1.8,-0.00479,-0.479,373.96,373.96,369.51,371.5,373.96,373.96,369.51,371.5,101,101
LULU,-5.52,-0.031414,-3.1414,170.2,174.93,169.99,173.56,170.2,174.93,169.99,173.56,1654377,1654377
COTY,-0.01,-0.000762,-0.0762,13.11,13.25,12.89,13.03,13.11,13.25,12.89,13.03,4440580,4440580
ETSY,-0.69,-0.01078,-1.078,63.32,63.89,61.75,62.56,63.32,63.89,61.75,62.56,2149909,2149909
ULTA,-11.26,-0.032255,-3.2255,337.83,347.14,336.07,347.03,337.83,347.14,336.07,347.03,1026755,1026755
NKE,-0.56,-0.006731,-0.6731,82.64,83.06,81.99,82.5,82.64,83.06,81.99,82.5,9704192,9704192
SBUX,-0.84,-0.010874,-1.0874,76.41,76.94,75.69,76.88,76.41,76.94,75.69,76.88,9213376,9213376
SNAP,-0.19,-0.016799,-1.6799,11.12,11.36,10.76,11.05,11.12,11.36,10.76,11.05,24490372,24490372
FIZZ,-1.17,-0.022483,-2.2483,50.87,52.03,50.56,51.6,50.87,52.03,50.56,51.6,214435,214435
