symbol,change,changeOverTime,changePercent,close,high,low,open,uClose,uHigh,uLow,uOpen,uVolume,volume
NFLX,3.54,0.013226,1.3226,271.2,275.79,264.43,270.2,271.2,275.79,264.43,270.2,14969647,14969647
DECK,-3.63,-0.028044,-2.8044,125.81,129.48,125.33,128.58,125.81,129.48,125.33,128.58,699929,699929
AAPL,-15.73,-0.099607,-9.9607,142.19,145.72,142.0,143.98,142.19,145.72,142.0,143.98,91312195,91312195
VFC,-2.1,-0.029432,-2.9432,69.25,70.96,69.07,70.96,69.25,70.96,69.07,70.96,2271193,2271193
DEO,-1.33,-0.009539,-0.9539,138.1,138.91,137.88,137.88,138.1,138.91,137.88,137.88,469283,469283
LRLCF,-0.5,-0.002217,-0.2217,225.0,225.0,225.0,225.0,225.0,225.0,225.0,225.0,60,60
TIF,-2.24,-0.027374,-2.7374,79.59,81.24,78.2,80.79,79.59,81.24,78.2,80.79,3136759,3136759
LB,0.15,0.005701,0.5701,26.46,27.06,25.9,26.16,26.46,27.06,25.9,26.16,5116877,5116877
TGT,-0.91,-0.013697,-1.3697,65.53,66.63,65.41,66.13,65.53,66.63,65.41,66.13,4562206,4562206
UAA,-0.43,-0.024144,-2.4144,17.38,17.88,17.11,17.64,17.38,17.88,17.11,17.64,3959461,3959461
PLNT,-0.78,-0.014558,-1.4558,52.8,53.62,52.2,53.02,52.8,53.62,52.2,53.02,695892,695892
EL,-6.26,-0.047446,-4.7446,125.68,130.88,125.2,129.8,125.68,130.88,125.2,129.8,3864106,3864106
LVMHF,-8.06,-0.028084,-2.8084,278.94,281.2,276.2,279.75,278.94,281.2,276.2,279.75,1428,1428
LULU,1.01,0.008188,0.8188,124.36,126.12,120.32,121.85,124.36,126.12,120.32,121.85,2896865,2896865
COTY,-0.16,-0.023022,-2.3022,6.79,7.01,6.72,6.9,6.79,7.01,6.72,6.9,13461322,13461322
ETSY,-0.97,-0.020638,-2.0638,46.03,47.56,45.71,46.33,46.03,47.56,45.71,46.33,1803086,1803086
ULTA,-4.61,-0.018591,-1.8591,243.36,247.0,240.13,245.83,243.36,247.0,240.13,245.83,868602,868602
NKE,-1.31,-0.017688,-1.7688,72.75,73.32,71.21,73.25,72.75,73.32,71.21,73.25,8007384,8007384
SBUX,-2.79,-0.043377,-4.3377,61.53,63.72,61.4,63.46,61.53,63.72,61.4,63.46,14390100,14390100
SNAP,-0.11,-0.018998,-1.8998,5.68,5.87,5.63,5.67,5.68,5.87,5.63,5.67,16429216,16429216
FIZZ,0.54,0.00742,0.742,73.32,74.43,72.1,72.57,73.32,74.43,72.1,72.57,183197,183197
