symbol,change,changeOverTime,changePercent,close,high,low,open,uClose,uHigh,uLow,uOpen,uVolume,volume
NFLX,0,0,0,315.34,316.8,301.65,302.1,315.34,316.8,301.65,302.1,18620116,18620116
DECK,0,0,0,125.1,127.49,120.14,122.04,125.1,127.49,120.14,122.04,845028,845028
AAPL,0,0,0,147.93,148.83,145.9,148.7,147.93,148.83,145.9,148.7,54777764,54777764
VFC,0,0,0,72.98,73.56,71.59,71.79,72.98,73.56,71.59,71.79,1811756,1811756
DEO,0,0,0,138.53,139.28,138.44,138.84,138.53,139.28,138.44,138.84,570013,570013
LRLCF,0,0,0,224.15,227.35,224.15,227.35,224.15,227.35,224.15,227.35,400,400
TIF,0,0,0,85.9,86.47,81.87,82.35,85.9,86.47,81.87,82.35,2188795,2188795
LB,0,0,0,28.87,29.69,27.29,27.64,28.87,29.69,27.29,27.64,5465076,5465076
TGT,0,0,0,69.68,69.88,66.81,66.81,69.68,69.88,66.81,66.81,7630638,7630638
UAA,0,0,0,18.67,18.83,17.99,18.22,18.67,18.83,17.99,18.22,3274416,3274416
PLNT,0,0,0,55.84,56.7,55.21,55.41,55.84,56.7,55.21,55.41,1886044,1886044
EL,0,0,0,131.5,132.39,128.51,129.42,131.5,132.39,128.51,129.42,2312545,2312545
LVMHF,0,0,0,287.5,288.5,285.57,285.95,287.5,288.5,285.57,285.95,419,419
LULU,0,0,0,134.1,135.1,129.33,129.33,134.1,135.1,129.33,129.33,2860439,2860439
COTY,0,0,0,7.55,7.58,7.06,7.14,7.55,7.58,7.06,7.14,10755592,10755592
ETSY,0,0,0,51.57,52.28,49.29,50.18,51.57,52.28,49.29,50.18,3153932,3153932
ULTA,0,0,0,271.0,271.15,256.97,256.97,271.0,271.15,256.97,256.97,1247844,1247844
NKE,0,0,0,75.72,76.36,74.3,74.74,75.72,76.36,74.3,74.74,8184786,8184786
SBUX,0,0,0,63.57,64.24,62.74,63.35,63.57,64.24,62.74,63.35,10337844,10337844
SNAP,0,0,0,6.21,6.21,5.92,6.0,6.21,6.21,5.92,6.0,14726239,14726239
FIZZ,0,0,0,74.21,74.87,71.49,72.61,74.21,74.87,71.49,72.61,252597,252597
