symbol,change,changeOverTime,changePercent,close,high,low,open,uClose,uHigh,uLow,uOpen,uVolume,volume
NFLX,0,0,0,364.9,370.88,343.68,355.0,359.7,369.36,351.04,348.0,8252711,8014705
DECK,0,0,0,158.75,165.49,159.45,159.83,156.01,165.3,155.31,163.14,784605,811717
AAPL,0,0,0,181.91,180.65,175.15,181.53,182.48,185.63,174.67,180.66,31473299,32161806
VFC,0,0,0,87.0,88.88,85.52,86.51,88.8,86.8,86.94,87.68,1914259,1927175
DEO,0,0,0,175.21,172.9,173.89,169.76,173.56,174.4,175.0,173.09,289382,286089
LRLCF,0,0,0,284.59,279.74,279.38,274.27,286.22,279.26,286.59,282.98,31,31
TIF,0,0,0,93.34,100.07,94.6,97.07,96.87,100.35,91.51,95.58,5764078,5654445
LB,0,0,0,24.18,24.61,24.0,23.1,24.39,24.26,24.0,23.4,4459349,4412010
TGT,0,0,0,89.4,88.07,84.09,84.86,88.06,86.6,87.25,86.62,8137415,8235420
UAA,0,0,0,24.9,25.94,24.81,24.77,25.0,25.13,23.94,24.0,6552881,6554807
PLNT,0,0,0,78.23,80.17,78.64,78.16,80.24,80.19,76.35,77.44,1320132,1327620
EL,0,0,0,173.83,175.65,171.88,168.9,174.75,175.02,169.46,168.93,1620328,1592951
LVMHF,0,0,0,387.0,389.93,390.8,397.2,399.0,389.34,383.0,390.1,113,114
LULU,0,0,0,177.0,174.51,167.51,167.7,172.0,171.76,165.2,173.2,1275934,1331598
COTY,0,0,0,13.12,13.4,13.14,13.49,13.63,13.7,12.97,13.15,7063673,6936932
ETSY,0,0,0,62.14,63.56,61.83,64.33,62.22,62.79,61.29,64.05,2349488,2394297
ULTA,0,0,0,342.34,344.67,346.6,336.7,347.87,341.7,348.0,340.8,794659,794506
NKE,0,0,0,83.58,83.29,80.36,83.1,84.71,84.86,79.04,80.4,7667814,7749184
SBUX,0,0,0,81.55,79.62,79.01,76.81,80.17,82.52,79.69,79.11,11999609,12172196
SNAP,0,0,0,13.44,13.56,12.15,11.87,13.25,13.46,12.41,12.44,55103185,55122802
FIZZ,0,0,0,51.62,51.99,48.18,49.85,51.39,51.53,48.06,48.9,592290,604274
