symbol,change,changeOverTime,changePercent,close,high,low,open,uClose,uHigh,uLow,uOpen,uVolume,volume
NFLX,1.73,0.005934,0.5934,293.25,293.97,282.79,285.32,293.25,293.97,282.79,285.32,8972356,8972356
DECK,6.92,0.047094,4.7094,153.86,154.43,148.02,148.49,153.86,154.43,148.02,148.49,550189,550189
AAPL,4.09,0.019552,1.9552,213.28,213.97,211.51,212.0,213.28,213.97,211.51,212.0,23946984,23946984
VFC,4.4,0.053587,5.3587,86.51,86.55,83.28,83.44,86.51,86.55,83.28,83.44,1964104,1964104
DEO,-7.81,-0.04438,-4.438,168.17,173.7,167.57,173.44,168.17,173.7,167.57,173.44,878448,878448
LRLCF,-5.27,-0.018644,-1.8644,277.5,277.5,277.5,277.5,277.5,277.5,277.5,277.5,16,16
TIF,3.66,0.043298,4.3298,88.19,88.56,85.62,85.77,88.19,88.56,85.62,85.77,2675918,2675918
LB,0.7,0.043424,4.3424,16.82,16.97,16.3,16.31,16.82,16.97,16.3,16.31,6772600,6772600
TGT,1.18,0.010991,1.0991,108.54,109.4,108.22,109.24,108.54,109.4,108.22,109.24,4145498,4145498
UAA,0.82,0.043272,4.3272,19.77,19.81,19.22,19.26,19.77,19.81,19.22,19.26,4749911,4749911
PLNT,-1.99,-0.02964,-2.964,65.15,67.82,64.83,67.79,65.15,67.82,64.83,67.79,2144071,2144071
EL,2.26,0.011148,1.1148,204.98,206.79,203.55,205.7,204.98,206.79,203.55,205.7,2111982,2111982
LVMHF,9.58,0.023701,2.3701,413.78,416.51,413.59,413.95,413.78,416.51,413.59,413.95,275,275
LULU,7.71,0.042667,4.2667,188.41,188.95,183.88,184.0,188.41,188.95,183.88,184.0,5919838,5919838
COTY,0.52,0.055378,5.5378,9.91,9.98,9.58,9.9,9.91,9.98,9.58,9.9,6802592,6802592
ETSY,-0.05,-0.000997,-0.0997,50.1,50.42,47.81,49.25,50.1,50.42,47.81,49.25,3785408,3785408
ULTA,7.95,0.034753,3.4753,236.71,237.85,227.71,229.03,236.71,237.85,227.71,229.03,3264312,3264312
NKE,2.07,0.023972,2.3972,88.42,88.62,87.28,87.28,88.42,88.62,87.28,87.28,6328520,6328520
SBUX,-0.55,-0.005723,-0.5723,95.56,96.96,95.17,96.54,95.56,96.96,95.17,96.54,5514796,5514796
SNAP,0.07,0.00443,0.443,15.87,16.09,15.83,15.93,15.87,16.09,15.83,15.93,20776868,20776868
FIZZ,0.07,0.001725,0.1725,40.65,42.37,40.26,40.83,40.65,42.37,40.26,40.83,535116,535116
