symbol,change,changeOverTime,changePercent,close,high,low,open,uClose,uHigh,uLow,uOpen,uVolume,volume
NFLX,3.73,277.307124,1.035,382.78,387.15,368.53,383.0,372.58,385.9,366.0,383.0,6707477,6730465
DECK,1.75,106.233412,1.1749,152.2,158.27,153.08,154.12,155.43,156.26,151.91,153.61,489751,490033
AAPL,-1.71,205.012003,-0.8428,207.9,208.0,203.67,202.68,199.5,203.0,205.11,203.49,21057614,21791146
VFC,-0.05,8.8002,-0.056,90.7,93.45,91.08,92.19,93.2,90.11,89.07,93.31,1116204,1138782
DEO,0.39,3.068389,0.2483,169.62,170.35,165.51,171.51,164.32,169.14,166.99,163.96,212066,213138
LRLCF,-3.9,2.81085,-1.4305,275.35,284.9,282.36,284.36,280.84,282.59,272.48,279.21,868,845
TIF,0.16,3.36824,0.1562,109.93,109.9,106.49,108.35,106.57,110.92,106.84,108.24,1248802,1230865
LB,-0.63,1.086795,-2.3411,27.05,27.95,27.1,27.99,27.74,27.58,27.13,27.69,3547220,3403476
TGT,-0.3,1.809996,-0.3733,81.11,83.27,84.01,82.9,81.88,83.21,83.87,82.1,2753868,2751462
UAA,0.04,2.437831,0.1946,21.8,22.06,21.79,22.35,22.2,22.28,21.53,21.6,2642011,2692205
PLNT,0.47,3.45316,0.6685,74.58,72.96,71.47,73.51,72.66,72.74,71.02,72.35,1092003,1066798
EL,1.53,10.397257,0.9156,174.83,175.48,168.41,169.31,168.63,169.06,167.96,174.45,1662209,1675416
LVMHF,8.97,6.727953,2.4067,391.0,407.82,396.97,406.8,389.0,396.15,401.44,388.4,2962,2933
LULU,0.55,11.0,0.3355,170.0,174.32,173.78,172.77,172.0,173.34,174.01,168.21,1410726,1431725
COTY,0.01,-0.368673,0.0932,11.6,11.43,11.58,11.61,11.25,11.28,11.31,11.37,9709396,9496820
ETSY,-0.58,1.275,-0.837,70.4,69.42,70.38,70.96,70.63,69.84,69.41,68.65,1131342,1133380
ULTA,-0.06,11.009262,-0.0179,357.07,353.69,361.0,354.63,355.79,357.88,362.0,356.71,710920,729926
NKE,0.12,12.753393,0.1419,85.0,87.24,87.03,88.4,89.0,88.16,86.84,88.5,3397511,3453837
SBUX,0.41,10.99374,0.5233,76.09,77.42,76.4,77.45,79.63,78.91,75.65,79.2,6307671,6166681
SNAP,-0.13,-0.534687,-1.0079,12.1,12.45,12.3,12.1,12.4,12.43,12.13,12.7,20483431,20227037
FIZZ,-1.61,8.619348,-2.8453,55.24,57.28,55.48,58.28,54.79,58.4,56.09,56.19,356406,342929
