symbol,change,changeOverTime,changePercent,close,high,low,open,uClose,uHigh,uLow,uOpen,uVolume,volume
NFLX,-6.77,-0.020349,-2.0349,325.93,329.65,323.23,329.2,325.93,329.65,323.23,329.2,6029320,6029320
DECK,-3.76,-0.023594,-2.3594,155.6,158.88,153.52,158.76,155.6,158.88,153.52,158.76,710703,710703
AAPL,-0.9,-0.004292,-0.4292,208.78,210.16,207.31,208.76,208.78,210.16,207.31,208.76,33935718,33935718
VFC,-0.17,-0.001925,-0.1925,88.16,88.7,86.77,87.97,88.16,88.7,86.77,87.97,917305,917305
DEO,0.23,0.00137,0.137,168.14,168.29,167.45,167.98,168.14,168.29,167.45,167.98,528096,528096
LRLCF,-9.45,-0.03392,-3.392,269.15,278.36,269.15,277.69,269.15,278.36,269.15,277.69,272,272
TIF,1.19,0.012805,1.2805,94.12,94.13,91.61,92.4,94.12,94.13,91.61,92.4,1144929,1144929
LB,-0.41,-0.015673,-1.5673,25.75,26.03,25.12,26.03,25.75,26.03,25.12,26.03,2939515,2939515
TGT,-0.35,-0.004012,-0.4012,86.88,87.29,86.22,87.27,86.88,87.29,86.22,87.27,2733350,2733350
UAA,-3.36,-0.122449,-12.2449,24.08,24.35,22.05,22.84,24.08,24.35,22.05,22.84,25192056,25192056
PLNT,0.74,0.009492,0.9492,78.7,79.13,77.0,77.61,78.7,79.13,77.0,77.61,710076,710076
EL,-3.08,-0.016037,-1.6037,188.98,194.74,188.43,192.67,188.98,194.74,188.43,192.67,1488410,1488410
LVMHF,-4.34,-0.010312,-1.0312,416.51,418.22,414.34,416.85,416.51,418.22,414.34,416.85,446,446
LULU,-0.32,-0.001666,-0.1666,191.77,193.46,189.46,190.98,191.77,193.46,189.46,190.98,1075517,1075517
COTY,0.19,0.017273,1.7273,11.19,11.38,11.0,11.0,11.19,11.38,11.0,11.0,5196006,5196006
ETSY,-1.12,-0.016204,-1.6204,68.0,69.09,67.86,68.58,68.0,69.09,67.86,68.58,1285254,1285254
ULTA,2.5,0.007223,0.7223,348.63,350.45,342.15,345.03,348.63,350.45,342.15,345.03,579725,579725
NKE,-0.42,-0.004793,-0.4793,87.2,87.91,86.36,86.82,87.2,87.91,86.36,86.82,3562999,3562999
SBUX,-1.37,-0.013977,-1.3977,96.65,98.28,96.52,97.5,96.65,98.28,96.52,97.5,7248270,7248270
SNAP,-0.57,-0.032571,-3.2571,16.93,17.33,16.9,17.23,16.93,17.33,16.9,17.23,33597174,33597174
FIZZ,0.92,0.021749,2.1749,43.22,43.57,41.7,42.23,43.22,43.57,41.7,42.23,316298,316298
