symbol,change,changeOverTime,changePercent,close,high,low,open,uClose,uHigh,uLow,uOpen,uVolume,volume
NFLX,-1.16,-0.003405,-0.3405,339.5,345.99,338.09,339.68,339.5,345.99,338.09,339.68,8535517,8535517
DECK,1.32,0.010383,1.0383,128.45,128.5,125.4,127.23,128.45,128.5,125.4,127.23,1097664,1097664
AAPL,1.19,0.007201,0.7201,166.44,169.0,164.56,166.11,166.44,169.0,164.56,166.11,40739649,40739649
VFC,-0.44,-0.0052,-0.52,84.17,85.0,83.47,84.61,84.17,85.0,83.47,84.61,3278643,3278643
DEO,8.07,0.055817,5.5817,152.65,152.75,150.88,151.42,152.65,152.75,150.88,151.42,884821,884821
LRLCF,5.0,0.021204,2.1204,240.8,240.8,240.5,240.5,240.8,240.8,240.5,240.5,472,472
TIF,0.75,0.008525,0.8525,88.73,88.86,87.32,88.48,88.73,88.86,87.32,88.48,1516996,1516996
LB,0.33,0.011996,1.1996,27.84,28.05,27.3,27.53,27.84,28.05,27.3,27.53,2987587,2987587
TGT,0.67,0.009263,0.9263,73.0,73.07,72.07,72.31,73.0,73.07,72.07,72.31,6699700,6699700
UAA,-0.18,-0.008604,-0.8604,20.74,20.94,20.5,20.92,20.74,20.94,20.5,20.92,4604323,4604323
PLNT,-0.13,-0.002239,-0.2239,57.92,58.21,57.64,58.1,57.92,58.21,57.64,58.1,1175179,1175179
EL,2.04,0.015181,1.5181,136.42,136.99,133.88,134.57,136.42,136.99,133.88,134.57,3369694,3369694
LVMHF,1.12,0.003501,0.3501,321.0,321.0,316.3,316.3,321.0,321.0,316.3,316.3,625,625
LULU,-0.8,-0.005383,-0.5383,147.81,148.93,146.31,148.31,147.81,148.93,146.31,148.31,2517104,2517104
COTY,0.54,0.074792,7.4792,7.76,7.78,7.19,7.21,7.76,7.78,7.19,7.21,26422513,26422513
ETSY,0.46,0.008489,0.8489,54.65,55.24,53.94,53.94,54.65,55.24,53.94,53.94,1509935,1509935
ULTA,3.32,0.011504,1.1504,291.92,294.07,286.04,288.66,291.92,294.07,286.04,288.66,491927,491927
NKE,0.6,0.007382,0.7382,81.88,81.95,80.71,81.18,81.88,81.95,80.71,81.18,8599206,8599206
SBUX,-0.01,-0.000147,-0.0147,68.14,69.49,67.08,68.18,68.14,69.49,67.08,68.18,24233336,24233336
SNAP,0.11,0.016743,1.6743,6.68,6.81,6.65,6.68,6.68,6.81,6.65,6.68,19115160,19115160
FIZZ,0.04,0.000477,0.0477,83.84,84.02,82.92,83.98,83.84,84.02,82.92,83.98,203504,203504
