symbol,change,changeOverTime,changePercent,close,high,low,open,uClose,uHigh,uLow,uOpen,uVolume,volume
NFLX,5.31,0.014987,1.4987,359.61,359.88,351.7,353.6,359.61,359.88,351.7,353.6,6211895,6211895
DECK,-1.65,-0.011401,-1.1401,143.08,145.69,142.09,145.38,143.08,145.69,142.09,145.38,367449,367449
AAPL,-1.01,-0.005754,-0.5754,174.52,175.49,173.94,174.67,174.52,175.49,173.94,174.67,20810384,20810384
VFC,-0.11,-0.001286,-0.1286,85.4,86.24,85.03,85.75,85.4,86.24,85.03,85.75,892935,892935
DEO,1.18,0.007525,0.7525,157.99,158.29,156.73,157.6,157.99,158.29,156.73,157.6,943107,943107
LRLCF,-2.69,-0.010504,-1.0504,253.05,253.25,253.05,253.05,253.05,253.25,253.05,253.05,662,662
TIF,-0.08,-0.000843,-0.0843,94.79,95.4,94.27,95.09,94.79,95.4,94.27,95.09,858632,858632
LB,-0.37,-0.013739,-1.3739,26.56,27.64,26.46,27.01,26.56,27.64,26.46,27.01,3782243,3782243
TGT,0.9,0.011842,1.1842,76.9,77.44,76.13,76.82,76.9,77.44,76.13,76.82,7874162,7874162
UAA,-0.55,-0.024653,-2.4653,21.76,22.33,21.67,22.28,21.76,22.33,21.67,22.28,3973255,3973255
PLNT,0.16,0.002515,0.2515,63.78,64.5,63.07,63.87,63.78,64.5,63.07,63.87,2089552,2089552
EL,-2.1,-0.013463,-1.3463,153.88,155.99,152.99,155.67,153.88,155.99,152.99,155.67,1971194,1971194
LVMHF,-2.94,-0.008446,-0.8446,345.15,347.3,345.15,347.0,345.15,347.3,345.15,347.0,107,107
LULU,0.19,0.001276,0.1276,149.09,150.23,147.66,149.6,149.09,150.23,147.66,149.6,805364,805364
COTY,-0.04,-0.00363,-0.363,10.98,11.08,10.95,11.03,10.98,11.08,10.95,11.03,5812624,5812624
ETSY,-0.57,-0.008073,-0.8073,70.04,71.09,69.26,70.19,70.04,71.09,69.26,70.19,1758452,1758452
ULTA,0.27,0.000865,0.0865,312.51,313.21,308.98,312.11,312.51,313.21,308.98,312.11,711465,711465
NKE,-0.31,-0.003628,-0.3628,85.13,85.99,85.04,85.6,85.13,85.99,85.04,85.6,3198110,3198110
SBUX,-0.31,-0.004331,-0.4331,71.27,72.18,71.16,71.81,71.27,72.18,71.16,71.81,7666095,7666095
SNAP,-0.21,-0.020833,-2.0833,9.87,10.06,9.77,10.0,9.87,10.06,9.77,10.0,18320334,18320334
FIZZ,0.6,0.008966,0.8966,67.52,68.29,65.68,67.14,67.52,68.29,65.68,67.14,462695,462695
