symbol,change,changeOverTime,changePercent,close,high,low,open,uClose,uHigh,uLow,uOpen,uVolume,volume
NFLX,8.52,0.026798,2.6798,326.46,327.69,316.3,318.86,326.46,327.69,316.3,318.86,10798496,10798496
DECK,-1.48,-0.008265,-0.8265,177.58,179.65,176.6,178.98,177.58,179.65,176.6,178.98,391715,391715
AAPL,-1.65,-0.007907,-0.7907,207.02,209.24,206.73,208.89,207.02,209.24,206.73,208.89,13909562,13909562
VFC,0.01,0.000112,0.0112,89.34,90.42,88.2,89.12,89.34,90.42,88.2,89.12,2548743,2548743
DEO,-3.97,-0.023731,-2.3731,163.32,164.17,162.03,164.07,163.32,164.17,162.03,164.07,846967,846967
LRLCF,-0.1,-0.00036,-0.036,277.5,279.73,277.5,279.73,277.5,279.73,277.5,279.73,171,171
TIF,-0.84,-0.008895,-0.8895,93.59,94.91,92.84,94.17,93.59,94.91,92.84,94.17,1010859,1010859
LB,0.36,0.013926,1.3926,26.21,26.21,25.69,25.71,26.21,26.21,25.69,25.71,2327511,2327511
TGT,-1.12,-0.012572,-1.2572,87.97,89.03,87.42,88.82,87.97,89.03,87.42,88.82,3603774,3603774
UAA,0.0,0.0,0.0,27.34,27.72,27.19,27.27,27.34,27.72,27.19,27.27,3972000,3972000
PLNT,1.18,0.015397,1.5397,77.82,78.29,76.37,76.72,77.82,78.29,76.37,76.72,962135,962135
EL,0.09,0.000475,0.0475,189.54,189.84,187.46,188.37,189.54,189.84,187.46,188.37,785465,785465
LVMHF,-16.22,-0.037407,-3.7407,417.39,423.0,416.0,423.0,417.39,423.0,416.0,423.0,499,499
LULU,-1.0,-0.005203,-0.5203,191.21,193.71,190.7,192.95,191.21,193.71,190.7,192.95,1017280,1017280
COTY,-0.01,-0.000908,-0.0908,11.0,11.17,10.95,10.97,11.0,11.17,10.95,10.97,4016300,4016300
ETSY,0.68,0.009993,0.9993,68.73,69.95,67.72,68.95,68.73,69.95,67.72,68.95,2460707,2460707
ULTA,1.68,0.00476,0.476,354.62,359.74,352.0,353.73,354.62,359.74,352.0,353.73,486877,486877
NKE,0.58,0.00669,0.669,87.28,87.5,86.59,86.82,87.28,87.5,86.59,86.82,4546496,4546496
SBUX,0.33,0.00364,0.364,90.98,91.55,90.47,91.49,90.98,91.55,90.47,91.49,8106322,8106322
SNAP,0.08,0.004543,0.4543,17.69,18.0,17.12,17.23,17.69,18.0,17.12,17.23,88040544,88040544
FIZZ,-0.89,-0.021333,-2.1333,40.83,41.97,40.76,41.81,40.83,41.97,40.76,41.81,283220,283220
