symbol,change,changeOverTime,changePercent,close,high,low,open,uClose,uHigh,uLow,uOpen,uVolume,volume
NFLX,0,0,0,366.05,376.0,371.22,367.25,360.34,369.0,366.05,357.41,6624412,6487889
DECK,0,0,0,151.3,151.84,150.17,148.83,145.7,150.82,145.53,145.5,370984,364714
AAPL,0,0,0,199.41,196.28,193.46,192.35,197.47,192.93,189.2,192.13,33115746,34578492
VFC,0,0,0,93.5,93.33,94.92,92.0,93.7,96.04,92.15,95.0,1542497,1486215
DEO,0,0,0,175.1,175.0,176.17,175.02,170.9,173.57,174.59,171.71,363728,357770
LRLCF,0,0,0,276.6,281.1,282.7,275.7,284.3,271.4,281.5,281.6,30,31
TIF,0,0,0,101.86,101.72,100.17,102.9,103.98,104.95,98.93,99.98,1502366,1497804
LB,0,0,0,23.39,23.39,23.0,22.87,22.54,23.56,22.8,22.73,4843564,4679765
TGT,0,0,0,72.14,73.78,70.67,73.87,72.3,72.3,72.04,72.11,4654405,4615710
UAA,0,0,0,22.33,22.52,21.78,22.33,22.12,22.22,21.85,21.84,3921891,3757909
PLNT,0,0,0,83.64,81.91,80.51,80.65,81.71,83.6,79.09,80.45,1026248,1024322
EL,0,0,0,177.8,180.38,168.87,174.0,176.2,178.39,171.45,170.0,1793109,1725906
LVMHF,0,0,0,385.69,389.49,385.1,387.1,397.85,387.29,392.4,383.0,164,161
LULU,0,0,0,184.9,180.0,178.78,180.7,178.0,181.33,174.42,182.2,1371672,1334081
COTY,0,0,0,13.36,14.03,13.4,13.67,13.47,13.78,13.3,14.03,11206158,10957164
ETSY,0,0,0,64.71,67.33,63.53,63.93,65.78,66.81,63.06,64.9,2396492,2400823
ULTA,0,0,0,354.7,365.31,344.02,355.88,357.46,349.37,343.71,349.11,528421,536194
NKE,0,0,0,85.53,86.2,86.8,85.42,87.5,86.9,84.8,85.84,6906884,7064799
SBUX,0,0,0,80.7,80.97,80.54,79.02,81.1,80.01,79.92,79.81,7130632,7231004
SNAP,0,0,0,11.66,11.89,11.09,10.98,11.72,11.86,11.08,11.09,37760085,36661016
FIZZ,0,0,0,53.77,55.01,54.06,53.5,53.47,54.46,53.0,52.8,354159,357039
