symbol,change,changeOverTime,changePercent,close,high,low,open,uClose,uHigh,uLow,uOpen,uVolume,volume
NFLX,3.77,0.010022,1.0022,379.93,384.76,377.5,379.06,379.93,384.76,377.5,379.06,6932822,6932822
DECK,-3.73,-0.020964,-2.0964,174.19,177.64,173.77,176.6,174.19,177.64,173.77,176.6,415367,415367
AAPL,1.22,0.006099,0.6099,201.24,201.51,198.81,199.2,201.24,201.51,198.81,199.2,20578015,20578015
VFC,-1.6,-0.018108,-1.8108,86.76,88.15,86.58,87.93,86.76,88.15,86.58,87.93,1200032,1200032
DEO,-1.25,-0.007218,-0.7218,171.94,172.77,171.62,171.95,171.94,172.77,171.62,171.95,290233,290233
LRLCF,0.2,0.000698,0.0698,286.6,286.6,286.6,286.6,286.6,286.6,286.6,286.6,300,300
TIF,-0.66,-0.007038,-0.7038,93.11,93.72,92.16,93.52,93.11,93.72,92.16,93.52,1283186,1283186
LB,-1.15,-0.041742,-4.1742,26.4,27.51,26.3,27.35,26.4,27.51,26.3,27.35,5566073,5566073
TGT,-1.11,-0.012485,-1.2485,87.8,89.4,87.8,88.47,87.8,89.4,87.8,88.47,3986931,3986931
UAA,0.1,0.003775,0.3775,26.59,26.8,26.26,26.4,26.59,26.8,26.26,26.4,4373938,4373938
PLNT,-0.05,-0.000655,-0.0655,76.3,76.83,75.85,76.08,76.3,76.83,75.85,76.08,1063565,1063565
EL,-1.35,-0.007287,-0.7287,183.9,184.69,183.32,184.57,183.9,184.69,183.32,184.57,938775,938775
LVMHF,-1.3,-0.003021,-0.3021,429.0,430.5,427.65,427.85,429.0,430.5,427.65,427.85,662,662
LULU,-0.75,-0.004015,-0.4015,186.05,186.5,183.9,184.93,186.05,186.5,183.9,184.93,2323075,2323075
COTY,-0.03,-0.00262,-0.262,11.42,11.49,11.24,11.4,11.42,11.49,11.24,11.4,7183266,7183266
ETSY,2.85,0.044524,4.4524,66.86,67.12,63.99,64.32,66.86,67.12,63.99,64.32,3057130,3057130
ULTA,-4.21,-0.011937,-1.1937,348.48,353.19,347.0,351.2,348.48,353.19,347.0,351.2,729058,729058
NKE,-0.44,-0.004973,-0.4973,88.04,88.8,87.82,88.1,88.04,88.8,87.82,88.1,6219722,6219722
SBUX,-0.21,-0.002402,-0.2402,87.23,87.65,86.89,87.29,87.23,87.65,86.89,87.29,5355536,5355536
SNAP,0.11,0.007266,0.7266,15.25,15.57,14.8,15.3,15.25,15.57,14.8,15.3,26250621,26250621
FIZZ,-2.14,-0.047747,-4.7747,42.68,44.9,42.63,44.89,42.68,44.9,42.63,44.89,510821,510821
