symbol,change,changeOverTime,changePercent,close,high,low,open,uClose,uHigh,uLow,uOpen,uVolume,volume
NFLX,-18.05,-0.061531,-6.1531,275.3,290.9,273.36,289.36,275.3,290.9,273.36,289.36,23449638,23449638
DECK,-1.18,-0.007464,-0.7464,156.91,157.88,154.19,156.16,156.91,157.88,154.19,156.16,360807,360807
AAPL,1.13,0.004803,0.4803,236.41,237.58,234.29,234.59,236.41,237.58,234.29,234.59,24377166,24377166
VFC,0.93,0.010159,1.0159,92.47,93.1,90.83,91.08,92.47,93.1,90.83,91.08,1568809,1568809
DEO,-1.02,-0.006271,-0.6271,161.63,162.25,161.03,161.65,161.63,162.25,161.03,161.65,334477,334477
LRLCF,-4.05,-0.014811,-1.4811,269.4,269.4,266.2,267.05,269.4,269.4,266.2,267.05,222,222
TIF,-3.09,-0.033741,-3.3741,88.49,90.5,88.42,90.29,88.49,90.5,88.42,90.29,1326327,1326327
LB,-1.79,-0.098895,-9.8895,16.31,17.4,16.31,16.99,16.31,17.4,16.31,16.99,15935265,15935265
TGT,-0.42,-0.003709,-0.3709,112.81,113.74,112.4,112.86,112.81,113.74,112.4,112.86,3887830,3887830
UAA,-0.83,-0.040448,-4.0448,19.69,20.07,19.51,20.04,19.69,20.07,19.51,20.04,4233268,4233268
PLNT,-0.35,-0.005753,-0.5753,60.49,60.82,59.92,60.65,60.49,60.82,59.92,60.65,595150,595150
EL,-2.17,-0.011561,-1.1561,185.53,186.94,183.84,186.65,185.53,186.94,183.84,186.65,3567100,3567100
LVMHF,-3.41,-0.008125,-0.8125,416.3,419.7,415.9,418.95,416.3,419.7,415.9,418.95,84,84
LULU,2.15,0.01049,1.049,207.11,209.02,203.31,203.7,207.11,209.02,203.31,203.7,2359043,2359043
COTY,-0.08,-0.007843,-0.7843,10.12,10.27,10.06,10.15,10.12,10.27,10.06,10.15,3190367,3190367
ETSY,-2.81,-0.046508,-4.6508,57.61,59.5,56.8,59.2,57.61,59.5,56.8,59.2,2921383,2921383
ULTA,-8.18,-0.032971,-3.2971,239.92,247.24,239.8,246.8,239.92,247.24,239.8,246.8,1326165,1326165
NKE,0.54,0.005651,0.5651,96.1,96.46,94.8,94.81,96.1,96.46,94.8,94.81,6209222,6209222
SBUX,-0.26,-0.003013,-0.3013,86.03,86.75,85.52,86.35,86.03,86.75,85.52,86.35,4631218,4631218
SNAP,-0.26,-0.018868,-1.8868,13.52,14.28,13.42,14.15,13.52,14.28,13.42,14.15,39057300,39057300
FIZZ,-0.96,-0.01952,-1.952,48.22,49.31,47.76,49.21,48.22,49.31,47.76,49.21,555217,555217
