symbol,change,changeOverTime,changePercent,close,high,low,open,uClose,uHigh,uLow,uOpen,uVolume,volume
NFLX,0,0,0,364.07,355.96,352.9,360.29,361.35,361.35,354.9,350.91,4161444,4064364
DECK,0,0,0,158.46,158.8,155.64,156.56,154.95,161.63,150.89,151.55,524075,511546
AAPL,0,0,0,186.9,180.39,182.4,181.16,182.7,182.55,178.07,183.02,21260766,21534493
VFC,0,0,0,84.76,83.95,83.11,82.55,84.94,84.76,82.26,82.04,2202917,2160771
DEO,0,0,0,176.01,172.4,172.01,174.67,171.55,177.8,171.67,174.59,293656,288307
LRLCF,0,0,0,278.6,275.68,267.8,272.1,270.62,279.58,271.2,273.6,173,168
TIF,0,0,0,91.94,94.2,92.2,95.67,92.0,96.1,93.0,95.12,1862867,1879423
LB,0,0,0,23.81,24.13,23.33,22.96,23.46,23.69,23.24,22.76,5038810,4894955
TGT,0,0,0,83.59,83.7,82.9,81.47,81.65,82.35,81.4,82.45,4045287,4102718
UAA,0,0,0,23.43,23.41,23.46,23.34,23.03,24.29,22.61,23.32,3289838,3237784
PLNT,0,0,0,76.83,79.43,75.72,78.2,78.82,77.64,74.66,76.46,631561,659462
EL,0,0,0,166.82,169.8,164.58,171.66,172.31,173.8,168.51,172.2,1154161,1171403
LVMHF,0,0,0,389.0,395.65,382.0,386.68,398.0,391.98,388.4,389.04,434,437
LULU,0,0,0,165.11,173.39,162.82,165.46,170.09,170.3,165.54,163.67,1960199,1965904
COTY,0,0,0,13.13,12.89,12.59,12.81,13.0,12.99,13.06,13.1,5991361,5884942
ETSY,0,0,0,64.8,63.96,62.64,65.53,65.63,64.54,61.97,64.81,1280189,1282091
ULTA,0,0,0,342.26,336.82,332.39,333.64,330.39,334.94,327.35,331.94,1369504,1320294
NKE,0,0,0,82.64,80.86,79.08,81.5,79.55,82.14,82.47,81.7,6479756,6280972
SBUX,0,0,0,78.01,76.77,75.87,76.93,77.22,78.46,79.15,76.12,7215852,7303369
SNAP,0,0,0,12.46,12.79,12.15,12.07,12.53,12.72,11.69,11.83,28770280,29755939
FIZZ,0,0,0,47.49,51.1,45.7,49.37,46.46,50.11,47.2,49.53,429916,422345
