symbol,change,changeOverTime,changePercent,close,high,low,open,uClose,uHigh,uLow,uOpen,uVolume,volume
NFLX,4.68,0.014535,1.4535,326.67,331.8,319.0,320.6,326.67,331.8,319.0,320.6,11131627,11131627
DECK,-0.62,-0.005018,-0.5018,122.93,123.17,119.8,123.04,122.93,123.17,119.8,123.04,545775,545775
AAPL,-1.22,-0.007926,-0.7926,152.7,154.48,151.74,154.11,152.7,154.48,151.74,154.11,25441549,25441549
VFC,0.45,0.005429,0.5429,83.34,83.41,82.1,82.8,83.34,83.41,82.1,82.8,3120712,3120712
DEO,-0.63,-0.004389,-0.4389,142.9,143.0,142.33,142.9,142.9,143.0,142.33,142.9,206315,206315
LRLCF,-1.57,-0.006828,-0.6828,228.05,228.05,228.05,228.05,228.05,228.05,228.05,228.05,110,110
TIF,0.18,0.002061,0.2061,87.52,87.71,86.38,87.71,87.52,87.71,86.38,87.71,1614258,1614258
LB,0.59,0.021715,2.1715,27.76,27.81,27.11,27.34,27.76,27.81,27.11,27.34,3140790,3140790
TGT,0.29,0.004124,0.4124,70.61,70.9,69.82,70.55,70.61,70.9,69.82,70.55,4057032,4057032
UAA,0.46,0.022682,2.2682,20.74,20.78,20.18,20.28,20.74,20.78,20.18,20.28,4156292,4156292
PLNT,-0.18,-0.003114,-0.3114,57.62,58.13,57.17,57.69,57.62,58.13,57.17,57.69,703232,703232
EL,-1.66,-0.013082,-1.3082,125.23,127.07,124.54,126.58,125.23,127.07,124.54,126.58,2103951,2103951
LVMHF,-3.21,-0.01094,-1.094,290.22,294.17,290.22,291.15,290.22,294.17,290.22,291.15,160,160
LULU,-1.42,-0.009476,-0.9476,148.43,150.26,147.23,150.0,148.43,150.26,147.23,150.0,2033747,2033747
COTY,-0.33,-0.04502,-4.502,7.0,7.35,6.9,7.32,7.0,7.35,6.9,7.32,14105008,14105008
ETSY,0.51,0.009474,0.9474,54.34,54.46,53.26,54.0,54.34,54.46,53.26,54.0,911798,911798
ULTA,-0.21,-0.000729,-0.0729,287.99,289.7,286.12,289.61,287.99,289.7,286.12,289.61,353647,353647
NKE,-0.06,-0.000745,-0.0745,80.44,80.87,79.55,80.6,80.44,80.87,79.55,80.6,4753325,4753325
SBUX,-1.69,-0.02544,-2.544,64.74,66.76,62.93,66.61,64.74,66.76,62.93,66.61,29719619,29719619
SNAP,0.18,0.03005,3.005,6.17,6.2,5.91,5.94,6.17,6.2,5.91,5.94,15691832,15691832
FIZZ,0.56,0.006739,0.6739,83.66,84.2,80.54,82.97,83.66,84.2,80.54,82.97,254203,254203
