symbol,change,changeOverTime,changePercent,close,high,low,open,uClose,uHigh,uLow,uOpen,uVolume,volume
NFLX,0,0,0,307.63,313.42,304.68,310.96,307.63,313.42,304.68,310.96,8692485,8692485
DECK,0,0,0,145.59,146.79,142.5,144.23,145.59,146.79,142.5,144.23,632324,632324
AAPL,0,0,0,193.34,198.65,192.58,197.99,193.34,198.65,192.58,197.99,52392969,52392969
VFC,0,0,0,80.46,81.65,79.97,81.24,80.46,81.65,79.97,81.24,2384169,2384169
DEO,0,0,0,163.28,166.01,162.37,165.66,163.28,166.01,162.37,165.66,480882,480882
LRLCF,0,0,0,257.15,263.05,257.15,263.05,257.15,263.05,257.15,263.05,2409,2409
TIF,0,0,0,87.86,88.59,86.06,88.59,87.86,88.59,86.06,88.59,2486252,2486252
LB,0,0,0,23.77,23.9,23.24,23.83,23.77,23.9,23.24,23.83,4856441,4856441
TGT,0,0,0,80.79,81.57,80.03,81.3,80.79,81.57,80.03,81.3,7255558,7255558
UAA,0,0,0,20.82,21.15,20.52,20.96,20.82,21.15,20.52,20.96,5904356,5904356
PLNT,0,0,0,74.74,76.14,74.1,75.34,74.74,76.14,74.1,75.34,1389004,1389004
EL,0,0,0,174.56,179.86,173.22,179.86,174.56,179.86,173.22,179.86,1983848,1983848
LVMHF,0,0,0,382.39,388.6,379.49,387.95,382.39,388.6,379.49,387.95,5382,5382
LULU,0,0,0,174.46,176.55,172.12,173.6,174.46,176.55,172.12,173.6,2364523,2364523
COTY,0,0,0,10.15,10.62,10.12,10.59,10.15,10.62,10.12,10.59,6082026,6082026
ETSY,0,0,0,53.94,57.76,52.82,56.48,53.94,57.76,52.82,56.48,6277708,6277708
ULTA,0,0,0,330.14,331.98,326.34,331.98,330.14,331.98,326.34,331.98,728400,728400
NKE,0,0,0,78.97,80.05,78.19,79.66,78.97,80.05,78.19,79.66,8493272,8493272
SBUX,0,0,0,93.7,95.52,93.03,94.51,93.7,95.52,93.03,94.51,8917441,8917441
SNAP,0,0,0,16.46,16.63,16.03,16.57,16.46,16.63,16.03,16.57,26598609,26598609
FIZZ,0,0,0,44.32,46.0,43.76,45.65,44.32,46.0,43.76,45.65,816812,816812
