symbol,change,changeOverTime,changePercent,close,high,low,open,uClose,uHigh,uLow,uOpen,uVolume,volume
NFLX,0,0,0,375.95,372.2,372.71,370.01,374.69,372.82,356.19,360.29,5014316,4860362
DECK,0,0,0,160.56,161.37,157.72,158.41,161.26,167.67,163.15,157.22,456664,458351
AAPL,0,0,0,193.62,192.06,186.34,193.46,196.49,192.34,188.63,192.92,31269307,31177177
VFC,0,0,0,88.37,85.53,87.38,86.54,86.02,85.14,85.99,85.25,1305102,1311953
DEO,0,0,0,178.51,176.42,178.45,178.66,179.71,174.53,175.44,181.69,351339,349600
LRLCF,0,0,0,291.9,288.5,281.0,286.4,284.7,291.8,284.3,287.7,22,21
TIF,0,0,0,91.71,92.34,91.5,94.4,92.62,91.93,94.68,93.5,1234907,1243554
LB,0,0,0,22.9,23.18,23.62,23.84,23.2,23.07,23.48,23.4,4032618,4054435
TGT,0,0,0,90.62,88.87,89.9,89.3,88.47,90.02,90.16,89.9,5440855,5304207
UAA,0,0,0,27.2,26.69,25.99,26.7,27.0,26.91,25.88,26.8,3506825,3457775
PLNT,0,0,0,78.78,79.5,81.07,81.88,80.71,79.55,81.25,81.23,1327845,1306464
EL,0,0,0,181.55,182.04,178.23,178.85,176.98,180.31,181.91,181.72,1106637,1084942
LVMHF,0,0,0,409.4,408.44,420.7,421.1,410.7,426.27,406.9,405.5,1495,1524
LULU,0,0,0,179.21,178.7,171.87,179.76,173.2,178.9,173.68,179.86,1880260,1901187
COTY,0,0,0,13.92,14.23,13.54,14.2,13.58,14.18,13.53,13.8,5368001,5456845
ETSY,0,0,0,66.81,65.95,64.28,63.62,66.78,66.77,62.41,62.45,2014531,1977837
ULTA,0,0,0,340.51,347.58,350.43,356.72,344.9,346.38,350.82,351.86,584534,570820
NKE,0,0,0,86.8,85.64,85.7,86.45,87.22,87.08,86.24,84.92,3971366,3975233
SBUX,0,0,0,84.76,86.55,82.77,82.3,83.2,85.79,81.82,82.9,11583048,11520005
SNAP,0,0,0,14.12,14.44,14.1,14.05,14.46,14.33,14.21,14.5,29757119,29806976
FIZZ,0,0,0,50.03,52.1,48.67,51.21,49.35,51.5,49.81,50.65,335375,344466
