symbol,change,changeOverTime,changePercent,close,high,low,open,uClose,uHigh,uLow,uOpen,uVolume,volume
NFLX,-4.77,-0.013145,-1.3145,358.1,366.39,357.71,362.47,358.1,366.39,357.71,362.47,6186763,6186763
DECK,-0.59,-0.003972,-0.3972,147.95,149.45,146.72,148.03,147.95,149.45,146.72,148.03,494200,494200
AAPL,-1.72,-0.009836,-0.9836,173.15,174.91,172.92,174.32,173.15,174.91,172.92,174.32,28215416,28215416
VFC,-0.37,-0.004217,-0.4217,87.36,87.95,87.17,87.76,87.36,87.95,87.17,87.76,1384946,1384946
DEO,-1.14,-0.007311,-0.7311,154.78,155.24,153.97,153.97,154.78,155.24,153.97,153.97,291101,291101
LRLCF,0.6965,0.002768,0.2768,252.33,252.33,252.33,252.33,252.33,252.33,252.33,252.33,110,110
TIF,-0.74,-0.007726,-0.7726,95.04,95.52,93.92,95.36,95.04,95.52,93.92,95.36,2456537,2456537
LB,-1.26,-0.045985,-4.5985,26.14,26.48,24.77,25.8,26.14,26.48,24.77,25.8,15074252,15074252
TGT,-0.38,-0.005204,-0.5204,72.64,73.12,72.27,73.12,72.64,73.12,72.27,73.12,5375787,5375787
UAA,0.03,0.001332,0.1332,22.55,23.08,22.41,22.52,22.55,23.08,22.41,22.52,4779607,4779607
PLNT,0.33,0.005646,0.5646,58.78,59.08,57.38,58.28,58.78,59.08,57.38,58.28,1942903,1942903
EL,-0.11,-0.0007,-0.07,156.94,158.76,156.09,157.09,156.94,158.76,156.09,157.09,1270419,1270419
LVMHF,-1.21,-0.00351,-0.351,343.56,345.0,343.56,343.81,343.56,345.0,343.56,343.81,212,212
LULU,-0.14,-0.00093,-0.093,150.42,151.23,148.53,150.18,150.42,151.23,148.53,150.18,1234633,1234633
COTY,-0.05,-0.004525,-0.4525,11.0,11.09,10.95,11.09,11.0,11.09,10.95,11.09,7744928,7744928
ETSY,-0.47,-0.006551,-0.6551,71.27,72.45,69.64,71.65,71.27,72.45,69.64,71.65,4879077,4879077
ULTA,5.38,0.017518,1.7518,312.49,315.16,304.3,306.02,312.49,315.16,304.3,306.02,756350,756350
NKE,-0.44,-0.005106,-0.5106,85.73,86.4,85.68,86.08,85.73,86.4,85.68,86.08,4988146,4988146
SBUX,0.11,0.001568,0.1568,70.26,70.49,69.78,70.14,70.26,70.49,69.78,70.14,18956744,18956744
SNAP,-0.01,-0.001019,-0.1019,9.8,9.93,9.63,9.85,9.8,9.93,9.63,9.85,16476279,16476279
FIZZ,0.09,0.001314,0.1314,68.59,69.63,68.44,68.85,68.59,69.63,68.44,68.85,275953,275953
