symbol,change,changeOverTime,changePercent,close,high,low,open,uClose,uHigh,uLow,uOpen,uVolume,volume
NFLX,0,0,0,332.7,336.4,328.77,335.98,332.7,336.4,328.77,335.98,5782817,5782817
DECK,0,0,0,159.36,160.66,156.19,159.94,159.36,160.66,156.19,159.94,799183,799183
AAPL,0,0,0,209.68,210.64,208.44,208.46,209.68,210.64,208.44,208.46,21673389,21673389
VFC,0,0,0,88.33,88.83,87.47,88.5,88.33,88.83,87.47,88.5,1157855,1157855
DEO,0,0,0,167.91,168.1,166.8,167.47,167.91,168.1,166.8,167.47,562208,562208
LRLCF,0,0,0,278.6,280.0,278.6,280.0,278.6,280.0,278.6,280.0,419,419
TIF,0,0,0,92.93,93.47,91.74,93.18,92.93,93.47,91.74,93.18,1118986,1118986
LB,0,0,0,26.16,26.63,25.76,26.4,26.16,26.63,25.76,26.4,3886331,3886331
TGT,0,0,0,87.23,87.46,86.66,87.16,87.23,87.46,86.66,87.16,3328773,3328773
UAA,0,0,0,27.44,27.52,27.0,27.32,27.44,27.52,27.0,27.32,6859583,6859583
PLNT,0,0,0,77.96,79.65,77.94,79.0,77.96,79.65,77.94,79.0,773025,773025
EL,0,0,0,192.06,192.42,190.1,191.27,192.06,192.42,190.1,191.27,918456,918456
LVMHF,0,0,0,420.85,423.51,419.81,423.05,420.85,423.51,419.81,423.05,428,428
LULU,0,0,0,192.09,192.34,188.68,190.67,192.09,192.34,188.68,190.67,841828,841828
COTY,0,0,0,11.0,11.17,10.95,11.1,11.0,11.17,10.95,11.1,2436675,2436675
ETSY,0,0,0,69.12,70.6,68.11,70.55,69.12,70.6,68.11,70.55,1500522,1500522
ULTA,0,0,0,346.13,353.2,341.4,352.67,346.13,353.2,341.4,352.67,815667,815667
NKE,0,0,0,87.62,87.87,87.18,87.65,87.62,87.87,87.18,87.65,4387337,4387337
SBUX,0,0,0,98.02,98.94,97.21,98.05,98.02,98.94,97.21,98.05,11184513,11184513
SNAP,0,0,0,17.5,18.12,17.44,18.01,17.5,18.12,17.44,18.01,25542301,25542301
FIZZ,0,0,0,42.3,42.75,41.52,42.74,42.3,42.75,41.52,42.74,179315,179315
