symbol,change,changeOverTime,changePercent,close,high,low,open,uClose,uHigh,uLow,uOpen,uVolume,volume
NFLX,4.74,293.619856,1.2145,397.69,397.4,390.0,384.38,397.42,394.5,378.7,390.01,10497083,10277355
DECK,2.2,108.9,1.4137,153.61,154.5,153.64,154.35,156.1,158.15,151.28,151.08,372821,367987
AAPL,3.04,210.044043,1.4631,213.55,209.09,212.2,214.0,216.52,216.76,208.3,205.15,23692151,23868236
VFC,-0.27,9.286147,-0.2833,96.44,95.63,94.09,97.28,95.77,95.95,97.14,98.74,1953420,1919161
DEO,1.28,3.084015,0.7632,167.4,173.15,168.87,168.62,171.2,169.91,170.68,167.25,463185,454812
LRLCF,-0.54,2.842798,-0.2088,273.65,276.58,280.68,272.4,277.44,275.95,283.11,273.54,2147,2212
TIF,2.03,3.434027,1.9788,113.01,111.9,110.83,110.55,112.42,110.17,110.77,107.01,1257302,1212623
LB,0.46,1.024814,1.8695,25.89,26.7,26.04,25.62,26.15,26.34,25.85,25.31,7812479,7788456
TGT,0.14,1.838995,0.1772,86.2,83.13,81.65,84.9,83.46,83.0,81.43,83.1,6274628,6270930
UAA,0.44,2.57179,2.0847,22.66,22.98,22.77,22.54,22.77,23.6,22.26,22.38,2735422,2642720
PLNT,-0.67,3.691288,-0.8806,75.18,75.32,73.06,75.73,76.51,77.27,75.63,74.72,1151810,1121579
EL,1.2,10.86518,0.7236,175.12,180.3,176.52,172.81,174.84,180.0,169.65,169.98,1161538,1144826
LVMHF,-3.38,6.690795,-0.8478,407.25,394.82,404.49,398.24,395.39,409.04,402.58,401.33,1785,1760
LULU,3.88,11.792454,2.2764,180.06,180.67,178.94,178.5,177.61,182.03,176.34,180.08,2480920,2431011
COTY,0.0,-0.365815,0.0,11.67,11.62,11.25,11.78,11.5,11.3,11.29,11.46,5215971,5122137
ETSY,1.71,1.216,2.6927,65.88,66.94,65.94,63.98,66.06,65.92,64.13,65.59,1848617,1852723
ULTA,4.4,11.200213,1.263,351.84,367.05,363.24,354.61,355.78,364.39,352.49,350.1,563350,582367
NKE,0.07,13.325368,0.0813,90.77,91.43,89.0,91.21,87.97,90.26,89.0,88.13,7851409,7672749
SBUX,0.59,12.0,0.8199,78.46,77.61,76.97,78.84,78.68,78.81,78.59,77.56,5352951,5389157
SNAP,0.47,-0.517094,4.1531,12.16,12.5,12.17,12.32,12.35,12.6,11.98,12.24,64862992,64808247
FIZZ,1.41,8.799735,2.6726,58.0,58.82,55.41,55.79,57.7,57.18,56.47,55.59,279813,283927
