symbol,change,changeOverTime,changePercent,close,high,low,open,uClose,uHigh,uLow,uOpen,uVolume,volume
NFLX,-2.59,-0.007217,-0.7217,356.27,360.13,353.8,359.37,356.27,360.13,353.8,359.37,5164571,5164571
DECK,-0.93,-0.006516,-0.6516,141.79,143.28,139.81,142.72,141.79,143.28,139.81,142.72,406919,406919
AAPL,2.01,0.011235,1.1235,180.91,182.67,179.37,180.0,180.91,182.67,179.37,180.0,32467584,32467584
VFC,-0.34,-0.003994,-0.3994,84.78,85.67,84.48,85.4,84.78,85.67,84.48,85.4,1418526,1418526
DEO,-0.84,-0.005241,-0.5241,159.45,160.12,159.01,159.03,159.45,160.12,159.01,159.03,226374,226374
LRLCF,0.0,0.0,0.0,254.05,0.0,0.0,0.0,254.05,0.0,0.0,0.0,0,0
TIF,-0.41,-0.004258,-0.4258,95.87,96.86,95.42,96.16,95.87,96.86,95.42,96.16,1223496,1223496
LB,0.03,0.001143,0.1143,26.27,26.44,25.87,26.2,26.27,26.44,25.87,26.2,3108062,3108062
TGT,-0.09,-0.00118,-0.118,76.18,76.5,75.77,76.44,76.18,76.5,75.77,76.44,3646239,3646239
UAA,-0.2,-0.009079,-0.9079,21.83,22.03,21.25,21.95,21.83,22.03,21.25,21.95,7068227,7068227
PLNT,0.84,0.01278,1.278,66.57,66.81,65.78,65.84,66.57,66.81,65.78,65.84,1213807,1213807
EL,1.71,0.010856,1.0856,159.22,160.0,157.82,158.2,159.22,160.0,157.82,158.2,2007193,2007193
LVMHF,3.75,0.010859,1.0859,349.1,349.96,345.3,347.05,349.1,349.96,345.3,347.05,105,105
LULU,0.5,0.003441,0.3441,145.79,146.06,142.67,145.28,145.79,146.06,142.67,145.28,2090125,2090125
COTY,-0.03,-0.002747,-0.2747,10.89,11.02,10.88,10.92,10.89,11.02,10.88,10.92,7704437,7704437
ETSY,0.49,0.006935,0.6935,71.15,71.68,69.3,70.51,71.15,71.68,69.3,70.51,1777680,1777680
ULTA,1.66,0.005359,0.5359,311.41,312.0,304.32,310.69,311.41,312.0,304.32,310.69,779268,779268
NKE,-0.39,-0.004544,-0.4544,85.43,86.08,85.02,85.78,85.43,86.08,85.02,85.78,4431552,4431552
SBUX,0.37,0.00531,0.531,70.05,70.58,69.69,69.74,70.05,70.58,69.69,69.74,12751689,12751689
SNAP,-0.08,-0.008032,-0.8032,9.88,10.04,9.68,10.04,9.88,10.04,9.68,10.04,16308382,16308382
FIZZ,-0.29,-0.004885,-0.4885,59.07,59.85,57.16,59.38,59.07,59.85,57.16,59.38,726135,726135
