symbol,change,changeOverTime,changePercent,close,high,low,open,uClose,uHigh,uLow,uOpen,uVolume,volume
NFLX,5.32,0.019595,1.9595,276.82,277.77,270.18,270.68,276.82,277.77,270.18,270.68,4747829,4747829
DECK,-5.14,-0.032944,-3.2944,150.88,155.14,145.31,155.14,150.88,155.14,145.31,155.14,994563,994563
AAPL,3.0,0.012316,1.2316,246.58,246.73,242.88,243.16,246.58,246.73,242.88,243.16,18369296,18369296
VFC,-6.67,-0.073442,-7.3442,84.15,85.83,81.49,84.9,84.15,85.83,81.49,84.9,7369821,7369821
DEO,-1.41,-0.008717,-0.8717,160.34,161.06,160.21,160.85,160.34,161.06,160.21,160.85,332807,332807
LRLCF,1.25,0.004695,0.4695,267.5,270.5,266.6,266.6,267.5,270.5,266.6,266.6,95,95
TIF,0.88,0.00901,0.901,98.55,103.0,97.16,98.3,98.55,103.0,97.16,98.3,3706388,3706388
LB,0.22,0.012543,1.2543,17.76,18.11,17.35,17.45,17.76,18.11,17.35,17.45,3573809,3573809
TGT,-1.23,-0.011156,-1.1156,109.02,109.99,108.53,109.92,109.02,109.99,108.53,109.92,5659681,5659681
UAA,0.2,0.009588,0.9588,21.06,21.31,20.51,20.62,21.06,21.31,20.51,20.62,2700080,2700080
PLNT,-0.07,-0.001145,-0.1145,61.04,61.22,60.52,60.92,61.04,61.22,60.52,60.92,671606,671606
EL,1.06,0.005651,0.5651,188.63,190.38,186.41,187.0,188.63,190.38,186.41,187.0,1490174,1490174
LVMHF,7.24,0.017392,1.7392,423.52,425.9,423.49,424.11,423.52,425.9,423.49,424.11,281,281
LULU,1.16,0.005608,0.5608,208.0,208.06,205.0,206.35,208.0,208.06,205.0,206.35,993525,993525
COTY,-0.02,-0.001698,-0.1698,11.76,11.9,11.53,11.74,11.76,11.9,11.53,11.74,2953771,2953771
ETSY,0.92,0.015931,1.5931,58.67,59.0,55.67,57.41,58.67,59.0,55.67,57.41,4683890,4683890
ULTA,1.97,0.008245,0.8245,240.9,242.48,237.73,238.38,240.9,242.48,237.73,238.38,659343,659343
NKE,-0.58,-0.006339,-0.6339,90.92,91.83,90.75,91.44,90.92,91.83,90.75,91.44,8147156,8147156
SBUX,0.2,0.002404,0.2404,83.38,83.57,82.63,83.21,83.38,83.57,82.63,83.21,5235296,5235296
SNAP,0.44,0.032544,3.2544,13.96,14.01,13.32,13.41,13.96,14.01,13.32,13.41,28339759,28339759
FIZZ,0.15,0.003016,0.3016,49.89,50.41,49.06,49.45,49.89,50.41,49.06,49.45,276846,276846
