symbol,change,changeOverTime,changePercent,close,high,low,open,uClose,uHigh,uLow,uOpen,uVolume,volume
NFLX,5.01,0.017171,1.7171,296.78,299.93,294.99,295.0,296.78,299.93,294.99,295.0,4392532,4392532
DECK,3.52,0.024622,2.4622,146.48,146.86,144.75,144.75,146.48,146.86,144.75,144.75,344771,344771
AAPL,3.48,0.016932,1.6932,209.01,209.32,206.66,208.5,209.01,209.32,206.66,208.5,21007652,21007652
VFC,2.09,0.025736,2.5736,83.3,83.62,82.27,82.43,83.3,83.62,82.27,82.43,1788325,1788325
DEO,1.49,0.008815,0.8815,170.52,170.64,169.65,170.0,170.52,170.64,169.65,170.0,211631,211631
LRLCF,7.26,0.026686,2.6686,279.21,279.21,274.05,278.0,279.21,279.21,274.05,278.0,349,349
TIF,0.37,0.004344,0.4344,85.54,86.78,84.0,85.28,85.54,86.78,84.0,85.28,2745686,2745686
LB,-0.06,-0.003599,-0.3599,16.61,17.11,16.55,16.82,16.61,17.11,16.55,16.82,6707863,6707863
TGT,1.53,0.01438,1.438,107.93,108.55,106.93,107.99,107.93,108.55,106.93,107.99,5197763,5197763
UAA,0.42,0.023077,2.3077,18.62,18.75,18.34,18.47,18.62,18.75,18.34,18.47,3944284,3944284
PLNT,0.78,0.010911,1.0911,72.27,73.62,71.67,72.22,72.27,73.62,71.67,72.22,1970811,1970811
EL,1.06,0.005233,0.5233,203.61,205.56,201.89,204.49,203.61,205.56,201.89,204.49,1608978,1608978
LVMHF,3.2,0.008085,0.8085,399.0,400.65,397.34,398.55,399.0,400.65,397.34,398.55,115,115
LULU,3.36,0.018391,1.8391,186.06,187.2,184.16,184.83,186.06,187.2,184.16,184.83,1423914,1423914
COTY,0.02,0.002144,0.2144,9.35,9.46,9.17,9.35,9.35,9.46,9.17,9.35,6189348,6189348
ETSY,0.06,0.001104,0.1104,54.4,55.5,53.97,55.5,54.4,55.5,53.97,55.5,1004142,1004142
ULTA,7.07,0.0214,2.14,337.45,342.0,333.09,337.5,337.45,342.0,333.09,337.5,3171999,3171999
NKE,1.9,0.02276,2.276,85.38,85.77,84.17,84.22,85.38,85.77,84.17,84.22,5102066,5102066
SBUX,0.63,0.00649,0.649,97.7,98.07,97.06,97.85,97.7,98.07,97.06,97.85,4514498,4514498
SNAP,0.23,0.014791,1.4791,15.78,16.08,15.75,15.81,15.78,16.08,15.75,15.81,14749471,14749471
FIZZ,0.0,0.0,0.0,40.15,41.47,39.94,40.39,40.15,41.47,39.94,40.39,212842,212842
