symbol,change,changeOverTime,changePercent,close,high,low,open,uClose,uHigh,uLow,uOpen,uVolume,volume
NFLX,0,0,0,378.0,377.73,369.0,375.0,386.24,388.16,368.0,379.0,7747105,7694600
DECK,0,0,0,176.4,183.83,173.49,180.08,177.7,184.05,174.63,175.94,521803,529482
AAPL,0,0,0,202.97,202.69,205.37,202.4,204.68,206.14,201.81,200.0,49037435,49244371
VFC,0,0,0,92.49,93.33,90.72,91.26,91.76,89.38,89.69,93.32,2981449,3012847
DEO,0,0,0,178.25,179.08,179.0,175.84,175.16,173.34,175.6,171.61,260386,264787
LRLCF,0,0,0,301.9,300.07,293.9,304.02,292.6,301.95,300.8,292.79,1820,1754
TIF,0,0,0,97.27,98.73,95.06,98.4,93.69,100.17,95.92,97.02,2413715,2415305
LB,0,0,0,25.11,25.01,24.87,24.27,25.46,25.69,24.6,24.34,6663454,6621140
TGT,0,0,0,90.6,90.1,86.86,87.77,87.9,92.0,86.35,89.01,8143218,8237947
UAA,0,0,0,26.56,26.64,26.37,26.71,27.44,26.63,26.65,27.01,5619714,5563201
PLNT,0,0,0,77.52,81.23,76.85,78.12,78.73,78.33,78.17,80.25,1922176,1894810
EL,0,0,0,181.96,191.3,186.26,184.16,182.91,185.67,182.5,189.46,1931666,1914066
LVMHF,0,0,0,430.61,423.84,420.34,431.96,425.84,419.44,435.99,428.07,273,275
LULU,0,0,0,184.72,188.0,185.88,191.7,187.91,189.6,184.89,191.4,4292041,4299842
COTY,0,0,0,13.13,13.6,13.32,14.13,13.21,14.0,13.51,13.76,13405884,13009980
ETSY,0,0,0,67.22,70.56,68.62,69.21,66.19,71.13,68.38,69.73,2427378,2356702
ULTA,0,0,0,360.67,377.15,372.29,360.88,369.75,378.02,365.99,371.34,761212,750196
NKE,0,0,0,88.13,87.72,86.5,85.71,87.53,86.27,88.6,85.91,9747030,9666378
SBUX,0,0,0,86.24,87.83,87.65,85.91,86.49,87.53,86.7,86.42,13152715,12633272
SNAP,0,0,0,15.03,15.28,14.66,15.06,14.95,15.41,14.75,14.81,13622091,13735070
FIZZ,0,0,0,45.24,45.19,44.19,44.43,45.78,46.08,44.67,43.99,525062,524443
