symbol,change,changeOverTime,changePercent,close,high,low,open,uClose,uHigh,uLow,uOpen,uVolume,volume
NFLX,-2.39,-0.006617,-0.6617,358.82,363.84,358.1,360.5,358.82,363.84,358.1,360.5,5271429,5271429
DECK,0.43,0.003023,0.3023,142.68,143.3,140.51,142.06,142.68,143.3,140.51,142.06,315743,315743
AAPL,2.02,0.011117,1.1117,183.73,184.1,182.56,183.9,183.73,184.1,182.56,183.9,23579508,23579508
VFC,-0.11,-0.001293,-0.1293,84.94,85.26,84.35,85.12,84.94,85.26,84.35,85.12,1201485,1201485
DEO,0.63,0.003917,0.3917,161.47,162.34,161.05,162.03,161.47,162.34,161.05,162.03,634480,634480
LRLCF,6.35,0.024589,2.4589,264.6,264.6,262.55,262.55,264.6,264.6,262.55,262.55,79,79
TIF,-1.08,-0.011186,-1.1186,95.47,96.86,94.88,96.74,95.47,96.86,94.88,96.74,1075313,1075313
LB,-0.85,-0.031388,-3.1388,26.23,27.0,26.06,27.0,26.23,27.0,26.06,27.0,4567497,4567497
TGT,-0.63,-0.008169,-0.8169,76.49,76.8,76.05,76.66,76.49,76.8,76.05,76.66,3779459,3779459
UAA,0.27,0.012228,1.2228,22.35,22.37,22.01,22.11,22.35,22.37,22.01,22.11,3618583,3618583
PLNT,0.71,0.010588,1.0588,67.77,67.93,66.88,67.08,67.77,67.93,66.88,67.08,1000678,1000678
EL,0.55,0.00345,0.345,159.99,160.08,158.02,159.03,159.99,160.08,158.02,159.03,1108124,1108124
LVMHF,6.37,0.018173,1.8173,356.62,357.43,354.37,355.51,356.62,357.43,354.37,355.51,38,38
LULU,-1.23,-0.008459,-0.8459,144.18,145.09,141.01,145.09,144.18,145.09,141.01,145.09,2284179,2284179
COTY,0.0,0.0,0.0,11.0,11.01,10.95,10.98,11.0,11.01,10.95,10.98,14887545,14887545
ETSY,-0.24,-0.003421,-0.3421,69.91,70.8,69.39,70.2,69.91,70.8,69.39,70.2,1593768,1593768
ULTA,-2.93,-0.009289,-0.9289,312.51,315.73,311.61,315.73,312.51,315.73,311.61,315.73,1271170,1271170
NKE,0.94,0.010939,1.0939,86.87,86.88,85.7,86.15,86.87,86.88,85.7,86.15,5906100,5906100
SBUX,0.64,0.00913,0.913,70.74,70.89,70.19,70.19,70.74,70.89,70.19,70.19,9249246,9249246
SNAP,1.23,0.122388,12.2388,11.28,11.38,10.55,10.6,11.28,11.38,10.55,10.6,80897288,80897288
FIZZ,-1.14,-0.019067,-1.9067,58.65,60.45,58.26,60.0,58.65,60.45,58.26,60.0,417876,417876
