symbol,change,changeOverTime,changePercent,close,high,low,open,uClose,uHigh,uLow,uOpen,uVolume,volume
NFLX,-0.6,-0.002088,-0.2088,286.81,289.12,283.02,288.7,286.81,289.12,283.02,288.7,5594293,5594293
DECK,2.25,0.014716,1.4716,155.15,157.87,152.91,154.17,155.15,157.87,152.91,154.17,752433,752433
AAPL,7.06,0.028381,2.8381,255.82,255.93,249.16,249.54,255.82,255.93,249.16,249.54,37781334,37781334
VFC,0.6,0.007291,0.7291,82.89,83.67,82.65,83.11,82.89,83.67,82.65,83.11,2147363,2147363
DEO,-0.87,-0.005309,-0.5309,163.0,164.33,162.94,164.33,163.0,164.33,162.94,164.33,215761,215761
LRLCF,-2.05,-0.007044,-0.7044,288.85,293.83,288.85,293.83,288.85,293.83,288.85,293.83,103,103
TIF,2.49,0.019998,1.9998,127.0,127.52,124.1,124.66,127.0,127.52,124.1,124.66,3782740,3782740
LB,0.5,0.029343,2.9343,17.54,17.66,17.11,17.2,17.54,17.66,17.11,17.2,4024218,4024218
TGT,0.91,0.008512,0.8512,107.82,108.37,107.43,108.06,107.82,108.37,107.43,108.06,3103957,3103957
UAA,0.49,0.023729,2.3729,21.14,21.31,20.78,20.81,21.14,21.31,20.78,20.81,4988502,4988502
PLNT,-0.63,-0.009896,-0.9896,63.03,64.2,62.68,64.0,63.03,64.2,62.68,64.0,1894578,1894578
EL,0.31,0.001664,0.1664,186.58,188.64,183.63,187.34,186.58,188.64,183.63,187.34,1710093,1710093
LVMHF,7.63,0.017812,1.7812,436.0,436.0,432.61,432.61,436.0,436.0,432.61,432.61,136,136
LULU,-3.58,-0.017526,-1.7526,200.69,205.66,199.23,205.18,200.69,205.66,199.23,205.18,2010645,2010645
COTY,-0.02,-0.001711,-0.1711,11.67,11.81,11.5,11.71,11.67,11.81,11.5,11.71,4240769,4240769
ETSY,1.17,0.026186,2.6186,45.66,46.72,43.94,44.45,45.66,46.72,43.94,44.45,6325661,6325661
ULTA,-0.04,-0.000172,-0.0172,233.11,235.47,232.9,235.16,233.11,235.47,232.9,235.16,1533565,1533565
NKE,-0.37,-0.004132,-0.4132,89.18,90.53,89.0,90.18,89.18,90.53,89.0,90.18,5263599,5263599
SBUX,-1.35,-0.015965,-1.5965,83.21,85.31,82.61,84.79,83.21,85.31,82.61,84.79,10658473,10658473
SNAP,0.12,0.007968,0.7968,15.18,15.38,14.93,15.09,15.18,15.38,14.93,15.09,19915881,19915881
FIZZ,0.93,0.021156,2.1156,44.89,44.97,43.53,43.95,44.89,44.97,43.53,43.95,287971,287971
