symbol,change,changeOverTime,changePercent,close,high,low,open,uClose,uHigh,uLow,uOpen,uVolume,volume
NFLX,0.56,0.001944,0.1944,288.59,290.56,285.84,288.19,288.59,290.56,285.84,288.19,3438257,3438257
DECK,0.17,0.001044,0.1044,162.99,164.77,160.7,163.04,162.99,164.77,160.7,163.04,520103,520103
AAPL,0.11,0.000428,0.0428,257.24,257.49,255.37,256.77,257.24,257.49,255.37,256.77,18966124,18966124
VFC,-0.09,-0.001044,-0.1044,86.11,86.57,85.32,86.34,86.11,86.57,85.32,86.34,2360280,2360280
DEO,0.53,0.003313,0.3313,160.51,161.39,160.39,161.29,160.51,161.39,160.39,161.29,251764,251764
LRLCF,5.0,0.017301,1.7301,294.0,294.0,290.9,290.9,294.0,294.0,290.9,290.9,477,477
TIF,0.39,0.003138,0.3138,124.69,125.78,123.86,124.87,124.69,125.78,123.86,124.87,7523392,7523392
LB,0.19,0.010698,1.0698,17.95,17.99,17.34,17.78,17.95,17.99,17.34,17.78,4728192,4728192
TGT,0.45,0.004089,0.4089,110.51,110.6,109.34,109.89,110.51,110.6,109.34,109.89,3234351,3234351
UAA,0.27,0.015084,1.5084,18.17,18.37,17.77,18.11,18.17,18.37,17.77,18.11,7430604,7430604
PLNT,1.56,0.026009,2.6009,61.54,61.71,59.73,59.98,61.54,61.71,59.73,59.98,849329,849329
EL,3.06,0.01663,1.663,187.06,187.54,184.41,185.04,187.06,187.54,184.41,185.04,1363062,1363062
LVMHF,2.45,0.005549,0.5549,444.0,444.0,440.04,442.0,444.0,444.0,440.04,442.0,848,848
LULU,6.4,0.032932,3.2932,200.74,200.9,194.29,196.98,200.74,200.9,194.29,196.98,2484817,2484817
COTY,1.56,0.136126,13.6126,13.02,13.42,11.39,11.95,13.02,13.42,11.39,11.95,24447601,24447601
ETSY,-0.61,-0.014111,-1.4111,42.62,43.33,42.0,43.23,42.62,43.33,42.0,43.23,3972412,3972412
ULTA,-1.43,-0.005827,-0.5827,243.99,246.75,241.35,246.11,243.99,246.75,241.35,246.11,627044,627044
NKE,-0.4,-0.00445,-0.445,89.48,90.72,88.74,90.64,89.48,90.72,88.74,90.64,7033830,7033830
SBUX,1.1,0.013433,1.3433,82.99,83.37,82.0,82.08,82.99,83.37,82.0,82.08,6365267,6365267
SNAP,-0.42,-0.028321,-2.8321,14.41,14.88,14.23,14.87,14.41,14.88,14.23,14.87,23041331,23041331
FIZZ,-0.7,-0.015341,-1.5341,44.93,46.02,44.86,45.75,44.93,46.02,44.86,45.75,302636,302636
