symbol,change,changeOverTime,changePercent,close,high,low,open,uClose,uHigh,uLow,uOpen,uVolume,volume
NFLX,-3.0,-0.008508,-0.8508,349.6,349.92,342.47,345.75,349.6,349.92,342.47,345.75,6898838,6898838
DECK,-0.95,-0.006692,-0.6692,141.01,142.75,139.51,141.59,141.01,142.75,139.51,141.59,381411,381411
AAPL,0.41,0.002377,0.2377,172.91,173.07,169.5,170.32,172.91,173.07,169.5,170.32,23999358,23999358
VFC,-0.79,-0.009294,-0.9294,84.21,84.95,82.77,84.47,84.21,84.95,82.77,84.47,1734375,1734375
DEO,-0.27,-0.001699,-0.1699,158.68,158.93,157.85,158.14,158.68,158.93,157.85,158.14,477394,477394
LRLCF,0.0,0.0,0.0,254.05,0.0,0.0,0.0,254.05,0.0,0.0,0.0,0,0
TIF,-0.16,-0.001693,-0.1693,94.33,94.41,92.7,93.51,94.33,94.41,92.7,93.51,910989,910989
LB,-0.4,-0.015215,-1.5215,25.89,26.05,25.55,25.99,25.89,26.05,25.55,25.99,3948201,3948201
TGT,-0.36,-0.004726,-0.4726,75.81,75.95,74.79,75.88,75.81,75.95,74.79,75.88,4581989,4581989
UAA,-0.18,-0.008314,-0.8314,21.47,21.56,21.22,21.42,21.47,21.56,21.22,21.42,3273349,3273349
PLNT,0.15,0.002348,0.2348,64.04,64.13,62.7,63.4,64.04,64.13,62.7,63.4,1319005,1319005
EL,0.64,0.004118,0.4118,156.04,156.74,154.29,155.22,156.04,156.74,154.29,155.22,1852461,1852461
LVMHF,4.4,0.012896,1.2896,345.6,345.6,341.4,341.4,345.6,345.6,341.4,341.4,97,97
LULU,-5.19,-0.035139,-3.5139,142.51,146.62,141.78,146.01,142.51,146.62,141.78,146.01,2785383,2785383
COTY,0.14,0.012891,1.2891,11.0,11.05,10.81,10.85,11.0,11.05,10.81,10.85,4252402,4252402
ETSY,0.53,0.007882,0.7882,67.77,68.25,62.03,64.0,67.77,68.25,62.03,64.0,3291876,3291876
ULTA,0.94,0.003077,0.3077,306.39,306.99,294.0,302.87,306.39,306.99,294.0,302.87,863981,863981
NKE,-0.46,-0.005395,-0.5395,84.8,84.88,84.02,84.58,84.8,84.88,84.02,84.58,4669677,4669677
SBUX,-1.25,-0.017703,-1.7703,69.36,70.27,69.03,70.15,69.36,70.27,69.03,70.15,12363892,12363892
SNAP,-0.01,-0.001054,-0.1054,9.48,9.56,9.18,9.22,9.48,9.56,9.18,9.22,15665028,15665028
FIZZ,-10.0,-0.146477,-14.6477,58.27,58.83,50.53,55.31,58.27,58.83,50.53,55.31,5414990,5414990
