symbol,change,changeOverTime,changePercent,close,high,low,open,uClose,uHigh,uLow,uOpen,uVolume,volume
NFLX,-2.94,-0.008169,-0.8169,356.97,362.85,353.88,360.03,356.97,362.85,353.88,360.03,6227897,6227897
DECK,-0.51,-0.003547,-0.3547,143.26,144.16,141.46,143.23,143.26,144.16,141.46,143.23,312840,312840
AAPL,-0.97,-0.005639,-0.5639,171.06,172.37,170.3,171.8,171.06,172.37,170.3,171.8,17249670,17249670
VFC,-0.57,-0.0066,-0.66,85.8,86.46,85.56,86.29,85.8,86.46,85.56,86.29,2126955,2126955
DEO,0.59,0.003755,0.3755,157.73,158.2,157.41,158.07,157.73,158.2,157.41,158.07,401072,401072
LRLCF,-1.2,-0.004691,-0.4691,254.6,258.16,251.65,258.16,254.6,258.16,251.65,258.16,556,556
TIF,-0.13,-0.001419,-0.1419,91.49,92.54,91.08,91.46,91.49,92.54,91.08,91.46,1197843,1197843
LB,-0.72,-0.026201,-2.6201,26.76,27.28,26.57,27.25,26.76,27.28,26.57,27.25,3069188,3069188
TGT,-0.68,-0.009352,-0.9352,72.03,72.97,71.68,72.76,72.03,72.97,71.68,72.76,3985269,3985269
UAA,0.14,0.006579,0.6579,21.42,21.76,20.86,21.36,21.42,21.76,20.86,21.36,6071727,6071727
PLNT,-0.23,-0.003933,-0.3933,58.25,58.73,57.98,58.62,58.25,58.73,57.98,58.62,619346,619346
EL,-0.14,-0.000894,-0.0894,156.53,157.0,155.62,156.14,156.53,157.0,155.62,156.14,1405641,1405641
LVMHF,-0.42,-0.001252,-0.1252,335.0,337.9,335.0,336.2,335.0,337.9,335.0,336.2,99,99
LULU,-0.01,-6.8e-05,-0.0068,148.11,149.11,147.05,147.47,148.11,149.11,147.05,147.47,977261,977261
COTY,-0.04,-0.003587,-0.3587,11.11,11.29,11.04,11.13,11.11,11.29,11.04,11.13,6734223,6734223
ETSY,-1.15,-0.021226,-2.1226,53.03,54.24,52.22,53.98,53.03,54.24,52.22,53.98,1911571,1911571
ULTA,1.71,0.005583,0.5583,308.02,309.7,304.12,306.28,308.02,309.7,304.12,306.28,671530,671530
NKE,-0.89,-0.01049,-1.049,83.95,84.15,83.35,83.57,83.95,84.15,83.35,83.57,8579155,8579155
SBUX,0.31,0.004404,0.4404,70.7,70.93,70.14,70.14,70.7,70.93,70.14,70.14,10933548,10933548
SNAP,0.15,0.016234,1.6234,9.39,9.4,9.13,9.14,9.39,9.4,9.13,9.14,20051621,20051621
FIZZ,0.15,0.002054,0.2054,73.18,74.53,72.98,73.17,73.18,74.53,72.98,73.17,186263,186263
