symbol,change,changeOverTime,changePercent,close,high,low,open,uClose,uHigh,uLow,uOpen,uVolume,volume
NFLX,2.56,0.00846,0.846,305.16,308.25,301.0,301.01,305.16,308.25,301.0,301.01,5115546,5115546
DECK,-3.92,-0.023878,-2.3878,160.25,164.21,159.24,164.21,160.25,164.21,159.24,164.21,555646,555646
AAPL,-3.1,-0.011641,-1.1641,263.19,266.08,260.4,265.54,263.19,266.08,260.4,265.54,26609919,26609919
VFC,-0.83,-0.009614,-0.9614,85.5,86.57,85.25,86.57,85.5,86.57,85.25,86.57,1253467,1253467
DEO,-0.61,-0.003775,-0.3775,161.0,161.68,160.82,161.48,161.0,161.68,160.82,161.48,245954,245954
LRLCF,-4.4,-0.015228,-1.5228,284.6,289.35,284.6,289.35,284.6,289.35,284.6,289.35,1768,1768
TIF,-0.17,-0.001377,-0.1377,123.33,123.64,122.12,122.94,123.33,123.64,122.12,122.94,1783159,1783159
LB,-1.29,-0.075087,-7.5087,15.89,17.1,15.8,17.08,15.89,17.1,15.8,17.08,19875523,19875523
TGT,15.58,0.14055,14.055,126.43,127.2,118.36,122.32,126.43,127.2,118.36,122.32,32377978,32377978
UAA,-0.34,-0.019619,-1.9619,16.99,17.31,16.93,17.3,16.99,17.31,16.93,17.3,2746788,2746788
PLNT,0.26,0.003638,0.3638,71.72,72.56,70.69,71.54,71.72,72.56,70.69,71.54,1260112,1260112
EL,-0.83,-0.004233,-0.4233,195.27,196.51,192.22,195.35,195.27,196.51,192.22,195.35,1725239,1725239
LVMHF,-3.89,-0.00884,-0.884,435.71,443.3,435.71,442.65,435.71,443.3,435.71,442.65,373,373
LULU,0.16,0.000738,0.0738,217.04,218.06,215.33,216.84,217.04,218.06,215.33,216.84,1534639,1534639
COTY,-0.02,-0.001671,-0.1671,11.95,12.07,11.91,11.92,11.95,12.07,11.91,11.92,4479301,4479301
ETSY,-0.22,-0.005384,-0.5384,40.64,41.65,40.06,40.97,40.64,41.65,40.06,40.97,5079736,5079736
ULTA,-5.31,-0.022162,-2.2162,234.29,236.95,231.97,236.83,234.29,236.95,231.97,236.83,1764634,1764634
NKE,-0.56,-0.005982,-0.5982,93.05,94.4,92.77,94.11,93.05,94.4,92.77,94.11,6235624,6235624
SBUX,-0.06,-0.000717,-0.0717,83.6,84.49,82.98,83.54,83.6,84.49,82.98,83.54,6251318,6251318
SNAP,0.15,0.009894,0.9894,15.31,15.52,15.01,15.07,15.31,15.52,15.01,15.07,21039055,21039055
FIZZ,0.17,0.00382,0.382,44.67,44.96,43.97,44.0,44.67,44.96,43.97,44.0,409800,409800
