symbol,change,changeOverTime,changePercent,close,high,low,open,uClose,uHigh,uLow,uOpen,uVolume,volume
NFLX,-3.19,-0.011783,-1.1783,267.53,271.0,264.57,270.02,267.53,271.0,264.57,270.02,6843488,6843488
DECK,1.57,0.011021,1.1021,144.03,144.36,141.04,144.15,144.03,144.36,141.04,144.15,413583,413583
AAPL,2.63,0.01172,1.172,227.03,227.79,225.64,227.03,227.03,227.79,225.64,227.03,19029424,19029424
VFC,1.48,0.017017,1.7017,88.45,88.74,87.39,87.95,88.45,88.74,87.39,87.95,958655,958655
DEO,2.07,0.012724,1.2724,164.76,165.0,163.76,163.95,164.76,165.0,163.76,163.95,396504,396504
LRLCF,3.3,0.012204,1.2204,273.7,273.7,272.95,272.95,273.7,273.7,272.95,272.95,219,219
TIF,1.88,0.021701,2.1701,88.51,88.76,86.88,87.83,88.51,88.76,86.88,87.83,1044886,1044886
LB,-0.52,-0.029379,-2.9379,17.18,17.86,17.15,17.86,17.18,17.86,17.15,17.86,5315880,5315880
TGT,1.84,0.016955,1.6955,110.36,111.25,109.53,109.92,110.36,111.25,109.53,109.92,5872646,5872646
UAA,0.46,0.024198,2.4198,19.47,19.69,19.14,19.18,19.47,19.69,19.14,19.18,4276620,4276620
PLNT,1.09,0.019395,1.9395,57.29,57.49,56.24,56.59,57.29,57.49,56.24,56.59,644355,644355
EL,2.01,0.01063,1.063,191.1,192.67,189.72,190.57,191.1,192.67,189.72,190.57,1343543,1343543
LVMHF,12.1,0.03132,3.132,398.44,409.01,387.35,387.35,398.44,409.01,387.35,387.35,440,440
LULU,0.79,0.004128,0.4128,192.16,194.5,192.0,193.85,192.16,194.5,192.0,193.85,922941,922941
COTY,-0.11,-0.010806,-1.0806,10.07,10.25,10.0,10.22,10.07,10.25,10.0,10.22,2669697,2669697
ETSY,2.0,0.036135,3.6135,57.21,57.8,55.29,55.55,57.21,57.8,55.29,55.55,2228320,2228320
ULTA,1.01,0.004261,0.4261,238.04,240.67,235.67,238.14,238.04,240.67,235.67,238.14,1494676,1494676
NKE,0.77,0.008392,0.8392,92.52,93.05,91.82,92.41,92.52,93.05,91.82,92.41,5136966,5136966
SBUX,0.94,0.011071,1.1071,85.85,86.17,85.28,85.37,85.85,86.17,85.28,85.37,4450259,4450259
SNAP,0.06,0.00424,0.424,14.21,14.33,14.04,14.3,14.21,14.33,14.04,14.3,15560115,15560115
FIZZ,0.81,0.01767,1.767,46.65,46.93,45.06,46.34,46.65,46.93,45.06,46.34,356493,356493
