symbol,change,changeOverTime,changePercent,close,high,low,open,uClose,uHigh,uLow,uOpen,uVolume,volume
NFLX,-2.17,-0.007376,-0.7376,292.01,295.35,288.7,295.32,292.01,295.35,288.7,295.32,5774833,5774833
DECK,-0.28,-0.001702,-0.1702,164.19,165.7,163.61,164.62,164.19,165.7,163.61,164.62,289609,289609
AAPL,-0.24,-0.000915,-0.0915,261.96,262.79,260.92,261.55,261.96,262.79,260.92,261.55,21847226,21847226
VFC,-1.68,-0.019444,-1.9444,84.72,86.76,84.56,86.4,84.72,86.76,84.56,86.4,2414463,2414463
DEO,-1.79,-0.011202,-1.1202,158.0,158.95,157.31,158.86,158.0,158.95,157.31,158.86,396257,396257
LRLCF,-2.4,-0.008297,-0.8297,286.85,290.5,286.85,287.9,286.85,290.5,286.85,287.9,1540,1540
TIF,-1.42,-0.011308,-1.1308,124.15,125.4,123.81,125.2,124.15,125.4,123.81,125.2,2474890,2474890
LB,0.02,0.001142,0.1142,17.53,17.95,17.34,17.66,17.53,17.95,17.34,17.66,5275828,5275828
TGT,-2.1,-0.019013,-1.9013,108.35,110.28,107.91,110.22,108.35,110.28,107.91,110.22,5430655,5430655
UAA,-0.28,-0.015936,-1.5936,17.29,17.86,17.25,17.7,17.29,17.86,17.25,17.7,3831816,3831816
PLNT,2.28,0.033663,3.3663,70.01,70.24,67.53,68.0,70.01,70.24,67.53,68.0,2128732,2128732
EL,0.69,0.003685,0.3685,187.95,189.05,187.19,187.81,187.95,189.05,187.19,187.81,1037452,1037452
LVMHF,-2.78,-0.006209,-0.6209,444.96,446.4,443.69,446.05,444.96,446.4,443.69,446.05,986,986
LULU,0.62,0.002992,0.2992,207.81,208.74,206.67,207.18,207.81,208.74,206.67,207.18,1728112,1728112
COTY,-0.01,-0.000805,-0.0805,12.41,12.6,12.32,12.42,12.41,12.6,12.32,12.42,4474570,4474570
ETSY,-0.03,-0.000735,-0.0735,40.8,41.95,40.45,41.12,40.8,41.95,40.45,41.12,5035501,5035501
ULTA,2.01,0.008307,0.8307,243.97,246.1,239.74,241.16,243.97,246.1,239.74,241.16,867457,867457
NKE,-0.55,-0.006108,-0.6108,89.5,92.03,89.49,90.31,89.5,92.03,89.49,90.31,3982543,3982543
SBUX,0.89,0.010797,1.0797,83.32,83.98,82.61,82.69,83.32,83.98,82.61,82.69,8552693,8552693
SNAP,-0.01,-0.000695,-0.0695,14.38,14.64,14.32,14.38,14.38,14.64,14.32,14.38,13020959,13020959
FIZZ,1.78,0.044378,4.4378,41.89,41.9,39.99,40.2,41.89,41.9,39.99,40.2,2144624,2144624
