symbol,change,changeOverTime,changePercent,close,high,low,open,uClose,uHigh,uLow,uOpen,uVolume,volume
NFLX,0.74,0.002543,0.2543,291.77,292.82,287.75,289.47,291.77,292.82,287.75,289.47,3958043,3958043
DECK,2.31,0.016424,1.6424,142.96,144.28,139.6,140.16,142.96,144.28,139.6,140.16,337754,337754
AAPL,1.37,0.00671,0.671,205.53,205.72,203.32,204.1,205.53,205.72,203.32,204.1,15957632,15957632
VFC,1.65,0.020739,2.0739,81.21,81.26,79.07,79.07,81.21,81.26,79.07,79.07,1140450,1140450
DEO,0.27,0.0016,0.16,169.03,169.15,167.5,168.27,169.03,169.15,167.5,168.27,272348,272348
LRLCF,2.2,0.008171,0.8171,271.95,274.8,271.95,274.8,271.95,274.8,271.95,274.8,46336,46336
TIF,2.5,0.030241,3.0241,85.17,86.59,78.6,78.88,85.17,86.59,78.6,78.88,10963435,10963435
LB,0.52,0.032198,3.2198,16.67,16.74,16.0,16.08,16.67,16.74,16.0,16.08,7547734,7547734
TGT,1.7,0.016237,1.6237,106.4,106.72,104.5,104.67,106.4,106.72,104.5,104.67,6641747,6641747
UAA,0.38,0.021324,2.1324,18.2,18.36,17.64,17.65,18.2,18.36,17.64,17.65,3734476,3734476
PLNT,1.54,0.022016,2.2016,71.49,72.1,69.6,69.67,71.49,72.1,69.6,69.67,2323915,2323915
EL,2.0,0.009973,0.9973,202.55,202.57,199.02,199.74,202.55,202.57,199.02,199.74,1679920,1679920
LVMHF,-0.49,-0.001236,-0.1236,395.8,395.8,391.03,391.03,395.8,395.8,391.03,391.03,173,173
LULU,2.59,0.01438,1.438,182.7,183.08,178.53,179.25,182.7,183.08,178.53,179.25,895111,895111
COTY,0.53,0.060227,6.0227,9.33,9.41,9.02,9.37,9.33,9.41,9.02,9.37,10251679,10251679
ETSY,0.93,0.017412,1.7412,54.34,54.48,52.52,53.04,54.34,54.48,52.52,53.04,896842,896842
ULTA,6.61,0.020416,2.0416,330.38,331.45,321.16,323.77,330.38,331.45,321.16,323.77,754174,754174
NKE,1.45,0.017676,1.7676,83.48,83.59,81.72,81.9,83.48,83.59,81.72,81.9,4129761,4129761
SBUX,0.98,0.010199,1.0199,97.07,97.21,96.0,96.23,97.07,97.21,96.0,96.23,4948761,4948761
SNAP,0.04,0.002579,0.2579,15.55,15.71,15.25,15.3,15.55,15.71,15.25,15.3,19134926,19134926
FIZZ,0.26,0.006518,0.6518,40.15,41.18,39.79,39.97,40.15,41.18,39.79,39.97,277518,277518
