symbol,change,changeOverTime,changePercent,close,high,low,open,uClose,uHigh,uLow,uOpen,uVolume,volume
NFLX,4.31,0.014645,1.4645,298.6,299.15,291.79,294.5,298.6,299.15,291.79,294.5,4817119,4817119
DECK,-2.03,-0.013996,-1.3996,143.01,145.37,142.53,144.61,143.01,145.37,142.53,144.61,399787,399787
AAPL,0.8,0.003638,0.3638,220.7,220.82,219.12,219.96,220.7,220.82,219.12,219.96,18386468,18386468
VFC,-0.5,-0.005655,-0.5655,87.92,87.98,86.47,87.98,87.92,87.98,86.47,87.98,1778185,1778185
DEO,2.49,0.015427,1.5427,163.9,163.99,162.22,162.38,163.9,163.99,162.22,162.38,351231,351231
LRLCF,0.0,0.0,0.0,268.25,0.0,0.0,0.0,268.25,0.0,0.0,0.0,0,0
TIF,-1.14,-0.011826,-1.1826,95.26,96.38,94.12,96.15,95.26,96.38,94.12,96.15,1932779,1932779
LB,-0.08,-0.004115,-0.4115,19.36,19.49,18.85,19.27,19.36,19.49,18.85,19.27,7548675,7548675
TGT,0.32,0.002992,0.2992,107.28,107.46,106.18,106.63,107.28,107.46,106.18,106.63,4334260,4334260
UAA,-0.13,-0.006158,-0.6158,20.98,21.18,20.69,21.05,20.98,21.18,20.69,21.05,3817656,3817656
PLNT,0.53,0.008515,0.8515,62.77,63.35,61.71,62.46,62.77,63.35,61.71,62.46,683344,683344
EL,-1.21,-0.006284,-0.6284,191.34,194.45,191.12,193.4,191.34,194.45,191.12,193.4,1603495,1603495
LVMHF,5.46,0.013497,1.3497,410.0,410.06,403.65,403.65,410.0,410.06,403.65,403.65,275,275
LULU,1.77,0.009138,0.9138,195.47,197.33,193.38,193.5,195.47,197.33,193.38,193.5,1222983,1222983
COTY,-0.29,-0.026728,-2.6728,10.56,10.81,10.46,10.81,10.56,10.81,10.46,10.81,3375027,3375027
ETSY,2.01,0.034751,3.4751,59.85,59.93,57.35,57.89,59.85,59.93,57.35,57.89,3747700,3747700
ULTA,8.4,0.037259,3.7259,233.85,235.09,225.15,225.69,233.85,235.09,225.15,225.69,2217206,2217206
NKE,0.32,0.003667,0.3667,87.59,87.64,86.47,86.77,87.59,87.64,86.47,86.77,3269921,3269921
SBUX,1.33,0.014874,1.4874,90.75,91.46,89.65,89.67,90.75,91.46,89.65,89.67,6511690,6511690
SNAP,1.07,0.067893,6.7893,16.83,16.9,15.98,16.01,16.83,16.9,15.98,16.01,40407384,40407384
FIZZ,0.79,0.017359,1.7359,46.3,46.41,44.51,45.18,46.3,46.41,44.51,45.18,301474,301474
