symbol,change,changeOverTime,changePercent,close,high,low,open,uClose,uHigh,uLow,uOpen,uVolume,volume
NFLX,-4.23,265.873114,-1.1548,377.3,374.03,366.91,366.95,377.07,383.55,360.39,377.3,4729512,4779663
DECK,-1.98,105.996921,-1.3,146.22,150.1,145.55,151.53,146.63,151.3,151.23,153.11,353704,356262
AAPL,3.1,197.652514,1.5942,200.6,203.14,203.27,197.19,201.9,201.23,202.83,201.88,26646737,26144546
VFC,0.66,8.858153,0.7543,93.27,93.2,92.33,92.16,94.2,94.52,93.14,92.82,2148559,2103942
DEO,0.5,3.041287,0.305,165.39,168.74,167.69,169.7,169.43,171.42,165.2,163.29,180457,179701
LRLCF,1.31,2.836276,0.4761,277.9,285.26,275.9,279.7,278.8,275.69,275.2,278.8,790,794
TIF,-0.9,3.387141,-0.8233,110.81,112.28,111.59,108.91,106.68,110.93,106.48,110.31,2118086,2087455
LB,0.02,1.202518,0.0735,27.8,28.65,28.16,28.57,28.2,28.04,27.96,27.48,3089537,3075918
TGT,1.01,1.812025,1.2623,84.73,85.72,82.04,83.94,85.24,85.36,82.2,81.39,4673281,4700435
UAA,-0.09,2.438919,-0.4212,21.84,22.2,22.45,21.92,22.78,22.56,22.21,22.27,4342345,4345268
PLNT,-0.86,3.465,-1.1722,71.9,73.55,72.1,73.16,73.69,71.84,73.18,73.7,1641341,1675917
EL,1.36,10.372585,0.8286,170.28,167.66,165.33,170.63,166.59,167.32,163.62,164.31,1127028,1140277
LVMHF,-2.8,6.284763,-0.7595,375.0,381.5,390.2,388.0,382.0,389.5,381.8,378.2,7540,7458
LULU,0.4,11.543786,0.2444,170.94,171.7,169.34,170.84,176.15,178.0,175.6,172.79,2197948,2167694
COTY,0.03,-0.356464,0.2699,11.77,11.38,11.42,11.43,11.85,11.67,11.51,11.67,6506025,6686461
ETSY,-0.58,1.269,-0.8623,71.01,70.3,68.08,70.7,67.91,68.6,67.59,68.09,1080082,1069171
ULTA,0.86,11.038378,0.2384,355.72,371.79,362.48,370.6,365.32,366.9,359.25,364.75,452485,442718
NKE,-0.68,12.346624,-0.8181,86.7,87.84,85.23,87.18,86.13,87.43,87.23,88.61,4932492,4899765
SBUX,0.17,10.913134,0.2332,78.9,76.2,77.78,75.43,75.3,76.8,75.12,76.11,5142975,5192103
SNAP,0.45,-0.522711,3.7987,12.32,13.13,12.27,12.41,12.64,13.15,12.24,12.54,43150844,42842127
FIZZ,0.02,9.270585,0.0362,59.99,58.54,59.18,60.02,60.73,58.29,59.9,59.69,222936,232548
