symbol,change,changeOverTime,changePercent,close,high,low,open,uClose,uHigh,uLow,uOpen,uVolume,volume
NFLX,-2.01,-0.005554,-0.5554,359.91,366.71,356.7,364.85,359.91,366.71,356.7,364.85,8110741,8110741
DECK,-1.84,-0.012636,-1.2636,143.77,145.19,142.48,145.19,143.77,145.19,142.48,145.19,464221,464221
AAPL,1.1,0.006435,0.6435,172.03,173.32,170.99,171.19,172.03,173.32,170.99,171.19,26114362,26114362
VFC,-0.36,-0.004151,-0.4151,86.37,86.72,86.03,86.56,86.37,86.72,86.03,86.56,1620571,1620571
DEO,-0.15,-0.000954,-0.0954,157.14,157.64,156.76,156.91,157.14,157.64,156.76,156.91,384487,384487
LRLCF,4.65,0.018515,1.8515,255.8,255.8,254.8,254.8,255.8,255.8,254.8,254.8,86,86
TIF,1.24,0.01372,1.372,91.62,92.03,90.46,90.46,91.62,92.03,90.46,90.46,1877515,1877515
LB,-0.02,-0.000727,-0.0727,27.48,27.82,27.35,27.44,27.48,27.82,27.35,27.44,2988000,2988000
TGT,-0.59,-0.008049,-0.8049,72.71,73.63,72.49,73.43,72.71,73.63,72.49,73.43,5005612,5005612
UAA,-0.08,-0.003745,-0.3745,21.28,21.5,21.09,21.4,21.28,21.5,21.09,21.4,3689051,3689051
PLNT,-0.09,-0.001537,-0.1537,58.48,58.57,57.84,58.5,58.48,58.57,57.84,58.5,927298,927298
EL,1.27,0.008172,0.8172,156.67,157.35,155.55,156.0,156.67,157.35,155.55,156.0,1740908,1740908
LVMHF,-3.08,-0.009099,-0.9099,335.42,338.5,335.42,337.4,335.42,338.5,335.42,337.4,391,391
LULU,0.55,0.003727,0.3727,148.12,149.51,147.03,147.45,148.12,149.51,147.03,147.45,1396862,1396862
COTY,0.11,0.009964,0.9964,11.15,11.17,10.97,10.99,11.15,11.17,10.97,10.99,7530090,7530090
ETSY,-1.1,-0.019899,-1.9899,54.18,55.69,54.12,55.55,54.18,55.69,54.12,55.55,1676937,1676937
ULTA,1.66,0.005449,0.5449,306.31,307.5,303.01,304.63,306.31,307.5,303.01,304.63,526971,526971
NKE,0.27,0.003193,0.3193,84.84,84.95,84.35,84.63,84.84,84.95,84.35,84.63,6436096,6436096
SBUX,0.19,0.002707,0.2707,70.39,70.6,70.05,70.23,70.39,70.6,70.05,70.23,9671811,9671811
SNAP,-0.04,-0.00431,-0.431,9.24,9.33,9.14,9.25,9.24,9.33,9.14,9.25,21677196,21677196
FIZZ,0.82,0.011356,1.1356,73.03,74.06,72.0,72.2,73.03,74.06,72.0,72.2,328554,328554
