symbol,change,changeOverTime,changePercent,close,high,low,open,uClose,uHigh,uLow,uOpen,uVolume,volume
NFLX,6.29,0.016754,1.6754,381.72,381.99,375.84,376.69,381.72,381.99,375.84,376.69,3799009,3799009
DECK,2.67,0.015397,1.5397,176.08,176.34,172.1,174.19,176.08,176.34,172.1,174.19,223152,223152
AAPL,1.68,0.008287,0.8287,204.41,204.44,202.69,203.28,204.41,204.44,202.69,203.28,11362045,11362045
VFC,1.22,0.014068,1.4068,87.94,88.19,86.91,87.08,87.94,88.19,86.91,87.08,975325,975325
DEO,1.89,0.010885,1.0885,175.53,176.07,175.01,175.1,175.53,176.07,175.01,175.1,148031,148031
LRLCF,0.5866,0.00203,0.203,289.5,291.7,289.15,291.6,289.5,291.7,289.15,291.6,3216,3216
TIF,1.4,0.015184,1.5184,93.6,94.78,91.69,92.67,93.6,94.78,91.69,92.67,1126401,1126401
LB,1.1,0.042001,4.2001,27.29,27.31,26.29,26.39,27.29,27.31,26.29,26.39,2152093,2152093
TGT,0.86,0.009881,0.9881,87.9,87.98,87.42,87.5,87.9,87.98,87.42,87.5,1532928,1532928
UAA,0.4,0.015668,1.5668,25.93,25.96,25.44,25.7,25.93,25.96,25.44,25.7,2365736,2365736
PLNT,0.89,0.011703,1.1703,76.94,77.25,75.62,76.12,76.94,77.25,75.62,76.12,745957,745957
EL,2.03,0.011033,1.1033,186.03,186.88,183.02,184.21,186.03,186.88,183.02,184.21,650000,650000
LVMHF,2.57,0.006019,0.6019,429.58,429.58,427.82,428.85,429.58,429.58,427.82,428.85,3361,3361
LULU,3.13,0.017306,1.7306,183.99,184.47,180.8,181.51,183.99,184.47,180.8,181.51,1178847,1178847
COTY,-0.03,-0.002564,-0.2564,11.67,11.78,11.53,11.62,11.67,11.78,11.53,11.62,3231639,3231639
ETSY,1.64,0.026181,2.6181,64.28,64.52,62.55,62.55,64.28,64.52,62.55,62.55,1028865,1028865
ULTA,4.1,0.012012,1.2012,345.43,346.0,341.21,343.65,345.43,346.0,341.21,343.65,330025,330025
NKE,1.24,0.014595,1.4595,86.2,86.29,85.12,85.33,86.2,86.29,85.12,85.33,4012837,4012837
SBUX,2.28,0.026664,2.6664,87.79,87.82,85.98,86.04,87.79,87.82,85.98,86.04,7818552,7818552
SNAP,0.66,0.046809,4.6809,14.76,14.77,14.08,14.1,14.76,14.77,14.08,14.1,15065242,15065242
FIZZ,1.06,0.02382,2.382,45.56,45.95,44.42,44.67,45.56,45.95,44.42,44.67,184944,184944
