symbol,change,changeOverTime,changePercent,close,high,low,open,uClose,uHigh,uLow,uOpen,uVolume,volume
NFLX,1.07,0.002816,0.2816,381.0,384.34,377.4,382.77,381.0,384.34,377.4,382.77,5878790,5878790
DECK,1.42,0.008152,0.8152,175.61,175.98,174.06,175.0,175.61,175.98,174.06,175.0,318461,318461
AAPL,1.99,0.009889,0.9889,203.23,203.73,201.56,201.85,203.23,203.73,201.56,201.85,17897138,17897138
VFC,0.08,0.000922,0.0922,86.84,87.22,86.43,86.86,86.84,87.22,86.43,86.86,1085526,1085526
DEO,0.52,0.003024,0.3024,172.46,172.89,171.44,171.51,172.46,172.89,171.44,171.51,222784,222784
LRLCF,-1.35,-0.00471,-0.471,285.25,287.19,284.55,286.8,285.25,287.19,284.55,286.8,3185,3185
TIF,-0.34,-0.003652,-0.3652,92.77,93.79,91.95,93.32,92.77,93.79,91.95,93.32,1048460,1048460
LB,-0.62,-0.023485,-2.3485,25.78,26.69,25.63,26.6,25.78,26.69,25.63,26.6,5606377,5606377
TGT,-1.95,-0.02221,-2.221,85.85,88.0,85.68,87.85,85.85,88.0,85.68,87.85,5638365,5638365
UAA,-0.17,-0.006393,-0.6393,26.42,26.75,26.05,26.63,26.42,26.75,26.05,26.63,4019888,4019888
PLNT,0.37,0.004849,0.4849,76.67,77.0,76.18,76.5,76.67,77.0,76.18,76.5,1101797,1101797
EL,0.39,0.002121,0.2121,184.29,185.79,183.61,184.37,184.29,185.79,183.61,184.37,923062,923062
LVMHF,-1.0,-0.002331,-0.2331,428.0,431.18,428.0,430.5,428.0,431.18,428.0,430.5,647,647
LULU,-2.18,-0.011717,-1.1717,183.87,187.32,183.16,187.0,183.87,187.32,183.16,187.0,1466951,1466951
COTY,-0.12,-0.010508,-1.0508,11.3,11.52,11.23,11.5,11.3,11.52,11.23,11.5,4358693,4358693
ETSY,-0.41,-0.006132,-0.6132,66.45,68.36,66.11,67.53,66.45,68.36,66.11,67.53,2326878,2326878
ULTA,-1.28,-0.003673,-0.3673,347.2,349.91,342.78,349.38,347.2,349.91,342.78,349.38,595659,595659
NKE,-0.6,-0.006815,-0.6815,87.44,88.94,87.39,88.48,87.44,88.94,87.39,88.48,5985455,5985455
SBUX,1.15,0.013184,1.3184,88.38,88.54,87.42,87.42,88.38,88.54,87.42,87.42,5293013,5293013
SNAP,0.01,0.000656,0.0656,15.26,15.36,14.97,15.26,15.26,15.36,14.97,15.26,17194511,17194511
FIZZ,-0.33,-0.007732,-0.7732,42.35,43.21,42.08,42.61,42.35,43.21,42.08,42.61,380708,380708
