symbol,change,changeOverTime,changePercent,close,high,low,open,uClose,uHigh,uLow,uOpen,uVolume,volume
NFLX,-6.09,-0.016439,-1.6439,364.37,369.0,361.36,367.92,364.37,369.0,361.36,367.92,6571957,6571957
DECK,-0.93,-0.006137,-0.6137,150.62,152.26,149.74,151.49,150.62,152.26,149.74,151.49,379038,379038
AAPL,0.04,0.000197,0.0197,202.9,205.34,201.75,201.9,202.9,205.34,201.75,201.9,26339504,26339504
VFC,0.08,0.000854,0.0854,93.72,94.4,93.1,93.69,93.72,94.4,93.1,93.69,1400178,1400178
DEO,0.9,0.005373,0.5373,168.4,168.67,167.38,167.49,168.4,168.67,167.38,167.49,311135,311135
LRLCF,1.55,0.00588,0.588,265.15,268.85,265.15,267.95,265.15,268.85,265.15,267.95,53,53
TIF,1.77,0.017024,1.7024,105.74,106.74,103.65,103.65,105.74,106.74,103.65,103.65,1002685,1002685
LB,0.04,0.001643,0.1643,24.38,24.83,24.09,24.24,24.38,24.83,24.09,24.24,4313217,4313217
TGT,0.37,0.004931,0.4931,75.41,75.78,74.3,75.12,75.41,75.78,74.3,75.12,3997698,3997698
UAA,0.4,0.018282,1.8282,22.28,22.51,21.73,21.81,22.28,22.51,21.73,21.81,3659479,3659479
PLNT,2.5,0.033697,3.3697,76.69,76.97,74.26,74.26,76.69,76.97,74.26,74.26,1574704,1574704
EL,-0.54,-0.003228,-0.3228,166.75,168.8,166.24,167.12,166.75,168.8,166.24,167.12,2149470,2149470
LVMHF,9.53,0.025655,2.5655,381.0,382.26,376.62,377.85,381.0,382.26,376.62,377.85,1123,1123
LULU,1.19,0.00684,0.684,175.17,177.0,172.79,173.86,175.17,177.0,172.79,173.86,1008255,1008255
COTY,-0.67,-0.054694,-5.4694,11.58,12.01,11.15,11.7,11.58,12.01,11.15,11.7,27051190,27051190
ETSY,1.11,0.016575,1.6575,68.08,68.21,65.9,66.75,68.08,68.21,65.9,66.75,3978268,3978268
ULTA,5.79,0.016912,1.6912,348.15,350.55,340.03,341.82,348.15,350.55,340.03,341.82,577399,577399
NKE,0.23,0.002787,0.2787,82.77,83.99,82.14,82.43,82.77,83.99,82.14,82.43,9501257,9501257
SBUX,0.09,0.001154,0.1154,78.05,78.64,77.12,77.58,78.05,78.64,77.12,77.58,7799892,7799892
SNAP,-0.35,-0.031334,-3.1334,10.82,11.27,10.79,11.24,10.82,11.27,10.79,11.24,21362077,21362077
FIZZ,-1.61,-0.027701,-2.7701,56.51,58.28,56.35,57.91,56.51,58.28,56.35,57.91,214961,214961
