symbol,change,changeOverTime,changePercent,close,high,low,open,uClose,uHigh,uLow,uOpen,uVolume,volume
NFLX,2.33,0.006593,0.6593,355.73,357.88,348.71,354.38,355.73,357.88,348.71,354.38,5020081,5020081
DECK,0.61,0.003931,0.3931,155.79,157.0,154.7,156.57,155.79,157.0,154.7,156.57,508513,508513
AAPL,2.9,0.016143,1.6143,182.54,184.99,181.14,184.28,182.54,184.99,181.14,184.28,29773427,29773427
VFC,0.64,0.007521,0.7521,85.74,86.2,84.58,85.64,85.74,86.2,84.58,85.64,1223522,1223522
DEO,2.25,0.013421,1.3421,169.9,170.25,168.84,169.05,169.9,170.25,168.84,169.05,389835,389835
LRLCF,-0.5697,-0.002082,-0.2082,273.08,273.08,272.9,272.9,273.08,273.08,272.9,272.9,635,635
TIF,-0.06,-0.000649,-0.0649,92.45,92.64,88.5,92.51,92.45,92.64,88.5,92.51,2648945,2648945
LB,-0.34,-0.014149,-1.4149,23.69,24.86,23.46,24.44,23.69,24.86,23.46,24.44,5745168,5745168
TGT,-0.36,-0.004193,-0.4193,85.49,87.41,85.13,86.38,85.49,87.41,85.13,86.38,6744509,6744509
UAA,1.06,0.042915,4.2915,25.76,25.8,24.68,24.78,25.76,25.8,24.68,24.78,7512079,7512079
PLNT,0.33,0.004258,0.4258,77.84,78.52,76.76,78.01,77.84,78.52,76.76,78.01,889472,889472
EL,0.75,0.004432,0.4432,169.99,169.99,167.68,169.25,169.99,169.99,167.68,169.25,1083201,1083201
LVMHF,9.5,0.024804,2.4804,392.5,395.85,392.5,395.85,392.5,395.85,392.5,395.85,198,198
LULU,4.52,0.026746,2.6746,173.52,173.82,169.38,170.14,173.52,173.82,169.38,170.14,1814462,1814462
COTY,0.04,0.00307,0.307,13.07,13.13,12.76,13.05,13.07,13.13,12.76,13.05,5455430,5455430
ETSY,0.24,0.003918,0.3918,61.49,62.48,60.32,61.15,61.49,62.48,60.32,61.15,1500892,1500892
ULTA,1.95,0.005812,0.5812,337.48,338.64,331.26,338.01,337.48,338.64,331.26,338.01,577235,577235
NKE,1.1,0.013477,1.3477,82.72,82.9,81.93,82.29,82.72,82.9,81.93,82.29,8173198,8173198
SBUX,1.44,0.018339,1.8339,79.96,79.97,78.66,78.79,79.96,79.97,78.66,78.79,7437117,7437117
SNAP,-0.01,-0.000772,-0.0772,12.94,13.14,12.6,12.99,12.94,13.14,12.6,12.99,30010815,30010815
FIZZ,-1.12,-0.022594,-2.2594,48.45,50.28,48.3,49.73,48.45,50.28,48.3,49.73,399771,399771
