symbol,change,changeOverTime,changePercent,close,high,low,open,uClose,uHigh,uLow,uOpen,uVolume,volume
NFLX,-0.31,-0.000968,-0.0968,319.96,323.35,313.5,317.71,319.96,323.35,313.5,317.71,13343152,13343152
DECK,0.6,0.004761,0.4761,126.62,128.27,125.11,126.59,126.62,128.27,125.11,126.59,611698,611698
AAPL,2.56,0.016982,1.6982,153.31,154.53,149.63,151.29,153.31,154.53,149.63,151.29,45099081,45099081
VFC,0.16,0.002144,0.2144,74.77,75.67,74.41,74.87,74.77,75.67,74.41,74.87,1886160,1886160
DEO,-1.84,-0.013122,-1.3122,138.38,139.49,138.24,138.81,138.38,139.49,138.24,138.81,630165,630165
LRLCF,-0.85,-0.003714,-0.3714,228.0,228.0,226.53,227.5,228.0,228.0,226.53,227.5,515,515
TIF,-0.49,-0.005634,-0.5634,86.48,87.65,86.17,87.54,86.48,87.65,86.17,87.54,1678577,1678577
LB,0.03,0.001064,0.1064,28.23,29.24,28.15,28.43,28.23,29.24,28.15,28.43,5012440,5012440
TGT,0.68,0.009769,0.9769,70.29,70.98,68.78,69.38,70.29,70.98,68.78,69.38,6025085,6025085
UAA,0.35,0.018548,1.8548,19.22,19.38,18.82,18.9,19.22,19.38,18.82,18.9,3209163,3209163
PLNT,0.69,0.011975,1.1975,58.31,58.98,57.73,57.99,58.31,58.98,57.73,57.99,1811909,1811909
EL,-4.9,-0.036917,-3.6917,127.83,131.41,127.27,130.81,127.83,131.41,127.27,130.81,2728093,2728093
LVMHF,1.35,0.004518,0.4518,300.31,303.77,300.2,303.67,300.31,303.77,300.2,303.67,795,795
LULU,0.14,0.00103,0.103,136.0,137.51,134.64,137.5,136.0,137.51,134.64,137.5,3339351,3339351
COTY,-0.16,-0.021277,-2.1277,7.36,7.69,7.31,7.58,7.36,7.69,7.31,7.58,9491329,9491329
ETSY,-1.11,-0.020601,-2.0601,52.77,54.8,52.55,53.91,52.77,54.8,52.55,53.91,2078315,2078315
ULTA,5.19,0.018804,1.8804,281.19,282.1,274.92,275.82,281.19,282.1,274.92,275.82,707695,707695
NKE,-0.14,-0.001825,-0.1825,76.59,77.15,76.14,76.97,76.59,77.15,76.14,76.97,8590991,8590991
SBUX,0.26,0.004087,0.4087,63.88,64.04,62.95,63.65,63.88,64.04,62.95,63.65,13080263,13080263
SNAP,-0.12,-0.01875,-1.875,6.28,6.31,5.84,6.2,6.28,6.31,5.84,6.2,30170276,30170276
FIZZ,-2.29,-0.028903,-2.8903,76.94,79.25,75.14,79.24,76.94,79.25,75.14,79.24,353102,353102
