symbol,change,changeOverTime,changePercent,close,high,low,open,uClose,uHigh,uLow,uOpen,uVolume,volume
NFLX,-16.51,258.277856,-4.4907,351.14,361.75,349.36,360.69,351.14,361.75,349.36,360.69,15646199,15646199
DECK,1.67,107.3,1.1137,151.62,152.14,149.36,150.92,151.62,152.14,149.36,150.92,339734,339734
AAPL,-0.08,195.628436,-0.0402,198.87,200.14,196.21,199.2,198.87,200.14,196.21,199.2,27760668,27760668
VFC,1.41,8.751142,1.5789,90.71,90.77,89.3,89.45,90.71,90.77,89.3,89.45,1721813,1721813
DEO,-0.12,2.956364,-0.0735,163.2,163.29,162.29,162.81,163.2,163.29,162.29,162.81,196411,196411
LRLCF,-0.67,2.709975,-0.251,268.97,268.97,268.8,268.8,268.97,268.97,268.8,268.8,490,490
TIF,0.14,3.262545,0.132,106.18,107.11,106.06,106.49,106.18,107.11,106.06,106.49,1160180,1160180
LB,-0.75,1.022709,-2.8217,25.83,26.87,25.57,26.7,25.83,26.87,25.57,26.7,5362375,5362375
TGT,0.28,1.769468,0.348,80.73,81.5,80.44,81.0,80.73,81.5,80.44,81.0,3517241,3517241
UAA,0.46,2.456126,2.1495,21.86,21.9,21.47,21.54,21.86,21.9,21.47,21.54,2655215,2655215
PLNT,0.28,3.46875,0.3931,71.5,72.04,71.22,71.73,71.5,72.04,71.22,71.73,832762,832762
EL,-0.52,10.357288,-0.3095,167.52,169.47,167.18,168.55,167.52,169.47,167.18,168.55,1215588,1215588
LVMHF,1.8,6.476923,0.4651,388.8,388.88,386.25,388.35,388.8,388.88,386.25,388.35,490,490
LULU,1.88,11.134286,1.119,169.88,170.68,167.5,168.5,169.88,170.68,167.5,168.5,1523449,1523449
COTY,0.02,-0.354839,0.1789,11.2,11.29,11.08,11.1,11.2,11.29,11.08,11.1,12208704,12208704
ETSY,-2.27,1.179333,-3.3555,65.38,68.29,65.06,68.25,65.38,68.29,65.06,68.25,2070927,2070927
ULTA,-5.39,10.563716,-1.539,344.83,351.88,344.27,350.65,344.83,351.88,344.27,350.65,559597,559597
NKE,1.24,12.581102,1.4588,86.24,86.49,85.29,85.3,86.24,86.49,85.29,85.3,6037028,6037028
SBUX,0.78,11.104224,1.0281,76.65,76.95,76.07,76.1,76.65,76.95,76.07,76.1,5194754,5194754
SNAP,0.07,-0.511029,0.5882,11.97,12.03,11.7,11.98,11.97,12.03,11.7,11.98,15400515,15400515
FIZZ,-1.13,8.120739,-2.0841,53.09,55.0,52.57,54.37,53.09,55.0,52.57,54.37,348562,348562
