symbol,change,changeOverTime,changePercent,close,high,low,open,uClose,uHigh,uLow,uOpen,uVolume,volume
NFLX,1.06,0.002913,0.2913,364.97,365.7,359.33,362.98,364.97,365.7,359.33,362.98,4944593,4944593
DECK,0.63,0.004258,0.4258,148.59,149.39,146.68,147.73,148.59,149.39,146.68,147.73,419800,419800
AAPL,0.1,0.000574,0.0574,174.33,175.3,173.17,173.71,174.33,175.3,173.17,173.71,17070211,17070211
VFC,0.36,0.004139,0.4139,87.33,87.62,86.94,86.98,87.33,87.62,86.94,86.98,1429263,1429263
DEO,0.56,0.003579,0.3579,157.01,157.93,156.87,157.08,157.01,157.93,156.87,157.08,449992,449992
LRLCF,6.28,0.025048,2.5048,257.0,257.0,256.8,256.8,257.0,257.0,256.8,256.8,631,631
TIF,0.88,0.009361,0.9361,94.89,95.05,93.71,94.1,94.89,95.05,93.71,94.1,1788897,1788897
LB,-0.19,-0.006867,-0.6867,27.48,27.79,27.21,27.58,27.48,27.79,27.21,27.58,3036410,3036410
TGT,-0.81,-0.011081,-1.1081,72.29,73.22,71.71,72.92,72.29,73.22,71.71,72.92,5370854,5370854
UAA,-0.08,-0.00367,-0.367,21.72,21.86,21.51,21.75,21.72,21.86,21.51,21.75,3953757,3953757
PLNT,0.17,0.002997,0.2997,56.89,57.55,56.21,56.9,56.89,57.55,56.21,56.9,2515782,2515782
EL,-0.82,-0.005214,-0.5214,156.44,158.2,155.84,156.86,156.44,158.2,155.84,156.86,1966619,1966619
LVMHF,4.46,0.013022,1.3022,346.96,347.46,343.05,343.05,346.96,347.46,343.05,343.05,1907,1907
LULU,2.44,0.016427,1.6427,150.98,151.4,148.19,148.2,150.98,151.4,148.19,148.2,1469107,1469107
COTY,0.02,0.001792,0.1792,11.18,11.35,11.16,11.17,11.18,11.35,11.16,11.17,8617565,8617565
ETSY,9.64,0.163362,16.3362,68.65,69.5,64.25,65.22,68.65,69.5,64.25,65.22,23794161,23794161
ULTA,0.95,0.003074,0.3074,310.0,311.02,308.18,308.65,310.0,311.02,308.18,308.65,508317,508317
NKE,0.63,0.007397,0.7397,85.8,86.08,85.2,85.31,85.8,86.08,85.2,85.31,6678802,6678802
SBUX,0.09,0.001267,0.1267,71.14,71.45,70.92,71.0,71.14,71.45,70.92,71.0,12302254,12302254
SNAP,-0.04,-0.003953,-0.3953,10.08,10.42,9.82,10.12,10.08,10.42,9.82,10.12,30998766,30998766
FIZZ,-3.36,-0.046816,-4.6816,68.41,72.26,68.33,71.75,68.41,72.26,68.33,71.75,507373,507373
