symbol,change,changeOverTime,changePercent,close,high,low,open,uClose,uHigh,uLow,uOpen,uVolume,volume
NFLX,0,0,0,345.76,347.7,342.4,354.02,356.47,359.9,336.57,355.14,5038412,5122167
DECK,0,0,0,176.7,180.61,176.86,179.1,178.45,179.99,176.49,184.81,439326,443866
AAPL,0,0,0,199.72,201.63,196.7,191.68,193.36,199.65,194.9,198.71,19470472,18803914
VFC,0,0,0,87.54,87.88,86.78,87.48,91.27,89.38,87.58,90.08,1270739,1246932
DEO,0,0,0,179.19,173.72,172.32,179.31,180.25,181.06,179.04,179.82,166553,160259
LRLCF,0,0,0,282.3,283.1,289.26,286.5,285.3,281.5,277.81,282.7,440,428
TIF,0,0,0,92.79,93.21,93.23,93.4,91.43,94.35,90.62,95.56,1013930,1037728
LB,0,0,0,22.95,23.2,22.02,22.38,23.07,23.29,22.66,22.91,5568490,5558843
TGT,0,0,0,90.48,91.77,91.09,88.83,88.56,93.09,89.34,88.86,4455100,4459328
UAA,0,0,0,27.84,27.77,27.14,27.62,27.95,27.83,27.07,27.45,3598923,3678905
PLNT,0,0,0,82.05,81.78,81.64,80.87,82.35,81.81,80.59,81.12,1110077,1142086
EL,0,0,0,184.22,179.24,176.38,184.48,182.82,186.5,181.09,184.39,1308539,1357801
LVMHF,0,0,0,414.72,402.07,396.23,404.81,410.16,407.98,405.49,403.32,312,312
LULU,0,0,0,184.29,184.85,173.5,176.71,183.25,179.41,171.9,176.35,3775655,3751402
COTY,0,0,0,13.77,14.1,13.53,13.73,13.97,14.28,13.55,14.23,2677693,2736143
ETSY,0,0,0,69.8,70.78,70.56,73.2,70.7,71.11,68.14,70.54,1933956,1865657
ULTA,0,0,0,360.13,362.4,350.59,355.3,355.34,361.73,359.71,356.02,946823,915784
NKE,0,0,0,84.23,84.19,84.35,87.46,85.64,85.9,83.25,83.78,4486212,4568369
SBUX,0,0,0,85.31,87.09,85.04,86.58,84.84,85.77,83.66,87.39,9411625,9504182
SNAP,0,0,0,14.39,14.71,13.75,14.31,13.96,14.46,13.95,14.73,25297527,25323680
FIZZ,0,0,0,46.07,47.98,45.21,46.1,45.99,47.11,44.55,46.6,339331,331917
