symbol,change,changeOverTime,changePercent,close,high,low,open,uClose,uHigh,uLow,uOpen,uVolume,volume
NFLX,-1.87,270.638485,-0.5057,367.88,372.05,362.4,370.07,367.88,372.05,362.4,370.07,4627305,4627305
DECK,1.73,102.664286,1.2064,145.13,145.35,142.27,143.69,145.13,145.35,142.27,143.69,314635,314635
AAPL,0.34,192.484279,0.174,195.69,196.37,193.14,194.79,195.69,196.37,193.14,194.79,19114275,19114275
VFC,2.1,8.626445,2.4014,89.55,89.59,87.47,87.71,89.55,89.59,87.47,87.71,1379295,1379295
DEO,-0.27,2.947152,-0.1656,162.82,163.49,162.45,163.34,162.82,163.49,162.45,163.34,247830,247830
LRLCF,-0.6,2.710345,-0.2226,269.0,272.2,268.9,272.2,269.0,272.2,268.9,272.2,145,145
TIF,0.4,3.307507,0.3742,107.3,107.57,106.64,107.45,107.3,107.57,106.64,107.45,1985027,1985027
LB,0.74,1.170713,2.7428,27.72,28.06,27.01,27.03,27.72,28.06,27.01,27.03,4979575,4979575
TGT,2.07,1.791767,2.61,81.38,81.56,79.16,79.18,81.38,81.56,79.16,79.18,4396222,4396222
UAA,0.62,2.479842,2.8986,22.01,22.04,21.42,21.42,22.01,22.04,21.42,21.42,2846006,2846006
PLNT,-0.5,3.421875,-0.7018,70.75,71.64,70.39,71.49,70.75,71.64,70.39,71.49,2629710,2629710
EL,-1.21,10.055593,-0.7365,163.07,165.0,162.6,164.82,163.07,165.0,162.6,164.82,852824,852824
LVMHF,1.11,6.232885,0.296,376.11,376.11,373.6,374.95,376.11,376.11,373.6,374.95,72,72
LULU,5.16,11.240714,3.1045,171.37,171.69,166.15,166.27,171.37,171.69,166.15,166.27,2790404,2790404
COTY,0.11,-0.349078,0.983,11.3,11.32,11.13,11.22,11.3,11.32,11.13,11.22,9710938,9710938
ETSY,-1.16,1.276667,-1.67,68.3,70.35,66.05,70.14,68.3,70.35,66.05,70.14,2704517,2704517
ULTA,-0.39,10.741784,-0.1113,350.14,352.5,347.75,350.53,350.14,352.5,347.75,350.53,397210,397210
NKE,0.81,12.429921,0.9589,85.28,85.38,84.36,84.49,85.28,85.38,84.36,84.49,3660677,3660677
SBUX,0.02,10.741019,0.0269,74.35,74.67,73.98,74.5,74.35,74.67,73.98,74.5,5449896,5449896
SNAP,0.12,-0.539216,1.0753,11.28,11.54,10.98,11.23,11.28,11.54,10.98,11.23,28867742,28867742
FIZZ,0.83,8.878367,1.4646,57.5,57.58,56.15,56.68,57.5,57.58,56.15,56.68,272198,272198
