symbol,change,changeOverTime,changePercent,close,high,low,open,uClose,uHigh,uLow,uOpen,uVolume,volume
NFLX,-1.28,-0.004483,-0.4483,284.25,285.87,279.4,283.82,284.25,285.87,279.4,283.82,7728161,7728161
DECK,0.17,0.001108,0.1108,153.56,155.01,152.12,153.25,153.56,155.01,152.12,153.25,348364,348364
AAPL,-0.55,-0.002332,-0.2332,235.32,237.65,234.88,236.39,235.32,237.65,234.88,236.39,23040483,23040483
VFC,0.58,0.006378,0.6378,91.52,91.63,90.8,91.09,91.52,91.63,90.8,91.09,1196301,1196301
DEO,-0.75,-0.004602,-0.4602,162.24,162.91,161.43,161.67,162.24,162.91,161.43,161.67,661273,661273
LRLCF,-1.0,-0.003715,-0.3715,268.15,271.45,265.95,265.95,268.15,271.45,265.95,265.95,1340,1340
TIF,0.78,0.008642,0.8642,91.04,92.07,90.29,90.8,91.04,92.07,90.29,90.8,988588,988588
LB,0.41,0.023455,2.3455,17.89,18.24,17.47,17.69,17.89,18.24,17.47,17.69,5311222,5311222
TGT,0.74,0.006658,0.6658,111.89,112.3,111.34,111.56,111.89,112.3,111.34,111.56,2718702,2718702
UAA,0.33,0.016442,1.6442,20.4,20.44,19.94,20.1,20.4,20.44,19.94,20.1,2455045,2455045
PLNT,0.02,0.000329,0.0329,60.79,61.43,59.83,61.0,60.79,61.43,59.83,61.0,1298107,1298107
EL,-1.74,-0.009023,-0.9023,191.09,194.46,190.99,193.1,191.09,194.46,190.99,193.1,1247056,1247056
LVMHF,5.81,0.013932,1.3932,422.85,423.14,419.5,422.0,422.85,423.14,419.5,422.0,191,191
LULU,0.85,0.004186,0.4186,203.89,205.4,202.31,203.4,203.89,205.4,202.31,203.4,2065306,2065306
COTY,-0.27,-0.025352,-2.5352,10.38,10.63,10.36,10.63,10.38,10.63,10.36,10.63,3014875,3014875
ETSY,0.91,0.015395,1.5395,60.02,60.88,58.92,59.27,60.02,60.88,58.92,59.27,1629695,1629695
ULTA,-1.17,-0.004745,-0.4745,245.4,249.19,244.25,247.01,245.4,249.19,244.25,247.01,724072,724072
NKE,-0.09,-0.000949,-0.0949,94.79,95.18,94.12,95.0,94.79,95.18,94.12,95.0,4301375,4301375
SBUX,-0.17,-0.001963,-0.1963,86.45,87.25,85.76,87.0,86.45,87.25,85.76,87.0,4722624,4722624
SNAP,0.33,0.023983,2.3983,14.09,14.15,13.86,13.87,14.09,14.15,13.86,13.87,22110784,22110784
FIZZ,0.84,0.017449,1.7449,48.98,49.61,47.4,48.23,48.98,49.61,47.4,48.23,493258,493258
