symbol,change,changeOverTime,changePercent,close,high,low,open,uClose,uHigh,uLow,uOpen,uVolume,volume
NFLX,6.4,0.017921,1.7921,363.52,364.74,356.12,361.72,363.52,364.74,356.12,361.72,5667156,5667156
DECK,-0.42,-0.002402,-0.2402,174.4,174.98,172.62,174.65,174.4,174.98,172.62,174.65,300102,300102
AAPL,-0.58,-0.002923,-0.2923,197.87,199.88,197.31,199.68,197.87,199.88,197.31,199.68,21124235,21124235
VFC,0.05,0.000566,0.0566,88.35,88.99,87.91,88.4,88.35,88.99,87.91,88.4,1143243,1143243
DEO,1.82,0.01069,1.069,172.07,172.19,169.89,170.06,172.07,172.19,169.89,170.06,254478,254478
LRLCF,0.8,0.002833,0.2833,283.2,286.0,282.3,282.3,283.2,286.0,282.3,282.3,227,227
TIF,0.74,0.00804,0.804,92.78,93.16,91.26,91.8,92.78,93.16,91.26,91.8,1489711,1489711
LB,0.42,0.018373,1.8373,23.28,23.43,22.57,22.96,23.28,23.43,22.57,22.96,5143061,5143061
TGT,-0.31,-0.003585,-0.3585,86.16,86.75,85.63,86.54,86.16,86.75,85.63,86.54,4088441,4088441
UAA,-0.31,-0.011368,-1.1368,26.96,27.41,26.9,27.36,26.96,27.41,26.9,27.36,4253735,4253735
PLNT,0.13,0.001621,0.1621,80.35,80.46,78.51,79.87,80.35,80.46,78.51,79.87,897219,897219
EL,0.68,0.003796,0.3796,179.82,180.42,177.29,178.62,179.82,180.42,177.29,178.62,1266271,1266271
LVMHF,-1.2,-0.002899,-0.2899,412.8,413.06,409.35,411.5,412.8,413.06,409.35,411.5,466,466
LULU,-0.93,-0.004946,-0.4946,187.1,189.0,186.09,188.1,187.1,189.0,186.09,188.1,1827560,1827560
COTY,-0.26,-0.018937,-1.8937,13.47,13.82,13.42,13.75,13.47,13.82,13.42,13.75,5900908,5900908
ETSY,1.19,0.017774,1.7774,68.14,68.49,66.23,67.29,68.14,68.49,66.23,67.29,1443744,1443744
ULTA,10.63,0.030615,3.0615,357.84,358.43,343.63,346.77,357.84,358.43,343.63,346.77,564870,564870
NKE,-0.75,-0.008897,-0.8897,83.55,83.9,83.14,83.73,83.55,83.9,83.14,83.73,6217785,6217785
SBUX,0.89,0.010733,1.0733,83.81,83.92,82.08,83.08,83.81,83.92,82.08,83.08,5401369,5401369
SNAP,-0.19,-0.012786,-1.2786,14.67,14.85,14.46,14.85,14.67,14.85,14.46,14.85,26536722,26536722
FIZZ,-0.13,-0.002945,-0.2945,44.02,44.3,41.85,44.16,44.02,44.3,41.85,44.16,642879,642879
