symbol,change,changeOverTime,changePercent,close,high,low,open,uClose,uHigh,uLow,uOpen,uVolume,volume
NFLX,-0.65,-0.002306,-0.2306,281.21,284.41,277.55,281.87,281.21,284.41,277.55,281.87,4356181,4356181
DECK,1.7,0.011476,1.1476,149.83,150.3,147.1,148.44,149.83,150.3,147.1,148.44,505759,505759
AAPL,-5.76,-0.023128,-2.3128,243.29,249.75,242.57,248.97,243.29,249.75,242.57,248.97,35709867,35709867
VFC,-2.27,-0.027202,-2.7202,81.18,83.2,81.08,83.06,81.18,83.2,81.08,83.06,3046992,3046992
DEO,0.44,0.00276,0.276,159.84,160.35,159.0,159.58,159.84,160.35,159.0,159.58,211181,211181
LRLCF,6.21,0.022802,2.2802,278.55,279.0,267.95,267.95,278.55,279.0,267.95,267.95,1015,1015
TIF,-2.92,-0.02251,-2.251,126.8,129.82,126.26,128.55,126.8,129.82,126.26,128.55,7571585,7571585
LB,-0.2,-0.011142,-1.1142,17.75,17.92,17.51,17.85,17.75,17.92,17.51,17.85,2571918,2571918
TGT,-1.57,-0.014309,-1.4309,108.15,109.58,107.93,109.26,108.15,109.58,107.93,109.26,3004663,3004663
UAA,-0.33,-0.015573,-1.5573,20.86,21.17,20.79,21.15,20.86,21.17,20.79,21.15,2454447,2454447
PLNT,1.23,0.019765,1.9765,63.46,63.47,62.26,62.57,63.46,63.47,62.26,62.57,1656715,1656715
EL,4.75,0.025578,2.5578,190.46,193.44,185.53,186.05,190.46,193.44,185.53,186.05,2569184,2569184
LVMHF,-2.25,-0.005282,-0.5282,423.71,424.93,421.6,423.8,423.71,424.93,421.6,423.8,482,482
LULU,-0.39,-0.001893,-0.1893,205.58,207.48,204.66,206.13,205.58,207.48,204.66,206.13,1179086,1179086
COTY,-0.12,-0.010178,-1.0178,11.67,11.83,11.56,11.74,11.67,11.83,11.56,11.74,3135910,3135910
ETSY,-2.91,-0.050768,-5.0768,54.41,57.32,53.62,57.32,54.41,57.32,53.62,57.32,4615794,4615794
ULTA,0.37,0.001531,0.1531,242.11,243.98,237.37,242.08,242.11,243.98,237.37,242.08,908754,908754
NKE,-1.57,-0.017281,-1.7281,89.28,90.92,89.13,90.85,89.28,90.92,89.13,90.85,9044652,9044652
SBUX,0.53,0.00634,0.634,84.13,84.63,83.64,83.81,84.13,84.63,83.64,83.81,5699093,5699093
SNAP,-0.04,-0.002725,-0.2725,14.64,14.95,14.37,14.5,14.64,14.95,14.37,14.5,21062538,21062538
FIZZ,-7.49,-0.147732,-14.7732,43.21,50.64,42.94,50.64,43.21,50.64,42.94,50.64,1262719,1262719
