symbol,change,changeOverTime,changePercent,close,high,low,open,uClose,uHigh,uLow,uOpen,uVolume,volume
NFLX,-5.81,-0.018736,-1.8736,304.29,305.0,296.81,302.56,304.29,305.0,296.81,302.56,9322433,9322433
DECK,-0.99,-0.00664,-0.664,148.1,149.8,146.6,147.88,148.1,149.8,146.6,147.88,592571,592571
AAPL,2.04,0.010355,1.0355,199.04,199.56,193.82,195.41,199.04,199.56,193.82,195.41,33364400,33364400
VFC,0.09,0.001102,0.1102,81.73,81.91,80.0,80.84,81.73,81.91,80.0,80.84,1705281,1705281
DEO,1.18,0.007207,0.7207,164.92,165.68,163.51,163.87,164.92,165.68,163.51,163.87,320818,320818
LRLCF,2.1,0.008152,0.8152,259.7,261.68,258.6,261.68,259.7,261.68,258.6,261.68,809,809
TIF,0.24,0.002709,0.2709,88.84,88.98,86.97,87.27,88.84,88.98,86.97,87.27,1621480,1621480
LB,-0.11,-0.00461,-0.461,23.75,24.09,23.4,23.58,23.75,24.09,23.4,23.58,4139107,4139107
TGT,0.24,0.0029,0.29,83.01,83.25,81.13,81.94,83.01,83.25,81.13,81.94,4762106,4762106
UAA,-0.34,-0.015985,-1.5985,20.93,21.27,20.87,21.02,20.93,21.27,20.87,21.02,5106235,5106235
PLNT,-5.25,-0.067742,-6.7742,72.25,75.18,66.24,69.73,72.25,75.18,66.24,69.73,4878646,4878646
EL,3.03,0.016875,1.6875,182.59,183.09,176.96,178.21,182.59,183.09,176.96,178.21,1851999,1851999
LVMHF,10.49,0.02656,2.656,405.45,405.45,397.86,399.7,405.45,405.45,397.86,399.7,476,476
LULU,1.73,0.009631,0.9631,181.36,181.59,176.02,177.44,181.36,181.59,176.02,177.44,1009349,1009349
COTY,0.15,0.014577,1.4577,10.44,10.48,10.11,10.22,10.44,10.48,10.11,10.22,4454170,4454170
ETSY,0.67,0.012096,1.2096,56.06,56.52,53.62,55.03,56.06,56.52,53.62,55.03,3314250,3314250
ULTA,3.4,0.009992,0.9992,343.68,344.36,336.7,337.22,343.68,344.36,336.7,337.22,756093,756093
NKE,-0.02,-0.000246,-0.0246,81.28,81.82,80.09,80.5,81.28,81.82,80.09,80.5,6275010,6275010
SBUX,-0.12,-0.001259,-0.1259,95.22,95.7,94.17,94.6,95.22,95.7,94.17,94.6,6414046,6414046
SNAP,-0.38,-0.023327,-2.3327,15.91,16.08,15.52,15.61,15.91,16.08,15.52,15.61,42074874,42074874
FIZZ,-0.92,-0.020995,-2.0995,42.9,44.29,41.69,43.65,42.9,44.29,41.69,43.65,570531,570531
