symbol,change,changeOverTime,changePercent,close,high,low,open,uClose,uHigh,uLow,uOpen,uVolume,volume
NFLX,-8.04,282.135657,-2.0371,386.16,388.2,383.5,381.38,378.38,400.1,376.66,386.9,6642664,6586257
DECK,2.87,111.539241,1.8728,161.91,155.71,156.92,156.78,157.29,160.5,153.17,154.23,287147,287948
AAPL,-0.33,209.838119,-0.1606,208.7,212.14,207.32,207.47,207.65,210.95,213.75,207.6,17658274,18116078
VFC,0.15,9.236276,0.149,96.67,98.83,94.68,98.84,96.04,99.38,94.75,95.45,1523210,1545516
DEO,0.33,3.074074,0.2096,164.32,170.13,170.52,164.36,164.86,169.57,169.15,170.79,451133,442256
LRLCF,-0.9,2.759445,-0.342,274.76,282.0,274.0,279.0,280.7,275.9,283.0,282.0,128,129
TIF,-1.01,3.429495,-0.9282,107.2,113.87,107.59,109.69,108.54,113.24,111.72,109.6,857100,875785
LB,0.83,1.088769,3.3894,26.99,26.7,25.81,26.43,26.82,27.36,25.85,25.82,5538136,5505255
TGT,0.75,1.882484,0.9196,85.7,84.73,83.76,82.71,83.56,87.16,82.26,82.38,2694084,2730919
UAA,0.47,2.694863,2.0601,23.57,23.44,23.25,22.67,23.48,23.58,22.41,23.36,4503897,4501012
PLNT,1.96,3.76155,2.6284,76.42,75.68,74.34,76.59,75.04,78.26,75.56,74.13,2424649,2424098
EL,-0.71,11.041101,-0.4113,177.78,179.5,176.37,179.36,174.13,172.85,173.01,178.85,744246,746386
LVMHF,-2.7,6.517157,-0.68,401.07,394.62,409.86,408.7,398.59,408.54,392.79,407.6,240,241
LULU,1.52,12.085991,0.8738,182.53,185.05,181.91,185.79,179.08,180.89,182.46,179.39,2558097,2528593
COTY,-0.1,-0.360925,-0.9053,11.43,11.4,11.23,11.67,11.61,11.4,11.51,11.45,9841928,10060011
ETSY,0.88,1.232581,1.3769,68.4,66.63,65.2,66.02,68.36,68.96,68.21,66.39,1431139,1408027
ULTA,4.29,11.449613,1.2453,363.12,363.83,360.16,365.78,369.1,367.2,353.81,362.56,445686,466356
NKE,0.99,12.990322,1.128,92.46,93.14,91.51,89.81,88.73,90.67,90.57,90.64,8092013,8278324
SBUX,0.4,11.185633,0.5288,78.49,79.08,79.33,78.36,79.88,79.99,78.56,79.12,9585474,9386885
SNAP,-0.75,-0.56141,-6.1563,11.62,12.46,11.47,12.77,11.8,12.77,11.19,12.39,111157255,107400736
FIZZ,1.26,9.123025,2.273,58.08,59.55,58.06,55.94,57.36,59.77,56.29,56.05,321251,313665
