symbol,change,changeOverTime,changePercent,close,high,low,open,uClose,uHigh,uLow,uOpen,uVolume,volume
NFLX,14.24,0.041188,4.1188,359.97,360.0,346.52,348.09,359.97,360.0,346.52,348.09,10429399,10429399
DECK,0.2,0.00139,0.139,144.06,146.69,142.99,143.77,144.06,146.69,142.99,143.77,439217,439217
AAPL,1.46,0.008617,0.8617,170.89,171.0,169.7,170.1,170.89,171.0,169.7,170.1,22283523,22283523
VFC,1.15,0.013452,1.3452,86.64,86.74,85.59,85.86,86.64,86.74,85.59,85.86,1897874,1897874
DEO,-0.22,-0.001426,-0.1426,154.01,154.24,153.34,153.67,154.01,154.24,153.34,153.67,294909,294909
LRLCF,5.67,0.022906,2.2906,253.27,254.45,251.06,251.06,253.27,254.45,251.06,251.06,2017,2017
TIF,1.88,0.0214,2.14,89.73,90.29,88.63,88.77,89.73,90.29,88.63,88.77,949346,949346
LB,0.22,0.008112,0.8112,27.34,27.95,27.02,27.24,27.34,27.95,27.02,27.24,2271479,2271479
TGT,0.26,0.003706,0.3706,70.41,71.18,70.26,70.7,70.41,71.18,70.26,70.7,4505451,4505451
UAA,1.43,0.068816,6.8816,22.21,22.55,19.75,20.18,22.21,22.55,19.75,20.18,30909978,30909978
PLNT,0.96,0.01658,1.658,58.86,58.89,57.96,58.32,58.86,58.89,57.96,58.32,770301,770301
EL,-0.77,-0.00501,-0.501,152.92,154.95,152.88,154.82,152.92,154.95,152.88,154.82,1752608,1752608
LVMHF,10.33,0.031867,3.1867,334.33,334.96,332.15,332.9,334.33,334.96,332.15,332.9,397,397
LULU,7.53,0.05027,5.027,157.32,157.55,150.57,150.86,157.32,157.55,150.57,150.86,4021901,4021901
COTY,1.21,0.125259,12.5259,10.87,11.36,10.84,11.3,10.87,11.36,10.84,11.3,48856622,48856622
ETSY,2.68,0.050423,5.0423,55.83,55.83,53.85,53.94,55.83,55.83,53.85,53.94,2576623,2576623
ULTA,4.4,0.01476,1.476,302.5,305.0,300.73,301.23,302.5,305.0,300.73,301.23,535294,535294
NKE,1.03,0.012309,1.2309,84.71,84.84,83.62,83.97,84.71,84.84,83.62,83.97,6290259,6290259
SBUX,-0.24,-0.003429,-0.3429,69.75,70.46,69.71,70.24,69.75,70.46,69.71,70.24,8848874,8848874
SNAP,-0.19,-0.021135,-2.1135,8.8,9.17,8.77,9.02,8.8,9.17,8.77,9.02,39187054,39187054
FIZZ,1.3,0.017738,1.7738,74.59,74.65,72.49,73.35,74.59,74.65,72.49,73.35,195636,195636
