symbol,change,changeOverTime,changePercent,close,high,low,open,uClose,uHigh,uLow,uOpen,uVolume,volume
NFLX,0,0,0,344.47,363.8,343.41,363.23,349.95,350.2,349.23,364.01,6297181,6439350
DECK,0,0,0,184.56,179.0,177.51,181.79,184.02,184.7,174.84,176.22,646369,658357
AAPL,0,0,0,194.3,205.58,195.7,195.4,195.15,199.99,197.0,199.1,22300854,21784212
VFC,0,0,0,87.23,88.47,87.32,86.62,90.41,87.45,88.15,87.0,1471733,1459146
DEO,0,0,0,178.0,175.27,177.99,181.92,180.0,178.65,174.5,182.29,313567,318057
LRLCF,0,0,0,283.69,287.74,287.75,287.2,279.53,281.92,283.28,289.1,643,669
TIF,0,0,0,94.89,94.24,91.32,93.27,91.27,93.95,92.78,93.86,1224574,1207567
LB,0,0,0,22.84,22.76,21.52,21.82,22.71,22.54,22.09,21.91,3972992,4027837
TGT,0,0,0,91.2,92.5,90.17,92.83,89.9,89.58,88.55,92.36,3312715,3299931
UAA,0,0,0,27.3,27.13,27.06,27.2,27.9,27.29,26.79,27.64,3737228,3779990
PLNT,0,0,0,80.08,82.97,78.15,80.73,81.44,80.68,79.72,81.02,1056096,1077727
EL,0,0,0,184.92,187.45,181.05,185.12,178.27,185.99,177.31,182.57,1339335,1294830
LVMHF,0,0,0,416.6,415.3,400.41,411.0,407.9,417.7,407.82,404.0,63,65
LULU,0,0,0,178.53,184.44,172.6,185.28,181.02,188.6,177.4,188.08,11290643,11207501
COTY,0,0,0,14.32,13.8,13.81,13.59,13.93,14.3,13.42,13.57,2568316,2684106
ETSY,0,0,0,71.96,72.8,72.55,72.16,70.29,72.7,70.87,73.02,2790042,2779346
ULTA,0,0,0,357.41,367.3,354.04,348.47,352.58,366.3,352.01,360.74,733358,763329
NKE,0,0,0,85.93,86.33,86.25,84.5,84.71,86.43,86.89,83.69,3424540,3401634
SBUX,0,0,0,85.7,84.28,83.45,87.17,83.36,87.84,84.82,84.37,7307286,7184042
SNAP,0,0,0,14.17,14.72,13.89,14.04,14.19,14.95,13.76,14.04,25493731,25096810
FIZZ,0,0,0,47.54,47.84,45.75,47.75,45.55,46.93,46.54,45.9,449062,443210
