symbol,change,changeOverTime,changePercent,close,high,low,open,uClose,uHigh,uLow,uOpen,uVolume,volume
NFLX,-7.48,-0.021239,-2.1239,344.71,348.75,339.02,347.9,344.71,348.75,339.02,347.9,7864529,7864529
DECK,-0.6,-0.004246,-0.4246,140.71,142.92,138.8,140.36,140.71,142.92,138.8,140.36,806821,806821
AAPL,-3.3,-0.018939,-1.8939,170.94,173.94,170.34,172.4,170.94,173.94,170.34,172.4,31741690,31741690
VFC,-0.43,-0.004973,-0.4973,86.04,86.13,84.99,85.57,86.04,86.13,84.99,85.57,1962582,1962582
DEO,2.38,0.015731,1.5731,153.67,154.57,153.38,154.41,153.67,154.57,153.38,154.41,570412,570412
LRLCF,3.16,0.012747,1.2747,251.06,251.06,243.65,246.1,251.06,251.06,243.65,246.1,98,98
TIF,-1.09,-0.012157,-1.2157,88.57,89.89,87.85,89.24,88.57,89.89,87.85,89.24,878257,878257
LB,-0.21,-0.007741,-0.7741,26.92,27.03,26.34,26.75,26.92,27.03,26.34,26.75,4156368,4156368
TGT,-0.65,-0.008964,-0.8964,71.86,72.54,71.48,72.04,71.86,72.54,71.48,72.04,3711771,3711771
UAA,-0.35,-0.016892,-1.6892,20.37,20.6,20.18,20.55,20.37,20.6,20.18,20.55,7625009,7625009
PLNT,-0.42,-0.007251,-0.7251,57.5,57.81,56.64,57.37,57.5,57.81,56.64,57.37,1202087,1202087
EL,2.06,0.01371,1.371,152.31,152.93,147.62,149.0,152.31,152.93,147.62,149.0,2775670,2775670
LVMHF,-4.6,-0.014041,-1.4041,323.01,323.9,320.39,323.9,323.01,323.9,320.39,323.9,935,935
LULU,1.87,0.012829,1.2829,147.63,147.67,143.06,144.33,147.63,147.67,143.06,144.33,1803218,1803218
COTY,-0.38,-0.051075,-5.1075,7.06,7.49,7.06,7.34,7.06,7.49,7.06,7.34,14162430,14162430
ETSY,-1.06,-0.020156,-2.0156,51.53,52.0,50.14,51.81,51.53,52.0,50.14,51.81,2465560,2465560
ULTA,0.19,0.000647,0.0647,293.64,294.57,288.09,291.18,293.64,294.57,288.09,291.18,463682,463682
NKE,-0.32,-0.003869,-0.3869,82.39,82.85,81.71,82.15,82.39,82.85,81.71,82.15,4827485,4827485
SBUX,0.29,0.004212,0.4212,69.14,69.21,68.48,68.6,69.14,69.21,68.48,68.6,10109209,10109209
SNAP,-0.02,-0.002328,-0.2328,8.57,8.69,8.04,8.36,8.57,8.69,8.04,8.36,53561876,53561876
FIZZ,-0.17,-0.002318,-0.2318,73.18,73.84,72.5,73.31,73.18,73.84,72.5,73.31,315778,315778
