symbol,change,changeOverTime,changePercent,close,high,low,open,uClose,uHigh,uLow,uOpen,uVolume,volume
NFLX,0.25,0.00066,0.066,379.06,383.5,374.51,378.0,379.06,383.5,374.51,378.0,5398167,5398167
DECK,1.66,0.010603,1.0603,158.22,159.11,156.44,157.18,158.22,159.11,156.44,157.18,336910,336910
AAPL,-1.37,-0.006508,-0.6508,209.15,212.65,208.13,209.84,209.15,212.65,208.13,209.84,31996324,31996324
VFC,0.88,0.009461,0.9461,93.89,94.25,92.98,93.48,93.89,94.25,92.98,93.48,2036628,2036628
DEO,-0.78,-0.004666,-0.4666,166.38,167.73,166.0,167.5,166.38,167.73,166.0,167.5,235070,235070
LRLCF,-7.15,-0.026114,-2.6114,266.65,267.1,266.65,267.1,266.65,267.1,266.65,267.1,517,517
TIF,1.57,0.014765,1.4765,107.9,108.07,106.39,106.84,107.9,108.07,106.39,106.84,1456720,1456720
LB,0.55,0.022071,2.2071,25.47,25.5,24.75,24.99,25.47,25.5,24.75,24.99,3950417,3950417
TGT,0.75,0.009911,0.9911,76.42,77.0,75.74,76.08,76.42,77.0,75.74,76.08,4456263,4456263
UAA,0.78,0.03539,3.539,22.82,24.1,22.56,23.96,22.82,24.1,22.56,23.96,17779924,17779924
PLNT,-0.03,-0.000398,-0.0398,75.35,75.45,73.62,75.36,75.35,75.45,73.62,75.36,2346173,2346173
EL,-0.05,-0.000294,-0.0294,170.25,170.46,166.69,168.8,170.25,170.46,166.69,168.8,2323946,2323946
LVMHF,1.49,0.003802,0.3802,393.35,393.35,389.85,391.95,393.35,393.35,389.85,391.95,481,481
LULU,0.88,0.005009,0.5009,176.55,177.75,174.81,176.65,176.55,177.75,174.81,176.65,1369549,1369549
COTY,0.0,0.0,0.0,10.84,10.95,10.76,10.87,10.84,10.95,10.76,10.87,10516923,10516923
ETSY,1.28,0.019165,1.9165,68.07,68.1,65.75,66.63,68.07,68.1,65.75,66.63,1365615,1365615
ULTA,8.74,0.026094,2.6094,343.68,344.11,335.01,335.01,343.68,344.11,335.01,335.01,875374,875374
NKE,-0.63,-0.007334,-0.7334,85.27,86.28,84.99,86.21,85.27,86.28,84.99,86.21,6813740,6813740
SBUX,-0.05,-0.000645,-0.0645,77.47,77.76,76.75,77.66,77.47,77.76,76.75,77.66,6247550,6247550
SNAP,0.04,0.003571,0.3571,11.24,11.25,10.99,11.23,11.24,11.25,10.99,11.23,12005039,12005039
FIZZ,1.63,0.029572,2.9572,56.75,57.32,55.08,55.13,56.75,57.32,55.08,55.13,273834,273834
