symbol,change,changeOverTime,changePercent,close,high,low,open,uClose,uHigh,uLow,uOpen,uVolume,volume
NFLX,-4.82,268.294549,-1.3557,361.71,373.22,366.6,366.19,356.97,382.4,362.2,372.63,18062633,18831298
DECK,1.46,108.854166,0.9537,155.8,155.8,155.05,156.37,154.39,157.2,156.85,156.43,465351,467782
AAPL,4.06,201.374495,1.9618,205.17,204.83,201.79,202.53,207.21,206.71,208.1,208.15,29886652,29391007
VFC,2.2,9.312471,2.35,100.0,99.88,97.87,95.26,100.0,95.92,95.13,98.01,5329503,5460217
DEO,-0.3,3.061617,-0.1885,164.11,167.52,167.18,164.37,162.78,167.53,167.41,163.2,249932,249603
LRLCF,5.08,2.884741,1.8322,281.15,278.73,280.1,276.8,277.1,278.65,282.8,280.3,915,920
TIF,-1.06,3.373714,-0.9932,108.71,112.14,107.6,112.16,106.24,109.28,109.5,110.01,1306060,1326686
LB,0.0,1.05205,0.0,26.33,26.75,26.83,26.75,25.91,26.95,26.73,26.63,3964877,3966139
TGT,0.74,1.90463,0.9059,84.62,86.9,83.6,85.8,83.2,85.6,83.6,84.7,3078382,3183810
UAA,0.14,2.582472,0.608,22.55,22.27,22.45,22.76,22.91,22.28,22.77,22.36,2475131,2437310
PLNT,-0.67,3.631609,-0.9235,72.99,74.4,72.4,76.51,75.0,76.17,72.67,75.1,1110624,1116329
EL,-0.32,10.836247,-0.1855,176.64,176.6,170.76,174.28,173.68,178.7,169.6,178.47,1446061,1485609
LVMHF,6.3,6.723096,1.654,411.5,410.43,398.48,398.48,411.79,401.36,405.32,403.79,1407,1411
LULU,2.0,11.547388,1.1665,175.9,174.49,168.21,173.75,178.64,176.32,168.84,170.03,1683073,1721902
COTY,0.07,-0.359304,0.6343,11.45,11.47,11.39,11.56,11.42,11.79,11.18,11.32,9969796,10156877
ETSY,-2.1,1.197617,-3.0914,66.87,68.6,67.04,68.29,65.81,68.12,66.38,69.24,1624405,1614752
ULTA,-0.77,10.979007,-0.2137,368.01,362.12,362.15,367.6,366.22,373.24,356.46,363.22,526671,530959
NKE,0.95,13.18918,1.0987,92.28,91.46,88.91,91.3,90.54,89.1,90.69,88.9,5906765,5784669
SBUX,-0.58,10.86756,-0.7907,75.69,78.95,75.6,75.79,76.77,79.32,78.0,79.19,9699008,9622662
SNAP,0.06,-0.52213,0.518,11.85,12.29,11.61,12.0,12.08,12.38,11.66,11.77,15340787,15214024
FIZZ,0.43,8.50367,0.809,55.94,56.08,54.6,53.9,56.17,54.99,55.04,54.4,277790,273183
