symbol,change,changeOverTime,changePercent,close,high,low,open,uClose,uHigh,uLow,uOpen,uVolume,volume
NFLX,0.35,0.001014,0.1014,345.61,349.95,342.5,348.71,345.61,349.95,342.5,348.71,5353029,5353029
DECK,6.48,0.046838,4.6838,144.83,145.29,139.71,142.52,144.83,145.29,139.71,142.52,769758,769758
AAPL,2.94,0.01583,1.583,188.66,189.7,185.41,186.41,188.66,189.7,185.41,186.41,36529677,36529677
VFC,0.23,0.002552,0.2552,90.35,90.84,89.13,90.38,90.35,90.84,89.13,90.38,2115624,2115624
DEO,-0.13,-0.000768,-0.0768,169.1,169.67,169.05,169.22,169.1,169.67,169.05,169.22,261965,261965
LRLCF,-0.1632,-0.000612,-0.0612,266.59,266.75,264.1,266.75,266.59,266.75,264.1,266.75,245,245
TIF,0.66,0.006757,0.6757,98.34,99.32,95.9,98.23,98.34,99.32,95.9,98.23,2105475,2105475
LB,0.08,0.003567,0.3567,22.51,22.79,22.03,22.49,22.51,22.79,22.03,22.49,4740579,4740579
TGT,-0.42,-0.005859,-0.5859,71.26,71.77,70.03,70.97,71.26,71.77,70.03,70.97,8063079,8063079
UAA,0.68,0.032458,3.2458,21.63,21.68,20.9,21.0,21.63,21.68,20.9,21.0,4392077,4392077
PLNT,2.87,0.037973,3.7973,78.45,78.73,76.13,76.13,78.45,78.73,76.13,76.13,995498,995498
EL,1.9,0.011508,1.1508,167.0,167.68,165.26,165.55,167.0,167.68,165.26,165.55,1850409,1850409
LVMHF,12.78,0.035141,3.5141,376.46,377.0,371.35,373.25,376.46,377.0,371.35,373.25,508,508
LULU,3.11,0.018559,1.8559,170.68,171.51,167.32,168.54,170.68,171.51,167.32,168.54,1684300,1684300
COTY,0.39,0.033248,3.3248,12.12,12.25,11.8,11.83,12.12,12.25,11.8,11.83,18446759,18446759
ETSY,1.59,0.027783,2.7783,58.82,59.21,57.18,58.0,58.82,59.21,57.18,58.0,1871051,1871051
ULTA,5.09,0.015413,1.5413,335.32,336.8,325.62,332.56,335.32,336.8,325.62,332.56,949187,949187
NKE,1.14,0.013813,1.3813,83.67,84.0,82.06,82.78,83.67,84.0,82.06,82.78,7529248,7529248
SBUX,0.38,0.004956,0.4956,77.06,77.74,76.68,76.75,77.06,77.74,76.68,76.75,6871125,6871125
SNAP,0.38,0.037587,3.7587,10.49,10.65,10.2,10.23,10.49,10.65,10.2,10.23,19956276,19956276
FIZZ,-2.58,-0.047296,-4.7296,51.97,53.69,50.11,53.5,51.97,53.69,50.11,53.5,757863,757863
