symbol,change,changeOverTime,changePercent,close,high,low,open,uClose,uHigh,uLow,uOpen,uVolume,volume
NFLX,0,0,0,374.6,376.66,372.0,373.5,374.6,376.66,372.0,373.5,5001518,5001518
DECK,0,0,0,175.79,180.76,174.81,177.73,175.79,180.76,174.81,177.73,400524,400524
AAPL,0,0,0,201.55,204.49,200.65,203.17,201.55,204.49,200.65,203.17,27316739,27316739
VFC,0,0,0,88.33,89.11,87.69,88.37,88.33,89.11,87.69,88.37,1287292,1287292
DEO,0,0,0,170.93,171.31,170.34,171.08,170.93,171.31,170.34,171.08,439172,439172
LRLCF,0,0,0,283.36,283.36,280.7,283.2,283.36,283.36,280.7,283.2,1111,1111
TIF,0,0,0,94.28,97.02,93.99,95.42,94.28,97.02,93.99,95.42,2187241,2187241
LB,0,0,0,26.61,27.28,26.22,26.54,26.61,27.28,26.22,26.54,5718218,5718218
TGT,0,0,0,86.94,88.84,86.01,87.55,86.94,88.84,86.01,87.55,4782646,4782646
UAA,0,0,0,25.15,25.91,24.98,25.81,25.15,25.91,24.98,25.81,4291318,4291318
PLNT,0,0,0,75.3,76.15,73.46,73.47,75.3,76.15,73.46,73.47,1983275,1983275
EL,0,0,0,182.23,185.91,180.93,184.88,182.23,185.91,180.93,184.88,2154249,2154249
LVMHF,0,0,0,422.8,424.75,421.94,423.65,422.8,424.75,421.94,423.65,4833,4833
LULU,0,0,0,179.95,183.83,179.31,182.33,179.95,183.83,179.31,182.33,1814231,1814231
COTY,0,0,0,11.59,13.54,10.86,13.53,11.59,13.54,10.86,13.53,26513000,26513000
ETSY,0,0,0,62.06,63.75,61.25,63.58,62.06,63.75,61.25,63.58,4601501,4601501
ULTA,0,0,0,340.38,353.76,339.88,350.55,340.38,353.76,339.88,350.55,794018,794018
NKE,0,0,0,85.41,86.28,84.9,84.93,85.41,86.28,84.9,84.93,6607555,6607555
SBUX,0,0,0,84.55,84.96,84.03,84.62,84.55,84.96,84.03,84.62,7940539,7940539
SNAP,0,0,0,14.35,14.81,14.34,14.73,14.35,14.81,14.34,14.73,18527848,18527848
FIZZ,0,0,0,45.19,46.2,44.34,44.82,45.19,46.2,44.34,44.82,489663,489663
