symbol,change,changeOverTime,changePercent,close,high,low,open,uClose,uHigh,uLow,uOpen,uVolume,volume
NFLX,5.04,0.018207,1.8207,281.86,285.75,277.35,278.05,281.86,285.75,277.35,278.05,6248433,6248433
DECK,-2.75,-0.018226,-1.8226,148.13,151.95,148.09,151.95,148.13,151.95,148.09,151.95,558569,558569
AAPL,2.47,0.010017,1.0017,249.05,249.25,246.72,247.42,249.05,249.25,246.72,247.42,24143241,24143241
VFC,-0.7,-0.008318,-0.8318,83.45,84.87,83.08,84.7,83.45,84.87,83.08,84.7,3127797,3127797
DEO,-0.94,-0.005863,-0.5863,159.4,160.21,159.23,160.07,159.4,160.21,159.23,160.07,333047,333047
LRLCF,4.84,0.018093,1.8093,272.34,273.71,268.45,271.95,272.34,273.71,268.45,271.95,317,317
TIF,31.17,0.316286,31.6286,129.72,130.4,125.74,127.65,129.72,130.4,125.74,127.65,22403156,22403156
LB,0.19,0.010698,1.0698,17.95,18.11,17.82,17.88,17.95,18.11,17.82,17.88,4015731,4015731
TGT,0.7,0.006421,0.6421,109.72,110.48,109.02,109.17,109.72,110.48,109.02,109.17,4448182,4448182
UAA,0.13,0.006173,0.6173,21.19,21.47,21.06,21.12,21.19,21.47,21.06,21.12,2870341,2870341
PLNT,1.19,0.019495,1.9495,62.23,62.3,61.0,61.28,62.23,62.3,61.0,61.28,782333,782333
EL,-2.92,-0.01548,-1.548,185.71,187.99,185.34,187.17,185.71,187.99,185.34,187.17,1689408,1689408
LVMHF,2.44,0.005761,0.5761,425.96,428.19,423.51,425.9,425.96,428.19,423.51,425.9,1986,1986
LULU,-2.03,-0.00976,-0.976,205.97,207.53,203.0,203.9,205.97,207.53,203.0,203.9,2423928,2423928
COTY,0.03,0.002551,0.2551,11.79,11.9,11.7,11.7,11.79,11.9,11.7,11.7,3197594,3197594
ETSY,-1.35,-0.02301,-2.301,57.32,59.38,57.15,59.24,57.32,59.38,57.15,59.24,2663878,2663878
ULTA,0.84,0.003487,0.3487,241.74,246.6,240.0,240.0,241.74,246.6,240.0,240.0,1163896,1163896
NKE,-0.07,-0.00077,-0.077,90.85,91.3,90.17,91.06,90.85,91.3,90.17,91.06,10304696,10304696
SBUX,0.22,0.002639,0.2639,83.6,84.98,83.36,84.47,83.6,84.98,83.36,84.47,6653357,6653357
SNAP,0.72,0.051576,5.1576,14.68,14.73,14.01,14.04,14.68,14.73,14.01,14.04,37665903,37665903
FIZZ,0.81,0.016236,1.6236,50.7,51.11,50.08,50.2,50.7,51.11,50.08,50.2,379604,379604
