symbol,change,changeOverTime,changePercent,close,high,low,open,uClose,uHigh,uLow,uOpen,uVolume,volume
NFLX,-8.21,-0.021681,-2.1681,370.46,379.91,365.81,377.0,370.46,379.91,365.81,377.0,6974924,6974924
DECK,-6.16,-0.039059,-3.9059,151.55,157.38,150.54,156.83,151.55,157.38,150.54,156.83,469668,469668
AAPL,-5.62,-0.026957,-2.6957,202.86,207.42,200.83,205.88,202.86,207.42,200.83,205.88,38763698,38763698
VFC,-0.22,-0.002344,-0.2344,93.64,94.12,92.92,93.12,93.64,94.12,92.92,93.12,1621708,1621708
DEO,0.13,0.000777,0.0777,167.5,167.97,166.33,167.85,167.5,167.97,166.33,167.85,385797,385797
LRLCF,-7.5,-0.027665,-2.7665,263.6,268.15,263.6,268.15,263.6,268.15,263.6,268.15,230,230
TIF,-1.64,-0.015529,-1.5529,103.97,105.17,103.34,104.59,103.97,105.17,103.34,104.59,1671572,1671572
LB,-1.3,-0.050702,-5.0702,24.34,25.46,24.2,25.4,24.34,25.46,24.2,25.4,5109209,5109209
TGT,-0.94,-0.012372,-1.2372,75.04,75.82,74.47,75.45,75.04,75.82,74.47,75.45,4437172,4437172
UAA,-0.45,-0.020152,-2.0152,21.88,22.44,21.65,22.11,21.88,22.44,21.65,22.11,6837001,6837001
PLNT,1.08,0.014772,1.4772,74.19,74.4,72.65,73.24,74.19,74.4,72.65,73.24,1465321,1465321
EL,-2.76,-0.016231,-1.6231,167.29,169.08,165.47,168.81,167.29,169.08,165.47,168.81,2513964,2513964
LVMHF,-16.94,-0.043614,-4.3614,371.47,378.35,371.43,378.15,371.47,378.35,371.43,378.15,1130,1130
LULU,-3.71,-0.020879,-2.0879,173.98,177.5,172.1,177.0,173.98,177.5,172.1,177.0,1818564,1818564
COTY,0.11,0.009061,0.9061,12.25,12.38,11.75,12.05,12.25,12.38,11.75,12.05,32157543,32157543
ETSY,-2.06,-0.029842,-2.9842,66.97,68.85,65.67,68.12,66.97,68.85,65.67,68.12,1934995,1934995
ULTA,-4.32,-0.012461,-1.2461,342.36,347.31,338.89,344.29,342.36,347.31,338.89,344.29,698072,698072
NKE,-1.03,-0.012325,-1.2325,82.54,83.63,81.83,83.02,82.54,83.63,81.83,83.02,9811257,9811257
SBUX,-0.1,-0.001281,-0.1281,77.96,78.74,77.42,77.57,77.96,78.74,77.42,77.57,8115808,8115808
SNAP,-0.6,-0.050977,-5.0977,11.17,11.78,11.07,11.66,11.17,11.78,11.07,11.66,20793150,20793150
FIZZ,0.36,0.006233,0.6233,58.12,58.28,56.94,57.71,58.12,58.28,56.94,57.71,205797,205797
