symbol,change,changeOverTime,changePercent,close,high,low,open,uClose,uHigh,uLow,uOpen,uVolume,volume
NFLX,11.38,0.034836,3.4836,338.05,340.0,328.51,328.72,338.05,340.0,328.51,328.72,11166609,11166609
DECK,2.43,0.019767,1.9767,125.36,126.85,123.98,124.48,125.36,126.85,123.98,124.48,643722,643722
AAPL,5.06,0.033137,3.3137,157.76,158.13,154.32,155.48,157.76,158.13,154.32,155.48,33547893,33547893
VFC,0.16,0.00192,0.192,83.5,84.85,83.31,84.16,83.5,84.85,83.31,84.16,2163590,2163590
DEO,-0.41,-0.002869,-0.2869,142.49,143.38,142.2,143.21,142.49,143.38,142.2,143.21,230099,230099
LRLCF,1.71,0.007494,0.7494,229.76,229.76,227.45,227.45,229.76,229.76,227.45,227.45,160,160
TIF,1.36,0.015539,1.5539,88.88,89.77,88.09,88.61,88.88,89.77,88.09,88.61,2146631,2146631
LB,-0.11,-0.003963,-0.3963,27.65,28.32,27.46,27.89,27.65,28.32,27.46,27.89,4537890,4537890
TGT,1.78,0.025209,2.5209,72.39,72.44,70.94,71.05,72.39,72.44,70.94,71.05,5544588,5544588
UAA,0.7,0.033751,3.3751,21.44,21.46,20.78,20.96,21.44,21.46,20.78,20.96,3639653,3639653
PLNT,-0.05,-0.000868,-0.0868,57.57,58.87,57.47,58.38,57.57,58.87,57.47,58.38,1368789,1368789
EL,2.84,0.022678,2.2678,128.07,128.52,125.67,125.67,128.07,128.52,125.67,125.67,2393940,2393940
LVMHF,8.74,0.030115,3.0115,298.96,299.65,295.8,295.8,298.96,299.65,295.8,295.8,864,864
LULU,3.46,0.023311,2.3311,151.89,152.81,149.3,150.0,151.89,152.81,149.3,150.0,1731470,1731470
COTY,0.31,0.044286,4.4286,7.31,7.46,6.99,6.99,7.31,7.46,6.99,6.99,12488020,12488020
ETSY,0.66,0.012146,1.2146,55.0,55.6,54.03,54.9,55.0,55.6,54.03,54.9,1360289,1360289
ULTA,2.73,0.009479,0.9479,290.72,293.66,287.63,291.1,290.72,293.66,287.63,291.1,570707,570707
NKE,0.17,0.002113,0.2113,80.61,81.33,80.43,81.25,80.61,81.33,80.43,81.25,4457072,4457072
SBUX,2.35,0.036299,3.6299,67.09,67.69,66.1,67.03,67.09,67.69,66.1,67.03,21888062,21888062
SNAP,0.23,0.037277,3.7277,6.4,6.44,6.2,6.24,6.4,6.44,6.2,6.24,19936589,19936589
FIZZ,-1.79,-0.021396,-2.1396,81.87,84.88,81.68,83.81,81.87,84.88,81.68,83.81,197981,197981
