symbol,change,changeOverTime,changePercent,close,high,low,open,uClose,uHigh,uLow,uOpen,uVolume,volume
NFLX,-5.49,-0.018489,-1.8489,291.44,299.01,290.32,295.0,291.44,299.01,290.32,295.0,6331189,6331189
DECK,-5.75,-0.040487,-4.0487,136.27,142.09,135.82,140.23,136.27,142.09,135.82,140.23,497847,497847
AAPL,-9.82,-0.04622,-4.622,202.64,212.05,201.0,209.43,202.64,212.05,201.0,209.43,46882843,46882843
VFC,-2.66,-0.032835,-3.2835,78.35,80.74,77.95,80.22,78.35,80.74,77.95,80.22,1475265,1475265
DEO,-1.78,-0.010586,-1.0586,166.37,169.19,166.01,168.81,166.37,169.19,166.01,168.81,358380,358380
LRLCF,-2.22,-0.008281,-0.8281,265.46,266.55,258.5,262.95,265.46,266.55,258.5,262.95,295,295
TIF,-4.02,-0.047106,-4.7106,81.32,85.46,81.1,84.64,81.32,85.46,81.1,84.64,3386302,3386302
LB,-1.8,-0.09312,-9.312,17.53,18.73,17.5,18.55,17.53,18.73,17.5,18.55,12609679,12609679
TGT,-2.83,-0.026618,-2.6618,103.49,105.94,103.25,104.77,103.49,105.94,103.25,104.77,8998636,8998636
UAA,-1.06,-0.055848,-5.5848,17.92,18.73,17.85,18.64,17.92,18.73,17.85,18.64,5271702,5271702
PLNT,-0.52,-0.007733,-0.7733,66.72,67.48,66.45,66.76,66.72,67.48,66.45,66.76,1176312,1176312
EL,-5.41,-0.026708,-2.6708,197.15,203.21,196.23,201.53,197.15,203.21,196.23,201.53,1816075,1816075
LVMHF,-6.83,-0.016931,-1.6931,396.58,401.35,393.43,396.35,396.58,401.35,393.43,396.35,198,198
LULU,-3.94,-0.021417,-2.1417,180.03,184.12,178.83,183.0,180.03,184.12,178.83,183.0,1654533,1654533
COTY,-0.24,-0.026906,-2.6906,8.68,8.92,8.61,8.89,8.68,8.92,8.61,8.89,5155121,5155121
ETSY,-1.29,-0.023294,-2.3294,54.09,55.5,53.83,54.36,54.09,55.5,53.83,54.36,2152290,2152290
ULTA,-12.77,-0.038134,-3.8134,322.1,332.37,321.24,330.64,322.1,332.37,321.24,330.64,1100266,1100266
NKE,-2.87,-0.03445,-3.445,80.44,82.76,80.03,82.02,80.44,82.76,80.03,82.02,8499257,8499257
SBUX,-1.79,-0.018551,-1.8551,94.7,97.1,94.39,96.41,94.7,97.1,94.39,96.41,8077465,8077465
SNAP,-0.53,-0.03296,-3.296,15.55,16.07,15.52,15.95,15.55,16.07,15.52,15.95,19967482,19967482
FIZZ,-1.01,-0.024562,-2.4562,40.11,41.36,39.99,41.12,40.11,41.36,39.99,41.12,267279,267279
