symbol,change,changeOverTime,changePercent,close,high,low,open,uClose,uHigh,uLow,uOpen,uVolume,volume
NFLX,5.07,0.01633,1.633,315.55,315.73,305.25,308.83,315.55,315.73,305.25,308.83,7878943,7878943
DECK,4.97,0.03115,3.115,164.52,164.99,160.98,162.0,164.52,164.99,160.98,162.0,678135,678135
AAPL,4.59,0.017534,1.7534,266.37,266.44,262.52,262.71,266.37,266.44,262.52,262.71,21029517,21029517
VFC,0.04,0.000462,0.0462,86.55,87.34,86.09,87.33,86.55,87.34,86.09,87.33,2026549,2026549
DEO,2.48,0.015497,1.5497,162.51,163.0,162.02,162.98,162.51,163.0,162.02,162.98,439594,439594
LRLCF,-1.07,-0.003814,-0.3814,280.75,283.05,280.75,282.85,280.75,283.05,280.75,282.85,413,413
TIF,7.74,0.061668,6.1668,133.25,133.5,132.61,132.77,133.25,133.5,132.61,132.77,20065238,20065238
LB,1.16,0.064409,6.4409,19.17,19.25,17.79,18.15,19.17,19.25,17.79,18.15,12597920,12597920
TGT,-1.83,-0.014407,-1.4407,125.19,127.49,125.08,127.26,125.19,127.49,125.08,127.26,8367308,8367308
UAA,-0.07,-0.004016,-0.4016,17.36,17.63,17.23,17.62,17.36,17.63,17.23,17.62,2997887,2997887
PLNT,1.37,0.019068,1.9068,73.22,73.44,72.19,72.28,73.22,73.44,72.19,72.28,794716,794716
EL,1.52,0.007868,0.7868,194.7,195.0,192.39,193.9,194.7,195.0,192.39,193.9,1115152,1115152
LVMHF,9.5,0.021665,2.1665,448.0,448.0,440.1,442.2,448.0,448.0,440.1,442.2,3562,3562
LULU,2.26,0.010277,1.0277,222.16,226.66,222.0,222.03,222.16,226.66,222.0,222.03,1814868,1814868
COTY,-0.05,-0.004337,-0.4337,11.48,11.62,11.42,11.6,11.48,11.62,11.42,11.6,5946175,5946175
ETSY,0.93,0.022228,2.2228,42.77,43.28,42.23,42.23,42.77,43.28,42.23,42.23,2697564,2697564
ULTA,2.35,0.010268,1.0268,231.21,231.51,222.0,227.81,231.21,231.51,222.0,227.81,2191263,2191263
NKE,-0.44,-0.004714,-0.4714,92.9,93.97,92.74,93.78,92.9,93.97,92.74,93.78,5419903,5419903
SBUX,0.73,0.008793,0.8793,83.75,84.0,82.93,83.16,83.75,84.0,82.93,83.16,5450981,5450981
SNAP,0.24,0.015727,1.5727,15.5,15.9,15.49,15.59,15.5,15.9,15.49,15.59,25680682,25680682
FIZZ,0.6,0.01319,1.319,46.09,46.31,45.56,45.78,46.09,46.31,45.56,45.78,320088,320088
