symbol,change,changeOverTime,changePercent,close,high,low,open,uClose,uHigh,uLow,uOpen,uVolume,volume
NFLX,6.51,0.022995,2.2995,289.62,290.63,283.22,283.25,289.62,290.63,283.22,283.25,6539771,6539771
DECK,0.42,0.00255,0.255,165.1,165.75,163.06,164.89,165.1,165.75,163.06,164.89,321037,321037
AAPL,-1.83,-0.006919,-0.6919,262.64,264.88,262.1,263.75,262.64,264.88,262.1,263.75,22395556,22395556
VFC,0.08,0.000933,0.0933,85.84,86.71,85.42,85.62,85.84,86.71,85.42,85.62,1696499,1696499
DEO,0.56,0.003492,0.3492,160.92,161.66,160.37,161.58,160.92,161.66,160.37,161.58,207769,207769
LRLCF,0.25,0.000872,0.0872,286.8,289.5,285.8,285.8,286.8,289.5,285.8,285.8,311,311
TIF,0.45,0.003672,0.3672,123.01,124.42,122.11,122.3,123.01,124.42,122.11,122.3,3693842,3693842
LB,0.39,0.022688,2.2688,17.58,17.68,17.09,17.09,17.58,17.68,17.09,17.09,5172087,5172087
TGT,2.53,0.023301,2.3301,111.11,111.25,109.56,110.71,111.11,111.25,109.56,110.71,5970360,5970360
UAA,-0.11,-0.006384,-0.6384,17.12,17.48,17.09,17.11,17.12,17.48,17.09,17.11,3095534,3095534
PLNT,-0.93,-0.013093,-1.3093,70.1,71.28,69.96,71.06,70.1,71.28,69.96,71.06,1329993,1329993
EL,3.42,0.018184,1.8184,191.5,191.76,188.46,188.88,191.5,191.76,188.46,188.88,1501121,1501121
LVMHF,0.3,0.000674,0.0674,445.12,445.12,441.35,443.55,445.12,445.12,441.35,443.55,376,376
LULU,2.11,0.009995,0.9995,213.22,213.64,210.0,210.04,213.22,213.64,210.0,210.04,1253282,1253282
COTY,-0.03,-0.002451,-0.2451,12.21,12.37,12.17,12.25,12.21,12.37,12.17,12.25,3827742,3827742
ETSY,1.16,0.028515,2.8515,41.84,42.03,40.5,40.6,41.84,42.03,40.5,40.6,4458524,4458524
ULTA,-1.17,-0.004794,-0.4794,242.87,245.66,241.35,244.95,242.87,245.66,241.35,244.95,710244,710244
NKE,-0.02,-0.000219,-0.0219,91.27,91.96,90.72,91.49,91.27,91.96,90.72,91.49,6035607,6035607
SBUX,0.44,0.005242,0.5242,84.38,84.52,83.8,84.1,84.38,84.52,83.8,84.1,5287433,5287433
SNAP,-0.1,-0.006911,-0.6911,14.37,14.59,14.21,14.42,14.37,14.59,14.21,14.42,16352590,16352590
FIZZ,-0.39,-0.009007,-0.9007,42.91,44.34,42.8,43.1,42.91,44.34,42.8,43.1,593752,593752
