symbol,change,changeOverTime,changePercent,close,high,low,open,uClose,uHigh,uLow,uOpen,uVolume,volume
NFLX,-0.61,-0.001664,-0.1664,365.99,371.34,364.92,370.09,365.99,371.34,364.92,370.09,5863222,5863222
DECK,0.04,0.000227,0.0227,176.4,177.47,174.87,176.35,176.4,177.47,174.87,176.35,315248,315248
AAPL,-0.71,-0.00346,-0.346,204.5,206.11,203.5,204.59,204.5,206.11,203.5,204.59,16866816,16866816
VFC,-0.13,-0.00147,-0.147,88.31,88.69,88.12,88.48,88.31,88.69,88.12,88.48,1433013,1433013
DEO,-0.69,-0.004039,-0.4039,170.16,170.79,169.73,170.71,170.16,170.79,169.73,170.71,362419,362419
LRLCF,-0.0273,-9.6e-05,-0.0096,283.74,283.93,283.74,283.93,283.74,283.93,283.74,283.93,414,414
TIF,0.21,0.002238,0.2238,94.03,94.88,93.09,93.22,94.03,94.88,93.09,93.22,959058,959058
LB,-0.29,-0.010861,-1.0861,26.41,26.9,26.4,26.6,26.41,26.9,26.4,26.6,3388067,3388067
TGT,1.51,0.017396,1.7396,88.31,88.82,87.1,87.42,88.31,88.82,87.1,87.42,5276853,5276853
UAA,-0.15,-0.005453,-0.5453,27.36,27.67,27.26,27.49,27.36,27.67,27.26,27.49,2712777,2712777
PLNT,0.35,0.004534,0.4534,77.54,78.32,77.16,77.4,77.54,78.32,77.16,77.4,797781,797781
EL,1.82,0.009718,0.9718,189.11,189.84,187.2,188.09,189.11,189.84,187.2,188.09,1269938,1269938
LVMHF,-0.3567,-0.000828,-0.0828,430.61,433.95,430.0,430.0,430.61,433.95,430.0,430.0,466,466
LULU,1.01,0.005339,0.5339,190.18,191.14,187.67,189.32,190.18,191.14,187.67,189.32,1430112,1430112
COTY,0.03,0.0027,0.27,11.14,11.27,11.07,11.09,11.14,11.27,11.07,11.09,4325941,4325941
ETSY,-1.34,-0.020442,-2.0442,64.21,65.53,63.56,65.28,64.21,65.53,63.56,65.28,1422413,1422413
ULTA,4.86,0.013664,1.3664,360.54,361.85,355.61,356.57,360.54,361.85,355.61,356.57,1409531,1409531
NKE,-0.88,-0.009835,-0.9835,88.6,89.71,88.57,89.5,88.6,89.71,88.57,89.5,5812813,5812813
SBUX,-0.08,-0.000887,-0.0887,90.08,90.48,89.59,90.22,90.08,90.48,89.59,90.22,5591855,5591855
SNAP,-0.5,-0.032258,-3.2258,15.0,15.53,14.89,15.5,15.0,15.53,14.89,15.5,24522972,24522972
FIZZ,0.86,0.020545,2.0545,42.72,43.15,41.6,41.9,42.72,43.15,41.6,41.9,502970,502970
