symbol,change,changeOverTime,changePercent,close,high,low,open,uClose,uHigh,uLow,uOpen,uVolume,volume
NFLX,0,0,0,332.94,335.48,329.13,334.24,332.94,335.48,329.13,334.24,10499582,10499582
DECK,0,0,0,113.76,115.94,112.67,113.07,113.76,115.94,112.67,113.07,564845,564845
AAPL,0,0,0,150.0,151.27,149.22,150.85,150.0,151.27,149.22,150.85,32439186,32439186
VFC,0,0,0,71.63,72.06,70.27,70.78,71.63,72.06,70.27,70.78,3392992,3392992
DEO,0,0,0,140.04,140.78,139.9,140.53,140.04,140.78,139.9,140.53,299323,299323
LRLCF,0,0,0,224.86,225.95,222.65,222.65,224.86,225.95,222.65,222.65,3199,3199
TIF,0,0,0,85.36,86.89,84.76,85.27,85.36,86.89,84.76,85.27,2023910,2023910
LB,0,0,0,26.44,27.27,26.27,26.27,26.44,27.27,26.27,26.27,4554736,4554736
TGT,0,0,0,68.84,69.85,68.63,69.15,68.84,69.85,68.63,69.15,4568045,4568045
UAA,0,0,0,19.71,19.84,19.41,19.52,19.71,19.84,19.41,19.52,3672540,3672540
PLNT,0,0,0,57.22,58.56,57.21,58.4,57.22,58.56,57.21,58.4,1262935,1262935
EL,0,0,0,124.91,126.15,124.91,125.28,124.91,126.15,124.91,125.28,2412921,2412921
LVMHF,0,0,0,287.1,289.3,287.1,289.3,287.1,289.3,287.1,289.3,436,436
LULU,0,0,0,139.73,145.0,135.38,136.64,139.73,145.0,135.38,136.64,7152029,7152029
COTY,0,0,0,7.19,7.33,7.11,7.21,7.19,7.33,7.11,7.21,5633974,5633974
ETSY,0,0,0,52.04,52.34,50.6,51.5,52.04,52.34,50.6,51.5,1313412,1313412
ULTA,0,0,0,274.9,282.93,274.89,282.06,274.9,282.93,274.89,282.06,928479,928479
NKE,0,0,0,76.09,76.81,75.46,75.46,76.09,76.81,75.46,75.46,5677442,5677442
SBUX,0,0,0,63.37,64.06,62.98,63.35,63.37,64.06,62.98,63.35,9929560,9929560
SNAP,0,0,0,6.31,6.5,6.24,6.46,6.31,6.5,6.24,6.46,10735556,10735556
FIZZ,0,0,0,78.08,79.21,76.27,78.61,78.08,79.21,76.27,78.61,269678,269678
