symbol,change,changeOverTime,changePercent,close,high,low,open,uClose,uHigh,uLow,uOpen,uVolume,volume
NFLX,1.24,260.840065,0.3509,354.61,355.94,349.2,354.48,354.61,355.94,349.2,354.48,4360960,4360960
DECK,2.5,103.985714,1.7303,146.98,148.4,145.92,146.5,146.98,148.4,145.92,146.5,405596,405596
AAPL,0.25,185.592842,0.1326,188.72,189.55,187.53,188.95,188.72,189.55,187.53,188.95,20780363,20780363
VFC,1.84,8.369524,2.1566,87.16,88.46,86.79,87.37,87.16,88.46,86.79,87.37,1605527,1605527
DEO,0.28,2.970909,0.1712,163.8,164.15,163.27,164.11,163.8,164.15,163.27,164.11,236755,236755
LRLCF,0.35,2.722759,0.1326,269.9,270.1,269.9,269.9,269.9,270.1,269.9,269.9,110,110
TIF,0.37,3.206744,0.3543,104.79,106.37,103.47,105.24,104.79,106.37,103.47,105.24,2230525,2230525
LB,-0.52,1.18794,-1.8271,27.94,29.02,27.86,28.71,27.94,29.02,27.86,28.71,3680427,3680427
TGT,0.5,1.755403,0.6264,80.32,81.56,79.87,80.09,80.32,81.56,79.87,80.09,5394126,5394126
UAA,0.3,2.366008,1.4293,21.29,21.59,21.15,21.28,21.29,21.59,21.15,21.28,3486520,3486520
PLNT,0.91,3.25,1.3564,68.0,68.27,67.16,67.41,68.0,68.27,67.16,67.41,935496,935496
EL,1.52,10.147119,0.9331,164.42,165.33,163.27,163.27,164.42,165.33,163.27,163.27,944662,944662
LVMHF,2.3,6.042115,0.6321,366.19,366.25,363.04,366.2,366.19,366.25,363.04,366.2,220,220
LULU,20.74,10.967143,14.1281,167.54,171.45,166.1,169.15,167.54,171.45,166.1,169.15,14698348,14698348
COTY,0.08,-0.337558,0.7005,11.5,11.52,11.39,11.42,11.5,11.52,11.39,11.42,36757647,36757647
ETSY,1.62,1.237667,2.4729,67.13,67.2,65.17,66.07,67.13,67.2,65.17,66.07,1460661,1460661
ULTA,-0.82,10.577129,-0.237,345.23,351.43,343.3,347.89,345.23,351.43,343.3,347.89,667504,667504
NKE,0.95,12.234646,1.1433,84.04,84.72,83.7,83.93,84.04,84.72,83.7,83.93,6032651,6032651
SBUX,1.22,10.679432,1.6772,73.96,73.98,72.89,72.97,73.96,73.98,72.89,72.97,6709554,6709554
SNAP,0.15,-0.559232,1.4098,10.79,10.92,10.58,10.61,10.79,10.92,10.58,10.61,10308195,10308195
FIZZ,-1.88,8.70657,-3.2203,56.5,59.0,56.32,58.36,56.5,59.0,56.32,58.36,394841,394841
