symbol,change,changeOverTime,changePercent,close,high,low,open,uClose,uHigh,uLow,uOpen,uVolume,volume
NFLX,0,0,0,337.71,353.48,339.99,357.1,352.25,353.7,336.66,358.94,7998350,7903929
DECK,0,0,0,157.79,159.64,156.05,157.1,161.44,158.81,156.35,158.0,796011,807199
AAPL,0,0,0,175.8,185.55,178.53,178.2,173.8,178.16,174.16,180.8,41678363,40955832
VFC,0,0,0,83.87,87.3,83.67,82.99,84.05,86.06,83.91,85.47,1834113,1858531
DEO,0,0,0,175.8,174.7,173.0,176.39,173.44,171.87,174.3,170.59,258263,254908
LRLCF,0,0,0,271.11,0.0,0.0,0.0,269.05,0.0,0.0,0.0,252,250
TIF,0,0,0,93.39,92.08,91.7,93.5,93.88,91.58,92.73,90.5,3404095,3284558
LB,0,0,0,23.26,23.81,22.61,22.77,22.98,23.85,23.08,22.58,5027823,5044123
TGT,0,0,0,83.92,85.14,81.21,84.6,87.03,85.3,82.5,81.3,7098914,7151002
UAA,0,0,0,23.67,24.1,23.47,23.14,24.55,24.5,23.67,23.66,7014915,6817814
PLNT,0,0,0,78.11,79.67,77.13,80.1,77.57,78.0,75.79,77.1,1473584,1441015
EL,0,0,0,168.64,173.07,163.6,162.47,166.15,167.63,168.6,168.94,1851554,1844618
LVMHF,0,0,0,379.6,383.0,386.3,381.9,383.39,389.4,390.0,380.6,683,669
LULU,0,0,0,169.85,169.9,164.42,173.68,170.78,167.9,163.29,169.67,1663433,1665797
COTY,0,0,0,12.93,13.0,12.82,12.73,13.03,12.74,12.66,12.83,6020711,6101283
ETSY,0,0,0,61.17,64.0,60.75,64.67,62.4,65.1,62.68,62.83,1836302,1907185
ULTA,0,0,0,336.3,348.26,337.16,335.69,333.9,338.44,328.84,339.21,1037568,1033654
NKE,0,0,0,81.84,80.31,78.21,80.41,80.24,79.37,77.32,78.12,11857131,11706136
SBUX,0,0,0,77.9,77.27,77.84,76.61,77.21,79.04,78.64,79.57,8508491,8397214
SNAP,0,0,0,11.85,12.43,11.73,12.18,11.73,12.88,11.96,11.89,33534834,34000865
FIZZ,0,0,0,47.13,48.8,46.44,46.22,48.1,47.56,46.88,47.29,492020,494094
