symbol,change,changeOverTime,changePercent,close,high,low,open,uClose,uHigh,uLow,uOpen,uVolume,volume
NFLX,0.83,0.002216,0.2216,375.43,376.0,370.31,374.89,375.43,376.0,370.31,374.89,3628962,3628962
DECK,-2.38,-0.013539,-1.3539,173.41,175.71,171.91,175.71,173.41,175.71,171.91,175.71,449493,449493
AAPL,1.18,0.005855,0.5855,202.73,203.13,201.36,201.41,202.73,203.13,201.36,201.41,16935217,16935217
VFC,-1.61,-0.018227,-1.8227,86.72,88.37,86.4,88.15,86.72,88.37,86.4,88.15,1334010,1334010
DEO,2.71,0.015854,1.5854,173.64,173.82,171.86,171.87,173.64,173.82,171.86,171.87,325293,325293
LRLCF,5.55,0.019594,1.9594,288.91,288.91,285.0,285.0,288.91,288.91,285.0,285.0,2196,2196
TIF,-2.08,-0.022062,-2.2062,92.2,94.36,91.42,94.28,92.2,94.36,91.42,94.28,1579875,1579875
LB,-0.42,-0.015784,-1.5784,26.19,26.8,26.1,26.54,26.19,26.8,26.1,26.54,3772595,3772595
TGT,0.1,0.00115,0.115,87.04,87.05,86.24,86.91,87.04,87.05,86.24,86.91,2323557,2323557
UAA,0.38,0.015109,1.5109,25.53,25.55,25.01,25.21,25.53,25.55,25.01,25.21,4062023,4062023
PLNT,0.75,0.00996,0.996,76.05,76.56,75.19,75.4,76.05,76.56,75.19,75.4,1890153,1890153
EL,1.77,0.009713,0.9713,184.0,185.59,182.45,182.51,184.0,185.59,182.45,182.51,1228283,1228283
LVMHF,4.21,0.009957,0.9957,427.01,429.39,423.55,423.55,427.01,429.39,423.55,423.55,653,653
LULU,0.91,0.005057,0.5057,180.86,182.7,179.59,179.95,180.86,182.7,179.59,179.95,1859577,1859577
COTY,0.11,0.009491,0.9491,11.7,11.83,11.1,11.1,11.7,11.83,11.1,11.1,11526627,11526627
ETSY,0.58,0.009346,0.9346,62.64,62.68,60.7,61.74,62.64,62.68,60.7,61.74,2736982,2736982
ULTA,0.95,0.002791,0.2791,341.33,345.78,338.25,340.76,341.33,345.78,338.25,340.76,590555,590555
NKE,-0.45,-0.005269,-0.5269,84.96,85.47,84.22,85.36,84.96,85.47,84.22,85.36,7189294,7189294
SBUX,0.96,0.011354,1.1354,85.51,85.59,84.52,84.74,85.51,85.59,84.52,84.74,6206087,6206087
SNAP,-0.25,-0.017422,-1.7422,14.1,14.48,13.98,14.46,14.1,14.48,13.98,14.46,17823895,17823895
FIZZ,-0.69,-0.015269,-1.5269,44.5,45.63,44.03,45.18,44.5,45.63,44.03,45.18,519382,519382
