symbol,change,changeOverTime,changePercent,close,high,low,open,uClose,uHigh,uLow,uOpen,uVolume,volume
NFLX,-0.23,-0.000873,-0.0873,263.08,267.44,260.39,266.18,263.08,267.44,260.39,266.18,7367491,7367491
DECK,2.72,0.019372,1.9372,143.13,144.69,141.27,141.33,143.13,144.69,141.27,141.33,904424,904424
AAPL,-1.07,-0.004866,-0.4866,218.82,220.96,217.28,220.54,218.82,220.96,217.28,220.54,25361285,25361285
VFC,0.72,0.008175,0.8175,88.79,89.6,87.91,88.71,88.79,89.6,87.91,88.71,1657278,1657278
DEO,0.14,0.000862,0.0862,162.57,163.43,161.92,163.28,162.57,163.43,161.92,163.28,334584,334584
LRLCF,1.0,0.003636,0.3636,276.0,276.0,275.15,275.15,276.0,276.0,275.15,275.15,38,38
TIF,1.05,0.01156,1.156,91.88,92.93,91.26,91.26,91.88,92.93,91.26,91.26,952752,952752
LB,-0.06,-0.003158,-0.3158,18.94,19.45,18.81,18.98,18.94,19.45,18.81,18.98,3882223,3882223
TGT,-0.17,-0.001599,-0.1599,106.12,106.81,105.53,105.95,106.12,106.81,105.53,105.95,3188604,3188604
UAA,-0.22,-0.011117,-1.1117,19.57,20.13,19.5,19.78,19.57,20.13,19.5,19.78,2273781,2273781
PLNT,-1.71,-0.02891,-2.891,57.44,59.63,57.16,59.3,57.44,59.63,57.16,59.3,1079108,1079108
EL,0.99,0.005068,0.5068,196.33,197.45,194.55,197.22,196.33,197.45,194.55,197.22,998805,998805
LVMHF,0.12,0.000304,0.0304,395.16,395.2,392.0,392.66,395.16,395.2,392.0,392.66,225,225
LULU,-1.82,-0.009502,-0.9502,189.72,192.96,188.55,192.68,189.72,192.96,188.55,192.68,1162333,1162333
COTY,0.17,0.016409,1.6409,10.53,10.6,10.37,10.47,10.53,10.6,10.37,10.47,2323665,2323665
ETSY,0.41,0.007537,0.7537,54.81,55.16,53.74,54.69,54.81,55.16,53.74,54.69,2540347,2540347
ULTA,8.09,0.034235,3.4235,244.4,246.46,237.4,238.14,244.4,246.46,237.4,238.14,2107582,2107582
NKE,0.14,0.001519,0.1519,92.31,92.86,91.6,91.85,92.31,92.86,91.6,91.85,6424104,6424104
SBUX,-1.43,-0.015924,-1.5924,88.37,90.3,87.79,90.3,88.37,90.3,87.79,90.3,5988453,5988453
SNAP,-0.98,-0.057647,-5.7647,16.02,17.1,15.7,16.98,16.02,17.1,15.7,16.98,35289534,35289534
FIZZ,-0.04,-0.000917,-0.0917,43.56,44.15,42.94,43.91,43.56,44.15,42.94,43.91,199697,199697
