symbol,change,changeOverTime,changePercent,close,high,low,open,uClose,uHigh,uLow,uOpen,uVolume,volume
NFLX,-2.27,256.601713,-0.6465,348.87,352.21,342.27,350.71,348.87,352.21,342.27,350.71,8842344,8842344
DECK,0.83,107.892857,0.5474,152.45,153.0,151.41,151.59,152.45,153.0,151.41,151.59,511489,511489
AAPL,0.36,195.984378,0.181,199.23,199.85,198.01,198.58,199.23,199.85,198.01,198.58,17536646,17536646
VFC,0.49,8.803816,0.5402,91.2,91.39,90.71,90.87,91.2,91.39,90.71,90.87,1433123,1433123
DEO,0.44,2.96703,0.2696,163.64,163.78,163.03,163.13,163.64,163.78,163.03,163.13,171294,171294
LRLCF,0.02,2.710345,0.01,269.0,271.65,268.3,271.65,269.0,271.65,268.3,271.65,476,476
TIF,-0.31,3.2501,-0.292,105.87,106.15,104.56,105.86,105.87,106.15,104.56,105.86,1099995,1099995
LB,-0.6,0.975724,-2.3229,25.23,26.09,25.21,25.77,25.23,26.09,25.21,25.77,4083121,4083121
TGT,1.25,1.81235,1.5484,81.98,82.13,80.69,80.84,81.98,82.13,80.69,80.84,3306283,3306283
UAA,0.05,2.464032,0.2287,21.91,22.15,21.82,21.92,21.91,22.15,21.82,21.92,3055038,3055038
PLNT,1.79,3.580625,2.5035,73.29,73.45,71.65,71.76,73.29,73.45,71.65,71.76,1209795,1209795
EL,-0.42,10.328814,-0.2507,167.1,168.14,166.13,167.31,167.1,168.14,166.13,167.31,1077286,1077286
LVMHF,-0.26,6.471923,-0.0669,388.54,389.05,385.35,389.05,388.54,389.05,385.35,389.05,721,721
LULU,2.13,11.286429,1.2538,172.01,173.07,170.02,170.02,172.01,173.07,170.02,170.02,2475588,2475588
COTY,-0.01,-0.355415,-0.0893,11.19,11.2,11.07,11.15,11.19,11.2,11.07,11.15,20221377,20221377
ETSY,0.82,1.206667,1.2542,66.2,66.49,65.01,65.38,66.2,66.49,65.01,65.38,1364844,1364844
ULTA,9.11,10.869215,2.6419,353.94,354.67,345.99,346.76,353.94,354.67,345.99,346.76,678851,678851
NKE,0.59,12.674016,0.6841,86.83,87.24,86.43,86.89,86.83,87.24,86.43,86.89,5035211,5035211
SBUX,-0.49,11.026846,-0.6393,76.16,76.7,76.08,76.67,76.16,76.7,76.08,76.67,7632303,7632303
SNAP,-0.12,-0.515931,-1.0025,11.85,12.02,11.79,11.9,11.85,12.02,11.79,11.9,10578909,10578909
FIZZ,0.22,8.158535,0.4144,53.31,53.79,52.15,53.32,53.31,53.79,52.15,53.32,431420,431420
