symbol,change,changeOverTime,changePercent,close,high,low,open,uClose,uHigh,uLow,uOpen,uVolume,volume
NFLX,0.14,0.000476,0.0476,294.29,297.43,289.78,294.23,294.29,297.43,289.78,294.23,5307386,5307386
DECK,-2.86,-0.019337,-1.9337,145.04,149.16,144.49,146.69,145.04,149.16,144.49,146.69,347974,347974
AAPL,1.15,0.005257,0.5257,219.9,220.13,217.56,217.73,219.9,220.13,217.56,217.73,21158141,21158141
VFC,-1.88,-0.020819,-2.0819,88.42,90.01,88.14,89.75,88.42,90.01,88.14,89.75,1110962,1110962
DEO,-1.83,-0.01121,-1.121,161.41,162.66,160.91,162.41,161.41,162.66,160.91,162.41,329741,329741
LRLCF,-3.75,-0.013787,-1.3787,268.25,268.25,268.25,268.25,268.25,268.25,268.25,268.25,75,75
TIF,-1.88,-0.019129,-1.9129,96.4,98.76,96.2,97.58,96.4,98.76,96.2,97.58,1526614,1526614
LB,0.57,0.030207,3.0207,19.44,19.57,18.54,18.58,19.44,19.57,18.54,18.58,6308277,6308277
TGT,-1.03,-0.009538,-0.9538,106.96,107.94,106.3,107.25,106.96,107.94,106.3,107.25,4642534,4642534
UAA,-0.07,-0.003305,-0.3305,21.11,21.42,20.88,20.91,21.11,21.42,20.88,20.91,2371929,2371929
PLNT,-0.27,-0.004319,-0.4319,62.24,62.64,61.24,61.99,62.24,62.64,61.24,61.99,844648,844648
EL,-2.27,-0.011652,-1.1652,192.55,194.41,190.34,193.53,192.55,194.41,190.34,193.53,1747685,1747685
LVMHF,-16.93,-0.040169,-4.0169,404.54,407.5,404.0,406.48,404.54,407.5,404.0,406.48,673,673
LULU,-1.48,-0.007583,-0.7583,193.7,194.91,192.12,194.16,193.7,194.91,192.12,194.16,1310840,1310840
COTY,0.19,0.017824,1.7824,10.85,10.89,10.55,10.59,10.85,10.89,10.55,10.59,3876225,3876225
ETSY,0.98,0.017235,1.7235,57.84,57.97,55.36,56.23,57.84,57.97,55.36,56.23,3006458,3006458
ULTA,-1.41,-0.006215,-0.6215,225.45,230.12,224.66,226.26,225.45,230.12,224.66,226.26,1361659,1361659
NKE,-0.05,-0.000573,-0.0573,87.27,87.82,86.67,87.09,87.27,87.82,86.67,87.09,4171743,4171743
SBUX,-1.06,-0.011715,-1.1715,89.42,90.45,89.38,90.02,89.42,90.45,89.38,90.02,6339236,6339236
SNAP,-0.24,-0.015,-1.5,15.76,16.0,15.51,15.84,15.76,16.0,15.51,15.84,15548621,15548621
FIZZ,-1.02,-0.021921,-2.1921,45.51,47.24,45.0,46.65,45.51,47.24,45.0,46.65,359263,359263
