symbol,change,changeOverTime,changePercent,close,high,low,open,uClose,uHigh,uLow,uOpen,uVolume,volume
NFLX,1.96,0.007324,0.7324,269.58,272.2,264.03,267.35,269.58,272.2,264.03,267.35,8786284,8786284
DECK,-0.93,-0.006311,-0.6311,146.43,149.92,145.88,147.48,146.43,149.92,145.88,147.48,642157,642157
AAPL,0.62,0.002768,0.2768,224.59,228.22,224.2,225.07,224.59,228.22,224.2,225.07,36187163,36187163
VFC,0.02,0.000225,0.0225,89.01,89.73,88.42,89.06,89.01,89.73,88.42,89.06,2253641,2253641
DEO,-0.12,-0.000734,-0.0734,163.4,163.6,161.63,162.33,163.4,163.6,161.63,162.33,325258,325258
LRLCF,-8.25,-0.029271,-2.9271,273.6,276.0,273.6,276.0,273.6,276.0,273.6,276.0,2282,2282
TIF,-1.75,-0.018892,-1.8892,90.88,94.04,90.79,93.09,90.88,94.04,90.79,93.09,1063208,1063208
LB,-0.5,-0.025523,-2.5523,19.09,20.03,19.06,19.7,19.09,20.03,19.06,19.7,4624088,4624088
TGT,-0.97,-0.009073,-0.9073,105.94,108.14,105.86,107.33,105.94,108.14,105.86,107.33,3572222,3572222
UAA,-0.21,-0.010532,-1.0532,19.73,20.2,19.73,20.01,19.73,20.2,19.73,20.01,3206347,3206347
PLNT,0.77,0.013306,1.3306,58.64,59.48,58.0,58.25,58.64,59.48,58.0,58.25,1134912,1134912
EL,-1.7,-0.008545,-0.8545,197.25,201.42,196.37,198.92,197.25,201.42,196.37,198.92,1191018,1191018
LVMHF,-6.69,-0.016784,-1.6784,391.9,394.4,391.76,394.4,391.9,394.4,391.76,394.4,28,28
LULU,0.16,0.000831,0.0831,192.69,194.07,191.32,193.41,192.69,194.07,191.32,193.41,1324128,1324128
COTY,0.09,0.008563,0.8563,10.6,10.63,10.29,10.54,10.6,10.63,10.29,10.54,5203475,5203475
ETSY,-1.2,-0.021239,-2.1239,55.3,57.33,55.15,56.72,55.3,57.33,55.15,56.72,2172734,2172734
ULTA,15.34,0.061201,6.1201,265.99,267.25,253.01,253.45,265.99,267.25,253.01,253.45,4329279,4329279
NKE,-1.64,-0.017462,-1.7462,92.28,94.75,92.06,94.13,92.28,94.75,92.06,94.13,8504893,8504893
SBUX,-1.91,-0.021601,-2.1601,86.51,88.89,86.45,88.63,86.51,88.89,86.45,88.63,6805628,6805628
SNAP,-0.28,-0.017722,-1.7722,15.52,16.46,15.46,16.04,15.52,16.46,15.46,16.04,27745701,27745701
FIZZ,1.7,0.038323,3.8323,46.06,46.13,44.25,44.56,46.06,46.13,44.25,44.56,337865,337865
