symbol,change,changeOverTime,changePercent,close,high,low,open,uClose,uHigh,uLow,uOpen,uVolume,volume
NFLX,1.69,0.004649,0.4649,365.21,370.12,361.22,365.91,365.21,370.12,361.22,365.91,5899467,5899467
DECK,-0.35,-0.002007,-0.2007,174.05,176.41,172.7,176.03,174.05,176.41,172.7,176.03,405959,405959
AAPL,1.59,0.008036,0.8036,199.46,200.61,198.03,200.37,199.46,200.61,198.03,200.37,21513988,21513988
VFC,0.26,0.002943,0.2943,88.61,89.19,88.16,89.0,88.61,89.19,88.16,89.0,1712946,1712946
DEO,0.7,0.004068,0.4068,172.77,172.88,172.09,172.22,172.77,172.88,172.09,172.22,187098,187098
LRLCF,3.6,0.012712,1.2712,286.8,286.8,286.8,286.8,286.8,286.8,286.8,286.8,12,12
TIF,3.34,0.035999,3.5999,96.12,96.24,93.37,94.04,96.12,96.24,93.37,94.04,2590469,2590469
LB,0.64,0.027491,2.7491,23.92,24.02,23.38,23.56,23.92,24.02,23.38,23.56,5301052,5301052
TGT,0.05,0.00058,0.058,86.21,86.69,85.48,86.66,86.21,86.69,85.48,86.66,3814787,3814787
UAA,-0.38,-0.014095,-1.4095,26.58,27.34,26.53,27.1,26.58,27.34,26.53,27.1,5433730,5433730
PLNT,-2.16,-0.026882,-2.6882,78.19,80.54,77.59,80.45,78.19,80.54,77.59,80.45,1836155,1836155
EL,3.14,0.017462,1.7462,182.96,183.61,180.78,181.5,182.96,183.61,180.78,181.5,1356332,1356332
LVMHF,5.95,0.014414,1.4414,418.75,419.71,415.9,418.0,418.75,419.71,415.9,418.0,828,828
LULU,-0.6,-0.003207,-0.3207,186.5,190.52,185.37,189.2,186.5,190.52,185.37,189.2,2365987,2365987
COTY,0.02,0.001485,0.1485,13.49,13.67,13.42,13.56,13.49,13.67,13.42,13.56,6121931,6121931
ETSY,0.69,0.010126,1.0126,68.83,69.96,68.11,69.38,68.83,69.96,68.11,69.38,1699571,1699571
ULTA,0.5,0.001397,0.1397,358.34,365.54,355.17,360.42,358.34,365.54,355.17,360.42,743500,743500
NKE,1.69,0.020227,2.0227,85.24,85.67,84.42,84.9,85.24,85.67,84.42,84.9,6163840,6163840
SBUX,0.88,0.0105,1.05,84.69,84.83,83.83,84.41,84.69,84.83,83.83,84.41,5216143,5216143
SNAP,0.17,0.011588,1.1588,14.84,15.0,14.63,14.83,14.84,15.0,14.63,14.83,18753973,18753973
FIZZ,-0.78,-0.017719,-1.7719,43.24,45.03,42.85,44.22,43.24,45.03,42.85,44.22,571397,571397
