symbol,change,changeOverTime,changePercent,close,high,low,open,uClose,uHigh,uLow,uOpen,uVolume,volume
NFLX,-1.44,-0.005439,-0.5439,263.31,268.05,260.2,266.42,263.31,268.05,260.2,266.42,7696858,7696858
DECK,6.01,0.044717,4.4717,140.41,140.98,134.91,134.93,140.41,140.98,134.91,134.93,785793,785793
AAPL,-1.14,-0.005158,-0.5158,219.89,220.94,218.83,220.0,219.89,220.94,218.83,220.0,19088312,19088312
VFC,1.05,0.012066,1.2066,88.07,88.12,87.02,87.22,88.07,88.12,87.02,87.22,1599660,1599660
DEO,1.65,0.010262,1.0262,162.43,162.93,161.9,162.0,162.43,162.93,161.9,162.0,322021,322021
LRLCF,3.36,0.012369,1.2369,275.0,275.65,275.0,275.65,275.0,275.65,275.0,275.65,213,213
TIF,-1.19,-0.012932,-1.2932,90.83,92.54,89.58,92.23,90.83,92.54,89.58,92.23,1076521,1076521
LB,0.47,0.025364,2.5364,19.0,19.01,18.26,18.47,19.0,19.01,18.26,18.47,5934067,5934067
TGT,-0.51,-0.004775,-0.4775,106.29,107.4,104.68,106.9,106.29,107.4,104.68,106.9,5363565,5363565
UAA,0.2,0.010209,1.0209,19.79,19.86,19.5,19.64,19.79,19.86,19.5,19.64,2776027,2776027
PLNT,-1.56,-0.025696,-2.5696,59.15,61.41,58.91,60.93,59.15,61.41,58.91,60.93,1214214,1214214
EL,1.96,0.010135,1.0135,195.34,196.24,193.68,193.98,195.34,196.24,193.68,193.98,957219,957219
LVMHF,-2.95,-0.007412,-0.7412,395.04,397.06,392.34,396.0,395.04,397.06,392.34,396.0,615,615
LULU,-1.48,-0.007668,-0.7668,191.54,193.93,189.64,192.36,191.54,193.93,189.64,192.36,965834,965834
COTY,-0.13,-0.012393,-1.2393,10.36,10.52,10.33,10.49,10.36,10.52,10.33,10.49,2427795,2427795
ETSY,-0.6,-0.010909,-1.0909,54.4,55.3,53.42,54.74,54.4,55.3,53.42,54.74,5044929,5044929
ULTA,0.77,0.003269,0.3269,236.31,238.53,234.75,236.4,236.31,238.53,234.75,236.4,1190741,1190741
NKE,1.36,0.014976,1.4976,92.17,92.45,90.25,91.62,92.17,92.45,90.25,91.62,10539855,10539855
SBUX,-0.55,-0.006087,-0.6087,89.8,91.15,89.5,90.84,89.8,91.15,89.5,90.84,5531821,5531821
SNAP,-0.11,-0.006429,-0.6429,17.0,17.04,16.66,17.03,17.0,17.04,16.66,17.03,22024085,22024085
FIZZ,-0.47,-0.010665,-1.0665,43.6,44.44,43.45,44.27,43.6,44.44,43.45,44.27,188640,188640
