symbol,change,changeOverTime,changePercent,close,high,low,open,uClose,uHigh,uLow,uOpen,uVolume,volume
NFLX,6.16,0.017696,1.7696,354.27,356.43,349.93,350.95,354.27,356.43,349.93,350.95,4026369,4026369
DECK,5.93,0.041544,4.1544,148.67,149.07,144.2,145.8,148.67,149.07,144.2,145.8,898266,898266
AAPL,3.51,0.019171,1.9171,186.6,188.0,184.7,185.22,186.6,188.0,184.7,185.22,28364848,28364848
VFC,1.49,0.016444,1.6444,92.1,92.71,90.28,90.95,92.1,92.71,90.28,90.95,2623030,2623030
DEO,-0.05,-0.000295,-0.0295,169.44,169.91,168.99,169.91,169.44,169.91,168.99,169.91,285749,285749
LRLCF,3.7,0.01384,1.384,271.05,271.25,271.05,271.25,271.05,271.25,271.05,271.25,80,80
TIF,2.47,0.025894,2.5894,97.86,98.85,95.7,95.89,97.86,98.85,95.7,95.89,1276574,1276574
LB,0.37,0.016584,1.6584,22.68,22.75,22.09,22.32,22.68,22.75,22.09,22.32,3450906,3450906
TGT,-0.12,-0.001665,-0.1665,71.96,72.95,70.71,71.26,71.96,72.95,70.71,71.26,7705858,7705858
UAA,0.13,0.005476,0.5476,23.87,23.92,23.36,23.76,23.87,23.92,23.36,23.76,4280993,4280993
PLNT,-1.24,-0.015951,-1.5951,76.5,78.09,75.36,76.94,76.5,78.09,75.36,76.94,2178158,2178158
EL,0.76,0.004541,0.4541,168.14,169.17,167.26,168.54,168.14,169.17,167.26,168.54,1194352,1194352
LVMHF,6.21,0.016819,1.6819,375.43,375.43,373.0,373.0,375.43,375.43,373.0,373.0,191,191
LULU,2.38,0.013666,1.3666,176.53,177.27,174.6,174.88,176.53,177.27,174.6,174.88,1444833,1444833
COTY,0.01,0.000741,0.0741,13.51,13.7,13.36,13.56,13.51,13.7,13.36,13.56,7162267,7162267
ETSY,2.09,0.033112,3.3112,65.21,65.61,63.79,63.92,65.21,65.61,63.79,63.92,2027839,2027839
ULTA,5.27,0.015148,1.5148,353.16,354.54,347.9,348.61,353.16,354.54,347.9,348.61,545642,545642
NKE,0.79,0.009535,0.9535,83.64,83.8,82.51,83.36,83.64,83.8,82.51,83.36,5762586,5762586
SBUX,0.87,0.011349,1.1349,77.53,77.85,76.75,77.05,77.53,77.85,76.75,77.05,5808516,5808516
SNAP,0.35,0.031278,3.1278,11.54,11.56,11.3,11.3,11.54,11.56,11.3,11.3,18344771,18344771
FIZZ,-0.14,-0.002659,-0.2659,52.51,53.77,52.14,52.77,52.51,53.77,52.14,52.77,327998,327998
