symbol,change,changeOverTime,changePercent,close,high,low,open,uClose,uHigh,uLow,uOpen,uVolume,volume
NFLX,0,0,0,267.66,269.75,256.58,259.28,267.66,269.75,256.58,259.28,11679528,11679528
DECK,0,0,0,129.44,132.18,124.45,125.99,129.44,132.18,124.45,125.99,931723,931723
AAPL,0,0,0,157.92,158.85,154.23,154.89,157.92,158.85,154.23,154.89,37039737,37039737
VFC,0,0,0,71.35,71.72,69.56,69.96,71.35,71.72,69.56,69.96,1881210,1881210
DEO,0,0,0,139.43,140.53,139.05,140.43,139.43,140.53,139.05,140.43,360292,360292
LRLCF,0,0,0,225.5,228.27,225.3,225.5,225.5,228.27,225.3,225.5,2812,2812
TIF,0,0,0,81.83,82.28,78.16,79.35,81.83,82.28,78.16,79.35,1990883,1990883
LB,0,0,0,26.31,26.75,24.98,25.09,26.31,26.75,24.98,25.09,5401731,5401731
TGT,0,0,0,66.44,66.85,64.76,65.06,66.44,66.85,64.76,65.06,4549299,4549299
UAA,0,0,0,17.81,18.05,17.16,17.44,17.81,18.05,17.16,17.44,3332494,3332494
PLNT,0,0,0,53.58,54.12,52.15,52.68,53.58,54.12,52.15,52.68,1331668,1331668
EL,0,0,0,131.94,132.46,129.47,129.9,131.94,132.46,129.47,129.9,1640132,1640132
LVMHF,0,0,0,287.0,289.9,287.0,289.9,287.0,289.9,287.0,289.9,1080,1080
LULU,0,0,0,123.35,124.59,118.28,118.89,123.35,124.59,118.28,118.89,2085844,2085844
COTY,0,0,0,6.95,7.01,6.29,6.46,6.95,7.01,6.29,6.46,9878332,9878332
ETSY,0,0,0,47.0,47.73,45.28,46.23,47.0,47.73,45.28,46.23,1968615,1968615
ULTA,0,0,0,247.97,249.4,239.31,239.96,247.97,249.4,239.31,239.96,1055029,1055029
NKE,0,0,0,74.06,74.64,72.19,72.79,74.06,74.64,72.19,72.79,6762678,6762678
SBUX,0,0,0,64.32,64.37,63.21,63.68,64.32,64.37,63.21,63.68,10093978,10093978
SNAP,0,0,0,5.79,5.87,5.35,5.38,5.79,5.87,5.35,5.38,15253363,15253363
FIZZ,0,0,0,72.78,73.64,70.57,71.01,72.78,73.64,70.57,71.01,341933,341933
