symbol,change,changeOverTime,changePercent,close,high,low,open,uClose,uHigh,uLow,uOpen,uVolume,volume
NFLX,5.61,0.015814,1.5814,360.35,360.41,351.64,355.0,360.35,360.41,351.64,355.0,8353165,8353165
DECK,0.68,0.004453,0.4453,153.4,154.59,151.41,152.34,153.4,154.59,151.41,152.34,364964,364964
AAPL,0.73,0.003594,0.3594,203.86,204.15,202.52,203.12,203.86,204.15,202.52,203.12,24195766,24195766
VFC,0.05,0.000524,0.0524,95.55,96.2,94.56,95.31,95.55,96.2,94.56,95.31,2354398,2354398
DEO,0.95,0.00586,0.586,163.07,163.48,162.05,162.58,163.07,163.48,162.05,162.58,226037,226037
LRLCF,-0.6751,-0.002467,-0.2467,273.0,274.85,270.55,270.55,273.0,274.85,270.55,270.55,472,472
TIF,0.94,0.008853,0.8853,107.12,108.29,105.9,106.65,107.12,108.29,105.9,106.65,1127119,1127119
LB,0.01,0.00039,0.039,25.68,25.99,25.46,25.65,25.68,25.99,25.46,25.65,3272967,3272967
TGT,0.58,0.007015,0.7015,83.26,83.48,82.44,82.76,83.26,83.48,82.44,82.76,3162904,3162904
UAA,0.23,0.010488,1.0488,22.16,22.36,21.74,21.83,22.16,22.36,21.74,21.83,3707669,3707669
PLNT,0.52,0.007134,0.7134,73.41,74.34,72.48,72.93,73.41,74.34,72.48,72.93,846048,846048
EL,0.8,0.004719,0.4719,170.33,171.39,169.48,169.84,170.33,171.39,169.48,169.84,1131509,1131509
LVMHF,-1.9,-0.004772,-0.4772,396.25,398.0,396.2,397.2,396.25,398.0,396.2,397.2,1077,1077
LULU,2.08,0.012147,1.2147,173.31,174.64,169.72,171.74,173.31,174.64,169.72,171.74,2293194,2293194
COTY,0.01,0.000889,0.0889,11.26,11.29,11.18,11.24,11.26,11.29,11.18,11.24,10248172,10248172
ETSY,-0.85,-0.01323,-1.323,63.4,64.22,62.21,64.03,63.4,64.22,62.21,64.03,1813053,1813053
ULTA,-3.45,-0.009737,-0.9737,350.88,359.1,350.25,356.63,350.88,359.1,350.25,356.63,568164,568164
NKE,0.47,0.005297,0.5297,89.2,90.0,88.7,88.76,89.2,90.0,88.7,88.76,7016564,7016564
SBUX,0.94,0.012513,1.2513,76.06,76.26,75.21,75.48,76.06,76.26,75.21,75.48,6607755,6607755
SNAP,-0.08,-0.006809,-0.6809,11.67,11.71,11.18,11.18,11.67,11.71,11.18,11.18,24285199,24285199
FIZZ,0.58,0.010783,1.0783,54.37,54.6,53.71,53.71,54.37,54.6,53.71,53.71,228973,228973
