symbol,change,changeOverTime,changePercent,close,high,low,open,uClose,uHigh,uLow,uOpen,uVolume,volume
NFLX,0,0,0,363.3,356.9,346.16,343.32,367.34,354.42,353.96,358.02,5537270,5527264
DECK,0,0,0,177.67,179.25,174.27,175.08,178.27,180.92,178.96,176.24,340866,330269
AAPL,0,0,0,202.13,198.99,196.58,195.0,194.0,200.56,199.62,200.7,15244698,14997333
VFC,0,0,0,88.23,92.21,88.22,89.61,87.25,90.78,87.85,89.09,1329847,1342824
DEO,0,0,0,172.82,177.3,178.13,177.0,174.67,174.2,178.17,177.97,203988,201040
LRLCF,0,0,0,280.02,286.15,287.32,292.03,288.6,293.52,288.89,287.2,129,126
TIF,0,0,0,93.63,93.95,93.25,91.21,93.58,93.41,92.27,93.45,1083816,1034337
LB,0,0,0,23.21,23.57,22.8,23.0,22.76,23.86,22.42,23.4,4545809,4485033
TGT,0,0,0,89.25,88.3,87.99,91.74,88.4,88.7,87.38,88.2,4329926,4371247
UAA,0,0,0,27.84,27.55,26.52,27.8,27.8,27.62,26.83,27.04,4647636,4787554
PLNT,0,0,0,82.8,83.06,82.4,83.68,84.7,84.46,81.8,83.94,966702,970170
EL,0,0,0,183.88,185.02,182.75,185.78,180.62,186.51,181.31,183.8,1061031,1076888
LVMHF,0,0,0,415.21,407.65,403.1,400.5,417.27,404.14,410.3,417.7,162,160
LULU,0,0,0,187.24,190.93,181.43,179.77,187.74,184.96,183.66,183.41,4112464,4067890
COTY,0,0,0,13.71,14.47,14.03,13.69,14.03,14.0,13.81,14.09,3033290,2985787
ETSY,0,0,0,71.14,70.94,68.92,70.61,69.69,70.72,70.82,69.96,1363213,1377723
ULTA,0,0,0,363.75,373.31,355.06,363.97,356.78,373.38,350.24,369.71,614377,624062
NKE,0,0,0,84.18,85.18,82.03,85.27,83.13,85.6,84.42,87.18,5353515,5312109
SBUX,0,0,0,85.37,86.17,85.34,88.47,86.0,88.68,85.05,87.96,9329563,9583703
SNAP,0,0,0,13.94,14.42,13.9,14.51,13.97,14.2,13.6,14.86,27165796,27158629
FIZZ,0,0,0,45.91,47.18,46.5,45.36,46.36,47.78,44.7,44.9,329310,332590
