symbol,change,changeOverTime,changePercent,close,high,low,open,uClose,uHigh,uLow,uOpen,uVolume,volume
NFLX,2.64,0.007357,0.7357,361.46,364.0,358.89,361.02,361.46,364.0,358.89,361.02,8443210,8443210
DECK,-0.91,-0.006378,-0.6378,141.77,143.95,141.64,143.1,141.77,143.95,141.64,143.1,518768,518768
AAPL,2.39,0.013008,1.3008,186.12,187.33,183.74,184.85,186.12,187.33,183.74,184.85,39042912,39042912
FB,-4.19,-0.024622,-2.4622,165.98,167.58,162.51,167.16,165.98,167.58,162.51,167.16,37126000,37126000
DEO,1.79,0.011086,1.1086,163.26,164.07,163.07,163.66,163.26,164.07,163.07,163.66,620118,620118
LRLCF,3.9,0.014739,1.4739,268.5,268.5,266.63,266.63,268.5,268.5,266.63,266.63,23,23
TIF,1.09,0.011417,1.1417,96.56,97.18,95.63,95.87,96.56,97.18,95.63,95.87,1671387,1671387
DIS,0.48,0.004193,0.4193,114.96,115.48,113.68,114.5,114.96,115.48,113.68,114.5,14932667,14932667
LB,0.35,0.013343,1.3343,26.58,26.75,26.0,26.36,26.58,26.75,26.0,26.36,8301923,8301923
TGT,0.17,0.002223,0.2223,76.66,76.88,76.07,76.73,76.66,76.88,76.07,76.73,5274209,5274209
UAA,-0.14,-0.006264,-0.6264,22.21,22.69,22.14,22.38,22.21,22.69,22.14,22.38,3698746,3698746
EL,2.75,0.017189,1.7189,162.74,163.38,160.27,160.6,162.74,163.38,160.27,160.6,2133531,2133531
LVMHF,4.39,0.012296,1.2296,361.0,362.15,359.9,360.35,361.0,362.15,359.9,360.35,356,356
LULU,-2.39,-0.016577,-1.6577,141.79,145.48,141.55,145.23,141.79,145.48,141.55,145.23,2251122,2251122
ADDYY,0.065,0.00054,0.054,120.41,120.8,119.7,120.27,120.41,120.8,119.7,120.27,24651,24651
GOOS,-0.37,-0.00719,-0.719,51.09,52.25,50.76,51.7,51.09,52.25,50.76,51.7,1014465,1014465
ETSY,-0.02,-0.000286,-0.0286,69.89,71.5,69.65,70.5,69.89,71.5,69.65,70.5,5162786,5162786
ULTA,25.9,0.082877,8.2877,338.41,345.24,327.0,327.97,338.41,345.24,327.0,327.97,3882889,3882889
NKE,-0.07,-0.000806,-0.0806,86.8,87.61,85.96,87.22,86.8,87.61,85.96,87.22,11031386,11031386
SBUX,-0.07,-0.00099,-0.099,70.67,71.21,70.54,70.8,70.67,71.21,70.54,70.8,13096889,13096889
SNAP,-0.12,-0.010638,-1.0638,11.16,11.67,10.93,11.56,11.16,11.67,10.93,11.56,51649522,51649522
FIZZ,-0.05,-0.000853,-0.0853,58.6,59.99,58.45,58.89,58.6,59.99,58.45,58.89,462383,462383
