symbol,change,changeOverTime,changePercent,close,high,low,open,uClose,uHigh,uLow,uOpen,uVolume,volume
NFLX,-6.35,-0.021574,-2.1574,287.99,297.17,282.66,291.16,287.99,297.17,282.66,291.16,12320248,12320248
DECK,-3.72,-0.023985,-2.3985,151.38,154.74,150.05,154.24,151.38,154.74,150.05,154.24,506766,506766
AAPL,2.53,0.011813,1.1813,216.7,216.78,211.71,213.86,216.7,216.78,211.71,213.86,31777931,31777931
FB,-2.59,-0.013721,-1.3721,186.17,188.1,184.55,187.44,186.17,188.1,184.55,187.44,15455867,15455867
DEO,-2.64,-0.015796,-1.5796,164.49,165.05,163.39,163.98,164.49,165.05,163.39,163.98,369712,369712
LRLCF,1.0,0.00365,0.365,275.0,275.0,275.0,275.0,275.0,275.0,275.0,275.0,460,460
TIF,2.73,0.029908,2.9908,94.01,94.01,91.09,91.36,94.01,94.01,91.09,91.36,2380473,2380473
DIS,-3.04,-0.021897,-2.1897,135.79,138.44,134.58,138.12,135.79,138.44,134.58,138.12,10974575,10974575
LB,0.68,0.038053,3.8053,18.55,18.71,17.86,17.86,18.55,18.71,17.86,17.86,7785507,7785507
TGT,0.88,0.008152,0.8152,108.83,108.83,106.84,107.41,108.83,108.83,106.84,107.41,3949186,3949186
UAA,0.53,0.026212,2.6212,20.75,20.76,20.05,20.05,20.75,20.76,20.05,20.05,5308623,5308623
EL,-5.94,-0.028919,-2.8919,199.46,204.0,198.0,203.76,199.46,204.0,198.0,203.76,2317349,2317349
LVMHF,-6.62,-0.015867,-1.5867,410.61,413.48,408.1,408.54,410.61,413.48,408.1,408.54,542,542
LULU,-1.13,-0.005813,-0.5813,193.26,194.29,190.9,194.29,193.26,194.29,190.9,194.29,2538282,2538282
ADDYY,-3.95,-0.02574,-2.574,149.51,150.0,147.25,148.22,149.51,150.0,147.25,148.22,21606,21606
GOOS,1.13,0.028026,2.8026,41.45,41.68,40.04,40.04,41.45,41.68,40.04,40.04,1034816,1034816
ETSY,0.03,0.000594,0.0594,50.53,51.93,49.38,49.86,50.53,51.93,49.38,49.86,3808400,3808400
ULTA,5.26,0.023258,2.3258,231.42,233.17,225.28,225.5,231.42,233.17,225.28,225.5,2241474,2241474
NKE,-1.84,-0.020751,-2.0751,86.83,88.63,86.29,88.26,86.83,88.63,86.29,88.26,7072680,7072680
SBUX,-3.81,-0.040463,-4.0463,90.35,93.88,89.3,93.81,90.35,93.88,89.3,93.81,12490898,12490898
SNAP,-0.29,-0.018942,-1.8942,15.02,15.2,14.57,15.13,15.02,15.2,14.57,15.13,28741217,28741217
FIZZ,1.24,0.027985,2.7985,45.55,45.71,42.71,44.27,45.55,45.71,42.71,44.27,564048,564048
