symbol,change,changeOverTime,changePercent,close,high,low,open,uClose,uHigh,uLow,uOpen,uVolume,volume
NFLX,-0.81,276.01824,-0.2222,377.36,383.15,373.24,378.62,381.95,379.36,376.76,379.64,4764435,4561940
DECK,2.47,108.424663,1.665,151.5,154.39,146.77,149.33,150.65,155.79,151.08,152.49,287319,291415
AAPL,1.13,202.661202,0.5787,206.81,209.49,207.0,200.14,202.13,208.17,198.81,204.63,22443396,21998306
FB,0.24,3.677196,0.1404,186.08,180.15,180.25,180.32,180.67,180.48,176.76,179.75,12043575,11761347
DEO,-0.07,3.004655,-0.044,165.61,171.27,167.72,170.71,170.02,166.6,166.56,167.78,244921,249536
TIF,0.17,3.372416,0.1528,107.06,110.51,110.28,108.81,110.99,109.65,110.07,109.82,1309060,1330935
DIS,0.3,5.976364,0.264,117.16,120.88,117.13,119.43,121.04,120.07,119.95,119.33,14779955,14287089
LB,0.2,1.164162,0.7644,28.5,28.85,27.8,27.4,27.7,28.21,27.38,27.6,2806665,2828734
TGT,0.09,1.812872,0.1162,82.93,83.51,82.35,83.46,82.12,83.63,83.1,84.83,2345038,2281075
LRLCY,0.59,2.666468,1.0794,56.36,56.7,56.74,56.71,57.21,57.3,55.53,56.9,72411,73760
UAA,0.65,2.383282,3.2004,22.14,21.59,21.65,21.67,21.42,21.84,21.73,22.17,5304936,5305301
EL,2.79,10.499301,1.6695,169.65,172.27,167.57,172.26,173.58,173.65,170.2,166.43,997013,977620
LULU,-0.06,11.35397,-0.0373,172.07,175.37,169.85,176.2,169.74,175.74,174.4,173.7,1630576,1599948
ADDYY,1.4,5.728852,1.1507,130.73,132.93,130.21,129.01,130.21,132.51,129.25,130.14,24396,25328
LVMUY,2.55,6.495243,3.554,79.7,80.56,74.4,74.64,77.9,77.57,74.9,76.52,92314,91862
GOOS,0.76,2.20025,1.521,50.7,50.98,48.96,49.0,52.1,50.5,48.71,49.0,1286962,1272439
ETSY,1.59,1.326235,2.3824,69.8,69.52,67.8,69.0,70.08,70.11,66.8,69.9,1102674,1113995
ULTA,2.12,11.153482,0.6147,351.26,361.23,347.51,350.32,358.72,356.1,350.03,361.32,556315,548982
NKE,0.6,12.420564,0.7461,88.37,87.45,85.85,88.39,85.7,89.02,86.89,87.65,3993752,4109887
SBUX,0.38,11.201773,0.502,75.67,78.42,75.82,77.98,78.35,78.94,76.92,76.61,6236622,6094799
SNAP,-0.34,-0.53429,-2.6768,12.34,12.7,11.93,11.95,12.13,12.7,12.07,12.05,45771889,47371784
FIZZ,0.06,8.595015,0.1118,57.63,57.12,54.9,57.3,57.95,57.57,56.1,58.31,428681,410608
