symbol,change,changeOverTime,changePercent,close,high,low,open,uClose,uHigh,uLow,uOpen,uVolume,volume
NFLX,1.28,264.498931,0.358,367.35,361.56,359.4,365.58,361.0,365.49,358.4,356.6,4530894,4487009
DECK,2.5,108.101568,1.7433,150.55,152.2,151.67,149.1,147.79,150.9,150.7,151.6,424021,409580
AAPL,0.26,186.545686,0.1334,191.57,189.91,188.26,197.56,194.76,197.06,192.79,194.02,21033729,21440706
FB,-0.32,3.369708,-0.1999,171.21,167.4,168.86,166.06,167.79,172.43,170.62,167.67,11116720,10942278
DEO,0.29,3.005342,0.1757,167.9,166.66,163.28,170.59,167.5,166.09,167.18,170.17,245166,248453
TIF,0.37,3.344117,0.367,107.94,111.39,107.53,105.76,108.33,111.58,106.76,108.01,2272130,2265259
DIS,0.44,5.570717,0.397,113.14,114.78,115.06,111.3,116.11,116.71,115.59,112.7,11843280,12262361
LB,-0.52,1.20188,-1.9166,28.39,29.74,28.77,28.9,27.97,29.69,28.21,29.93,3802955,3688339
TGT,0.5,1.838692,0.6477,84.02,81.9,82.47,80.53,81.51,83.54,80.72,83.83,5519953,5484326
LRLCY,-0.17,2.609354,-0.3392,55.93,54.9,53.58,55.52,56.05,54.5,55.22,55.78,97848,96632
UAA,0.3,2.386133,1.4803,21.5,22.65,21.59,21.47,22.06,22.28,21.39,21.49,3519982,3572753
EL,1.55,10.240898,0.949,172.44,173.56,170.75,169.51,168.29,173.2,168.87,165.07,990948,986578
LULU,20.87,11.353849,14.6224,171.31,175.34,168.0,172.44,173.42,178.57,173.2,172.89,14780108,14891802
ADDYY,0.08,5.228694,0.0679,121.98,126.38,125.76,123.39,122.72,124.73,125.57,124.26,20248,19571
LVMUY,0.3,6.177915,0.4142,76.61,75.84,73.37,74.67,75.64,74.79,73.44,73.62,128322,125497
GOOS,1.16,2.01626,2.5428,47.43,50.2,46.88,47.28,48.58,48.46,48.04,47.64,2043310,1969763
ETSY,1.65,1.238892,2.534,69.31,69.8,68.15,67.19,68.27,69.3,67.25,68.42,1469697,1492600
ULTA,-0.86,11.084029,-0.24,361.48,354.83,351.6,362.39,348.49,365.23,356.3,359.96,688267,679691
NKE,0.96,12.769727,1.1864,84.43,85.9,84.6,87.18,86.65,85.16,84.7,85.52,6103539,6220469
SBUX,1.25,10.71831,1.7029,77.27,75.13,74.59,73.83,76.58,76.3,75.73,75.69,6904490,6981289
SNAP,0.15,-0.569206,1.422,10.86,11.01,11.08,10.74,11.18,11.03,11.02,11.08,10791943,10387346
FIZZ,-1.95,9.10055,-3.3019,59.0,61.0,59.06,59.79,56.5,59.0,58.4,61.19,399855,401824
