symbol,change,changeOverTime,changePercent,close,high,low,open,uClose,uHigh,uLow,uOpen,uVolume,volume
NFLX,0,0,0,364.07,355.96,352.9,360.29,361.35,361.35,354.9,350.91,4161444,4064364
DECK,0,0,0,158.46,158.8,155.64,156.56,154.95,161.63,150.89,151.55,524075,511546
AAPL,0,0,0,186.9,180.39,182.4,181.16,182.7,182.55,178.07,183.02,21260766,21534493
FB,0,0,0,185.78,188.01,181.37,190.99,187.46,185.73,189.4,185.34,8805283,8591375
DEO,0,0,0,176.01,172.4,172.01,174.67,171.55,177.8,171.67,174.59,293656,288307
TIF,0,0,0,91.94,94.2,92.2,95.67,92.0,96.1,93.0,95.12,1862867,1879423
DIS,0,0,0,133.8,137.38,135.27,131.97,134.3,135.55,131.71,137.45,5294477,5437469
LB,0,0,0,23.81,24.13,23.33,22.96,23.46,23.69,23.24,22.76,5038810,4894955
TGT,0,0,0,83.59,83.7,82.9,81.47,81.65,82.35,81.4,82.45,4045287,4102718
LRLCY,0,0,0,54.44,56.4,54.96,54.26,55.36,55.88,55.78,54.17,37819,38114
UAA,0,0,0,23.43,23.41,23.46,23.34,23.03,24.29,22.61,23.32,3289838,3237784
EL,0,0,0,166.82,169.8,164.58,171.66,172.31,173.8,168.51,172.2,1154161,1171403
LULU,0,0,0,165.11,173.39,162.82,165.46,170.09,170.3,165.54,163.67,1960199,1965904
ADDYY,0,0,0,150.65,149.44,148.7,149.81,145.15,146.83,145.0,146.3,40559,40810
LVMUY,0,0,0,78.57,77.49,79.41,78.19,79.95,76.77,76.37,78.85,305905,295505
GOOS,0,0,0,37.05,37.15,35.03,35.7,36.7,37.48,33.65,34.4,10403289,10537850
ETSY,0,0,0,64.8,63.96,62.64,65.53,65.63,64.54,61.97,64.81,1280189,1282091
ULTA,0,0,0,342.26,336.82,332.39,333.64,330.39,334.94,327.35,331.94,1369504,1320294
NKE,0,0,0,82.64,80.86,79.08,81.5,79.55,82.14,82.47,81.7,6479756,6280972
SBUX,0,0,0,78.01,76.77,75.87,76.93,77.22,78.46,79.15,76.12,7215852,7303369
SNAP,0,0,0,12.46,12.79,12.15,12.07,12.53,12.72,11.69,11.83,28770280,29755939
FIZZ,0,0,0,47.49,51.1,45.7,49.37,46.46,50.11,47.2,49.53,429916,422345
