symbol,change,changeOverTime,changePercent,close,high,low,open,uClose,uHigh,uLow,uOpen,uVolume,volume
NFLX,4.93,0.015634,1.5634,320.27,320.59,308.01,319.98,320.27,320.59,308.01,319.98,15359180,15359180
DECK,0.92,0.007354,0.7354,126.02,127.27,122.48,126.36,126.02,127.27,122.48,126.36,418051,418051
AAPL,2.82,0.019063,1.9063,150.75,151.82,148.52,149.56,150.75,151.82,148.52,149.56,41025314,41025314
FB,4.48,0.032452,3.2452,142.53,143.14,139.54,139.89,142.53,143.14,139.54,139.89,26263793,26263793
DEO,1.69,0.0122,1.22,140.22,140.31,139.17,139.53,140.22,140.31,139.17,139.53,509670,509670
LRLCF,4.7,0.020968,2.0968,228.85,228.85,228.85,228.85,228.85,228.85,228.85,228.85,50,50
TIF,1.07,0.012456,1.2456,86.97,87.96,84.88,86.74,86.97,87.96,84.88,86.74,2373753,2373753
DIS,0.86,0.007779,0.7779,111.42,112.56,111.17,111.8,111.42,112.56,111.17,111.8,8730674,8730674
LB,-0.67,-0.023207,-2.3207,28.2,29.1,27.2,29.08,28.2,29.1,27.2,29.08,5330694,5330694
TGT,-0.07,-0.001005,-0.1005,69.61,70.48,68.31,70.18,69.61,70.48,68.31,70.18,6755953,6755953
UAA,0.2,0.010712,1.0712,18.87,19.02,18.57,18.71,18.87,19.02,18.57,18.71,4585369,4585369
EL,1.23,0.009354,0.9354,132.73,133.81,130.67,133.06,132.73,133.81,130.67,133.06,1989274,1989274
LVMHF,11.46,0.039861,3.9861,298.96,299.0,295.1,298.0,298.96,299.0,295.1,298.0,393,393
LULU,1.76,0.013125,1.3125,135.86,137.18,133.67,135.52,135.86,137.18,133.67,135.52,2322575,2322575
ADDYY,2.22,0.020348,2.0348,111.32,111.89,111.04,111.62,111.32,111.89,111.04,111.62,62826,62826
GOOS,1.32,0.028235,2.8235,48.07,48.6,46.7,47.64,48.07,48.6,46.7,47.64,2618139,2618139
ETSY,2.31,0.044793,4.4793,53.88,54.0,51.54,53.14,53.88,54.0,51.54,53.14,2824806,2824806
ULTA,5.0,0.01845,1.845,276.0,276.5,267.43,271.92,276.0,276.5,267.43,271.92,919879,919879
NKE,1.01,0.013339,1.3339,76.73,77.4,76.2,76.83,76.73,77.4,76.2,76.83,8808978,8808978
SBUX,0.05,0.000787,0.0787,63.62,64.29,63.05,63.94,63.62,64.29,63.05,63.94,10809743,10809743
SNAP,0.19,0.030596,3.0596,6.4,6.45,6.21,6.3,6.4,6.45,6.21,6.3,16035381,16035381
FIZZ,5.02,0.067646,6.7646,79.23,79.76,74.44,74.63,79.23,79.76,74.44,74.63,484868,484868
