symbol,change,changeOverTime,changePercent,close,high,low,open,uClose,uHigh,uLow,uOpen,uVolume,volume
NFLX,-3.32,-0.010688,-1.0688,307.3,313.5,306.0,311.44,307.3,313.5,306.0,311.44,9171068,9171068
DECK,2.6,0.014811,1.4811,178.14,178.69,175.08,176.2,178.14,178.69,175.08,176.2,321189,321189
AAPL,1.62,0.007818,0.7818,208.84,208.91,207.29,208.46,208.84,208.91,207.29,208.46,18355210,18355210
FB,0.04,0.000198,0.0198,202.36,204.24,200.96,202.84,202.36,204.24,200.96,202.84,14583680,14583680
DEO,-0.44,-0.002592,-0.2592,169.33,170.14,168.92,169.43,169.33,170.14,168.92,169.43,516284,516284
LRLCF,-2.2,-0.007857,-0.7857,277.8,281.4,277.8,281.4,277.8,281.4,277.8,281.4,137,137
TIF,0.8,0.008721,0.8721,92.53,92.99,91.73,92.24,92.53,92.99,91.73,92.24,1150655,1150655
DIS,0.42,0.002982,0.2982,141.26,142.54,140.27,141.65,141.26,142.54,140.27,141.65,7514525,7514525
LB,0.17,0.006773,0.6773,25.27,25.4,24.64,25.16,25.27,25.4,24.64,25.16,4187538,4187538
TGT,1.32,0.015134,1.5134,88.54,88.56,86.69,87.75,88.54,88.56,86.69,87.75,4304000,4304000
UAA,0.55,0.020646,2.0646,27.19,27.25,26.56,26.97,27.19,27.25,26.56,26.97,2487679,2487679
EL,0.84,0.004453,0.4453,189.48,189.83,188.0,189.4,189.48,189.83,188.0,189.4,723450,723450
LVMHF,-3.87,-0.008969,-0.8969,428.07,429.2,426.65,428.79,428.07,429.2,426.65,428.79,279,279
LULU,1.32,0.007031,0.7031,189.07,189.84,186.71,189.0,189.07,189.84,186.71,189.0,1040806,1040806
ADDYY,-0.45,-0.002825,-0.2825,158.82,158.83,157.8,158.54,158.82,158.83,157.8,158.54,20427,20427
GOOS,1.06,0.02424,2.424,44.79,44.84,43.8,44.16,44.79,44.84,43.8,44.16,555907,555907
ETSY,-0.71,-0.01036,-1.036,67.82,69.16,67.1,68.97,67.82,69.16,67.1,68.97,2647571,2647571
ULTA,-0.96,-0.00272,-0.272,351.99,354.11,349.98,354.0,351.99,354.11,349.98,354.0,648404,648404
NKE,0.73,0.008491,0.8491,86.7,87.1,86.23,86.64,86.7,87.1,86.23,86.64,5659933,5659933
SBUX,-0.81,-0.008909,-0.8909,90.11,91.36,89.17,91.25,90.11,91.36,89.17,91.25,7609248,7609248
SNAP,0.68,0.048057,4.8057,14.83,14.93,14.25,14.66,14.83,14.93,14.25,14.66,78779016,78779016
FIZZ,0.37,0.00897,0.897,41.62,42.33,41.14,41.61,41.62,42.33,41.14,41.61,289641,289641
