symbol,change,changeOverTime,changePercent,close,high,low,open,uClose,uHigh,uLow,uOpen,uVolume,volume
NFLX,5.29,0.018313,1.8313,294.15,296.62,290.04,290.61,294.15,296.62,290.04,290.61,6583124,6583124
DECK,-2.83,-0.018775,-1.8775,147.9,152.93,147.23,151.1,147.9,152.93,147.23,151.1,359719,359719
AAPL,-4.33,-0.019432,-1.9432,218.75,220.79,217.02,220.0,218.75,220.79,217.02,220.0,39763296,39763296
FB,-0.28,-0.001494,-0.1494,187.19,187.97,186.54,187.33,187.19,187.97,186.54,187.33,11441116,11441116
DEO,-3.33,-0.019992,-1.9992,163.24,164.16,162.3,162.54,163.24,164.16,162.3,162.54,426658,426658
LRLCF,-7.86,-0.028085,-2.8085,272.0,272.0,269.0,269.0,272.0,272.0,269.0,269.0,1761,1761
TIF,1.67,0.017286,1.7286,98.28,99.04,97.14,97.46,98.28,99.04,97.14,97.46,1593757,1593757
DIS,0.52,0.003782,0.3782,138.02,138.22,137.11,137.85,138.02,138.22,137.11,137.85,5209146,5209146
LB,-0.14,-0.007365,-0.7365,18.87,19.67,18.67,19.29,18.87,19.67,18.67,19.29,7212478,7212478
TGT,-0.95,-0.00872,-0.872,107.99,109.17,107.83,109.07,107.99,109.17,107.83,109.07,2508259,2508259
UAA,-0.44,-0.020352,-2.0352,21.18,21.88,21.16,21.66,21.18,21.88,21.16,21.66,5400095,5400095
EL,-2.4,-0.012169,-1.2169,194.82,197.75,193.58,195.45,194.82,197.75,193.58,195.45,1746649,1746649
LVMHF,2.12,0.005055,0.5055,421.47,425.0,421.47,422.0,421.47,425.0,421.47,422.0,1153,1153
LULU,-3.55,-0.017863,-1.7863,195.18,199.42,194.86,198.8,195.18,199.42,194.86,198.8,1512722,1512722
ADDYY,-1.65,-0.010785,-1.0785,151.34,151.58,150.32,150.6,151.34,151.58,150.32,150.6,18049,18049
GOOS,0.27,0.006236,0.6236,43.57,44.37,43.42,43.45,43.57,44.37,43.42,43.45,737361,737361
ETSY,1.98,0.036079,3.6079,56.86,57.28,55.66,56.23,56.86,57.28,55.66,56.23,4835075,4835075
ULTA,0.7,0.003095,0.3095,226.86,227.95,225.53,227.6,226.86,227.95,225.53,227.6,1127024,1127024
NKE,-0.35,-0.003992,-0.3992,87.32,88.79,87.3,88.25,87.32,88.79,87.3,88.25,5894673,5894673
SBUX,-1.58,-0.017163,-1.7163,90.48,92.15,90.32,92.15,90.48,92.15,90.32,92.15,6972260,6972260
SNAP,0.23,0.014585,1.4585,16.0,16.13,15.66,15.82,16.0,16.13,15.66,15.82,15916010,15916010
FIZZ,-0.54,-0.011472,-1.1472,46.53,48.33,46.28,46.96,46.53,48.33,46.28,46.96,385180,385180
