symbol,change,changeOverTime,changePercent,close,high,low,open,uClose,uHigh,uLow,uOpen,uVolume,volume
NFLX,-4.83,-0.016493,-1.6493,288.03,291.19,286.31,289.99,288.03,291.19,286.31,289.99,4062370,4062370
DECK,2.76,0.017244,1.7244,162.82,164.84,160.83,161.65,162.82,164.84,160.83,161.65,619475,619475
AAPL,-0.37,-0.001437,-0.1437,257.13,258.19,256.32,257.05,257.13,258.19,256.32,257.05,19974427,19974427
FB,-0.4,-0.002054,-0.2054,194.32,195.75,193.6,195.37,194.32,195.75,193.6,195.37,9941954,9941954
DEO,-0.58,-0.003612,-0.3612,159.98,161.03,159.42,161.03,159.98,161.03,159.42,161.03,500944,500944
LRLCF,-0.25,-0.000864,-0.0864,289.0,289.05,288.95,288.95,289.0,289.05,288.95,288.95,31,31
TIF,-3.34,-0.026167,-2.6167,124.3,127.87,123.99,127.41,124.3,127.87,123.99,127.41,4834910,4834910
DIS,-1.47,-0.011059,-1.1059,131.45,132.77,130.89,132.77,131.45,132.77,130.89,132.77,7404474,7404474
LB,0.24,0.013699,1.3699,17.76,18.18,17.65,17.74,17.76,18.18,17.65,17.74,5738050,5738050
TGT,1.29,0.01186,1.186,110.06,110.42,108.83,108.97,110.06,110.42,108.83,108.97,3292404,3292404
UAA,0.76,0.044341,4.4341,17.9,18.31,17.07,17.25,17.9,18.31,17.07,17.25,15039907,15039907
EL,2.25,0.01238,1.238,184.0,185.36,181.68,182.64,184.0,185.36,181.68,182.64,1687716,1687716
LVMHF,0.15,0.00034,0.034,441.55,443.65,441.35,441.35,441.55,443.65,441.35,441.35,326,326
LULU,-2.14,-0.010892,-1.0892,194.34,197.89,191.21,197.0,194.34,197.89,191.21,197.0,2104589,2104589
ADDYY,-4.12,-0.025865,-2.5865,155.17,156.58,155.05,156.58,155.17,156.58,155.05,156.58,39947,39947
GOOS,-1.46,-0.032987,-3.2987,42.8,45.09,42.76,44.59,42.8,45.09,42.76,44.59,1203894,1203894
ETSY,-1.51,-0.033751,-3.3751,43.23,44.91,43.14,44.85,43.23,44.91,43.14,44.85,3555955,3555955
ULTA,8.23,0.034698,3.4698,245.42,247.64,237.51,237.51,245.42,247.64,237.51,237.51,1517161,1517161
NKE,0.02,0.000223,0.0223,89.88,90.34,89.54,90.15,89.88,90.34,89.54,90.15,5589669,5589669
SBUX,-0.48,-0.005827,-0.5827,81.89,82.34,81.03,82.34,81.89,82.34,81.03,82.34,7054400,7054400
SNAP,-0.52,-0.033876,-3.3876,14.83,15.35,14.81,15.32,14.83,15.35,14.81,15.32,18667043,18667043
FIZZ,-0.04,-0.000876,-0.0876,45.63,46.15,45.1,45.66,45.63,46.15,45.1,45.66,327051,327051
