symbol,change,changeOverTime,changePercent,close,high,low,open,uClose,uHigh,uLow,uOpen,uVolume,volume
NFLX,3.73,0.01025,1.025,367.65,370.12,360.81,365.0,367.65,370.12,360.81,365.0,6526899,6526899
DECK,1.73,0.011672,1.1672,149.95,150.81,148.09,148.65,149.95,150.81,148.09,148.65,481343,481343
AAPL,-1.67,-0.008324,-0.8324,198.95,201.0,198.44,200.85,198.95,201.0,198.44,200.85,20900808,20900808
FB,-0.31,-0.001743,-0.1743,177.51,178.4,177.0,178.24,177.51,178.4,177.0,178.24,8070967,8070967
DEO,0.39,0.002394,0.2394,163.32,163.87,162.69,163.86,163.32,163.87,162.69,163.86,208209,208209
LRLCF,-3.9,-0.014257,-1.4257,269.65,273.45,269.65,273.45,269.65,273.45,269.65,273.45,836,836
TIF,0.16,0.001511,0.1511,106.04,106.46,105.08,106.46,106.04,106.46,105.08,106.46,1195880,1195880
DIS,-0.56,-0.00478,-0.478,116.6,117.86,116.32,117.73,116.6,117.86,116.32,117.73,12784470,12784470
LB,-0.62,-0.022794,-2.2794,26.58,27.53,26.57,27.31,26.58,27.53,26.57,27.31,3386458,3386458
TGT,-0.3,-0.003715,-0.3715,80.45,81.08,80.14,80.7,80.45,81.08,80.14,80.7,2627878,2627878
UAA,0.04,0.001873,0.1873,21.4,21.69,21.26,21.43,21.4,21.69,21.26,21.43,2611450,2611450
EL,1.52,0.009128,0.9128,168.04,168.32,166.73,167.68,168.04,168.32,166.73,167.68,1601226,1601226
LVMHF,8.96,0.023701,2.3701,387.0,389.95,386.46,388.2,387.0,389.95,386.46,388.2,2872,2872
LULU,0.54,0.003225,0.3225,168.0,168.66,166.93,167.69,168.0,168.66,166.93,167.69,1409735,1409735
ADDYY,-1.03,-0.00806,-0.806,126.76,127.32,126.49,127.32,126.76,127.32,126.49,127.32,17684,17684
GOOS,-0.37,-0.00743,-0.743,49.43,50.36,49.17,49.8,49.43,50.36,49.17,49.8,1113935,1113935
ETSY,-0.56,-0.00821,-0.821,67.65,69.28,67.54,68.41,67.65,69.28,67.54,68.41,1106615,1106615
ULTA,-0.06,-0.000171,-0.0171,350.22,351.87,348.0,350.88,350.22,351.87,348.0,350.88,708751,708751
NKE,0.12,0.001414,0.1414,85.0,85.05,84.28,84.9,85.0,85.05,84.28,84.9,3347649,3347649
SBUX,0.39,0.005167,0.5167,75.87,76.07,75.65,75.75,75.87,76.07,75.65,75.75,6042641,6042641
SNAP,-0.12,-0.009983,-0.9983,11.9,12.37,11.79,12.1,11.9,12.37,11.79,12.1,20186014,20186014
FIZZ,-1.56,-0.027967,-2.7967,54.22,56.85,53.63,56.14,54.22,56.85,53.63,56.14,341877,341877
