symbol,change,changeOverTime,changePercent,close,high,low,open,uClose,uHigh,uLow,uOpen,uVolume,volume
NFLX,-5.59,-0.015756,-1.5756,349.19,353.85,345.9,353.6,349.19,353.85,345.9,353.6,5658913,5658913
DECK,0.39,0.002585,0.2585,151.25,152.0,146.65,149.5,151.25,152.0,146.65,149.5,921097,921097
AAPL,-0.85,-0.004769,-0.4769,177.38,179.35,176.0,176.42,177.38,179.35,176.0,176.42,28481165,28481165
FB,-2.12,-0.011502,-1.1502,182.19,184.56,181.35,183.5,182.19,184.56,181.35,183.5,12797685,12797685
DEO,-2.17,-0.012814,-1.2814,167.18,168.15,166.85,168.05,167.18,168.15,166.85,168.05,315549,315549
LRLCF,-5.15,-0.019011,-1.9011,265.75,266.2,265.4,265.4,265.75,266.2,265.4,265.4,52,52
TIF,-0.37,-0.004057,-0.4057,90.82,91.19,88.77,90.42,90.82,91.19,88.77,90.42,2458146,2458146
DIS,-1.05,-0.007917,-0.7917,131.57,132.15,130.78,131.96,131.57,132.15,130.78,131.96,7749591,7749591
LB,-1.72,-0.070608,-7.0608,22.64,24.25,22.36,24.25,22.64,24.25,22.36,24.25,8603300,8603300
TGT,-1.13,-0.01399,-1.399,79.64,80.19,79.13,80.03,79.64,80.19,79.13,80.03,5772554,5772554
UAA,-0.73,-0.031024,-3.1024,22.8,23.4,22.57,23.35,22.8,23.4,22.57,23.35,5466626,5466626
EL,-2.57,-0.015424,-1.5424,164.05,166.15,161.57,166.15,164.05,166.15,161.57,166.15,1529462,1529462
LVMHF,-4.0,-0.010526,-1.0526,376.0,377.9,375.76,377.9,376.0,377.9,375.76,377.9,324,324
LULU,-11.96,-0.068914,-6.8914,161.59,172.8,160.88,172.44,161.59,172.8,160.88,172.44,4857066,4857066
ADDYY,-2.94,-0.020033,-2.0033,144.06,145.31,143.44,145.11,144.06,145.31,143.44,145.11,26570,26570
GOOS,-15.13,-0.30865,-30.865,33.89,42.06,33.58,41.41,33.89,42.06,33.58,41.41,20462337,20462337
ETSY,-2.9,-0.044595,-4.4595,62.13,64.22,61.33,64.21,62.13,64.22,61.33,64.21,1715369,1715369
ULTA,-12.78,-0.038166,-3.8166,322.07,334.59,321.82,332.37,322.07,334.59,321.82,332.37,1033748,1033748
NKE,-2.33,-0.028695,-2.8695,78.87,80.86,77.7,80.71,78.87,80.86,77.7,80.71,10116913,10116913
SBUX,-0.42,-0.005548,-0.5548,75.28,75.49,74.33,75.33,75.28,75.49,74.33,75.33,10511592,10511592
SNAP,0.11,0.009507,0.9507,11.68,11.69,11.24,11.31,11.68,11.69,11.24,11.31,18806844,18806844
FIZZ,0.15,0.003174,0.3174,47.41,47.98,46.19,46.92,47.41,47.98,46.19,46.92,388059,388059
