symbol,change,changeOverTime,changePercent,close,high,low,open,uClose,uHigh,uLow,uOpen,uVolume,volume
NFLX,12.95,0.048406,4.8406,280.48,280.53,265.03,265.97,280.48,280.53,265.03,265.97,10961191,10961191
DECK,-0.3,-0.002083,-0.2083,143.73,145.18,142.89,144.17,143.73,145.18,142.89,144.17,316136,316136
AAPL,3.06,0.013478,1.3478,230.09,230.44,227.3,227.93,230.09,230.44,227.3,227.93,28962984,28962984
FB,0.18,0.001001,0.1001,180.03,181.61,179.17,180.32,180.03,181.61,179.17,180.32,8980978,8980978
DEO,-0.66,-0.004006,-0.4006,164.1,164.53,162.85,162.94,164.1,164.53,162.85,162.94,276372,276372
LRLCF,-4.95,-0.018085,-1.8085,268.75,271.05,268.75,271.05,268.75,271.05,268.75,271.05,1289,1289
TIF,-0.48,-0.005423,-0.5423,88.03,89.43,87.76,88.56,88.03,89.43,87.76,88.56,1225609,1225609
DIS,0.01,7.7e-05,0.0077,129.34,130.14,128.88,129.22,129.34,130.14,128.88,129.22,4581018,4581018
LB,-0.34,-0.01979,-1.979,16.84,17.4,16.57,17.26,16.84,17.4,16.57,17.26,7077800,7077800
TGT,0.21,0.001903,0.1903,110.57,110.59,109.09,109.56,110.57,110.59,109.09,109.56,3710702,3710702
UAA,0.17,0.008731,0.8731,19.64,19.93,19.5,19.5,19.64,19.93,19.5,19.5,4031665,4031665
EL,-1.41,-0.007378,-0.7378,189.69,191.79,188.58,191.0,189.69,191.79,188.58,191.0,2320302,2320302
LVMHF,15.56,0.039052,3.9052,414.0,414.0,410.29,410.29,414.0,414.0,410.29,410.29,3794,3794
LULU,5.97,0.031068,3.1068,198.13,198.22,191.61,192.28,198.13,198.22,191.61,192.28,2474343,2474343
ADDYY,-0.17,-0.001106,-0.1106,153.59,154.09,151.94,152.25,153.59,154.09,151.94,152.25,19798,19798
GOOS,0.76,0.020441,2.0441,37.94,38.24,36.83,37.22,37.94,38.24,36.83,37.22,1920095,1920095
ETSY,0.565,0.009877,0.9877,57.77,58.49,56.14,56.9,57.77,58.49,56.14,56.9,2624470,2624470
ULTA,3.71,0.015586,1.5586,241.75,242.3,237.02,237.65,241.75,242.3,237.02,237.65,1144269,1144269
NKE,0.48,0.005188,0.5188,93.0,93.5,92.72,93.5,93.0,93.5,92.72,93.5,5870707,5870707
SBUX,0.11,0.001281,0.1281,85.96,86.07,85.38,85.91,85.96,86.07,85.38,85.91,4257671,4257671
SNAP,-0.13,-0.009148,-0.9148,14.08,14.38,14.01,14.19,14.08,14.38,14.01,14.19,15524722,15524722
FIZZ,1.39,0.029796,2.9796,48.04,48.15,46.42,46.42,48.04,48.15,46.42,46.42,327246,327246
