symbol,change,changeOverTime,changePercent,close,high,low,open,uClose,uHigh,uLow,uOpen,uVolume,volume
NFLX,0,0,0,377.34,377.69,359.0,359.7,377.34,377.69,359.0,359.7,11980534,11980534
DECK,0,0,0,149.87,153.15,149.76,152.59,149.87,153.15,149.76,152.59,320220,320220
AAPL,0,0,0,204.53,204.94,202.34,202.83,204.53,204.94,202.34,202.83,19439545,19439545
FB,0,0,0,181.44,181.67,178.25,178.25,181.44,181.67,178.25,178.25,13389889,13389889
DEO,0,0,0,162.58,163.21,162.14,163.04,162.58,163.21,162.14,163.04,196717,196717
LRLCF,0,0,0,273.0,273.0,273.0,273.0,273.0,273.0,273.0,273.0,4,4
TIF,0,0,0,105.72,106.92,105.28,106.89,105.72,106.92,105.28,106.89,767093,767093
DIS,0,0,0,131.68,132.2,131.03,131.9,131.68,132.2,131.03,131.9,10197506,10197506
LB,0,0,0,24.86,25.99,24.73,25.77,24.86,25.99,24.73,25.77,4490264,4490264
TGT,0,0,0,82.02,83.65,81.93,83.16,82.02,83.65,81.93,83.16,3331283,3331283
UAA,0,0,0,21.94,22.18,21.82,22.06,21.94,22.18,21.82,22.06,2331521,2331521
EL,0,0,0,169.92,170.72,168.27,170.02,169.92,170.72,168.27,170.02,978777,978777
LVMHF,0,0,0,396.65,398.25,395.18,395.18,396.65,398.25,395.18,395.18,1170,1170
LULU,0,0,0,173.02,173.66,172.04,173.2,173.02,173.66,172.04,173.2,1260897,1260897
ADDYY,0,0,0,130.95,130.95,130.3,130.5,130.95,130.95,130.3,130.5,20472,20472
GOOS,0,0,0,51.93,52.59,51.35,52.35,51.93,52.59,51.35,52.35,1319873,1319873
ETSY,0,0,0,63.51,63.78,62.68,63.04,63.51,63.78,62.68,63.04,969962,969962
ULTA,0,0,0,347.41,351.47,344.26,350.33,347.41,351.47,344.26,350.33,525820,525820
NKE,0,0,0,87.36,88.64,87.3,88.35,87.36,88.64,87.3,88.35,5390519,5390519
SBUX,0,0,0,75.4,76.06,75.21,75.71,75.4,76.06,75.21,75.71,4883100,4883100
SNAP,0,0,0,11.53,11.7,11.23,11.55,11.53,11.7,11.23,11.55,20725500,20725500
FIZZ,0,0,0,54.11,55.17,53.48,54.35,54.11,55.17,53.48,54.35,322596,322596
