symbol,change,changeOverTime,changePercent,close,high,low,open,uClose,uHigh,uLow,uOpen,uVolume,volume
NFLX,3.44,0.011008,1.1008,315.93,316.82,312.75,313.93,315.93,316.82,312.75,313.93,4100975,4100975
DECK,1.29,0.007698,0.7698,168.87,169.56,166.02,168.23,168.87,169.56,166.02,168.23,404191,404191
AAPL,3.55,0.013432,1.3432,267.84,267.98,265.31,265.58,267.84,267.98,265.31,265.58,16386122,16386122
FB,3.03,0.015228,1.5228,202.0,203.14,199.42,199.9,202.0,203.14,199.42,199.9,12760568,12760568
DEO,0.29,0.001771,0.1771,164.07,164.46,163.55,164.15,164.07,164.46,163.55,164.15,338524,338524
LRLCF,1.83,0.006482,0.6482,284.15,284.4,281.1,281.3,284.15,284.4,281.1,281.3,108,108
TIF,0.3,0.002252,0.2252,133.52,133.63,133.26,133.35,133.52,133.63,133.26,133.35,6112033,6112033
DIS,-0.16,-0.001055,-0.1055,151.48,152.57,151.15,152.3,151.48,152.57,151.15,152.3,6166318,6166318
LB,0.2,0.010482,1.0482,19.28,19.35,18.85,19.03,19.28,19.35,18.85,19.03,4686890,4686890
TGT,-0.99,-0.007802,-0.7802,125.9,127.15,125.76,127.15,125.9,127.15,125.76,127.15,3437648,3437648
UAA,1.11,0.061701,6.1701,19.1,19.39,18.66,18.8,19.1,19.39,18.66,18.8,9707886,9707886
EL,0.54,0.002763,0.2763,195.96,196.43,194.49,195.37,195.96,196.43,194.49,195.37,1500185,1500185
LVMHF,0.44,0.000975,0.0975,451.89,451.94,448.35,450.54,451.89,451.94,448.35,450.54,2172,2172
LULU,5.99,0.02688,2.688,228.83,229.65,223.04,223.89,228.83,229.65,223.04,223.89,1774630,1774630
ADDYY,2.4,0.015711,1.5711,155.48,155.52,154.37,154.66,155.48,155.52,154.37,154.66,23470,23470
GOOS,0.49,0.012821,1.2821,38.71,39.29,38.28,38.69,38.71,39.29,38.28,38.69,1828460,1828460
ETSY,1.05,0.024089,2.4089,44.43,44.7,43.56,43.73,44.43,44.7,43.56,43.73,2440095,2440095
ULTA,-1.99,-0.008433,-0.8433,233.98,242.43,233.48,237.47,233.98,242.43,233.48,237.47,1405634,1405634
NKE,0.81,0.008679,0.8679,94.14,94.38,93.5,93.5,94.14,94.38,93.5,93.5,4017613,4017613
SBUX,1.21,0.014309,1.4309,85.77,85.81,84.42,84.85,85.77,85.81,84.42,84.85,7506564,7506564
SNAP,-0.11,-0.007115,-0.7115,15.35,15.53,15.23,15.53,15.35,15.53,15.23,15.53,11531678,11531678
FIZZ,0.63,0.012918,1.2918,49.4,50.2,48.42,49.02,49.4,50.2,48.42,49.02,521588,521588
