symbol,change,changeOverTime,changePercent,close,high,low,open,uClose,uHigh,uLow,uOpen,uVolume,volume
NFLX,0,0,0,375.95,372.2,372.71,370.01,374.69,372.82,356.19,360.29,5014316,4860362
DECK,0,0,0,160.56,161.37,157.72,158.41,161.26,167.67,163.15,157.22,456664,458351
AAPL,0,0,0,193.62,192.06,186.34,193.46,196.49,192.34,188.63,192.92,31269307,31177177
FB,0,0,0,180.41,181.07,171.3,177.1,174.04,181.75,175.75,175.68,17178888,16978474
DEO,0,0,0,178.51,176.42,178.45,178.66,179.71,174.53,175.44,181.69,351339,349600
TIF,0,0,0,91.71,92.34,91.5,94.4,92.62,91.93,94.68,93.5,1234907,1243554
DIS,0,0,0,138.11,144.55,140.77,144.4,142.71,139.92,137.73,141.4,7128521,7075987
LB,0,0,0,22.9,23.18,23.62,23.84,23.2,23.07,23.48,23.4,4032618,4054435
TGT,0,0,0,90.62,88.87,89.9,89.3,88.47,90.02,90.16,89.9,5440855,5304207
LRLCY,0,0,0,55.87,55.86,57.37,56.7,57.84,57.89,55.61,56.0,47498,48056
UAA,0,0,0,27.2,26.69,25.99,26.7,27.0,26.91,25.88,26.8,3506825,3457775
EL,0,0,0,181.55,182.04,178.23,178.85,176.98,180.31,181.91,181.72,1106637,1084942
LULU,0,0,0,179.21,178.7,171.87,179.76,173.2,178.9,173.68,179.86,1880260,1901187
ADDYY,0,0,0,154.23,157.48,154.23,150.46,156.3,152.86,152.62,149.31,38861,37977
LVMUY,0,0,0,81.35,85.52,81.74,83.01,83.53,85.33,80.76,81.8,84348,83600
GOOS,0,0,0,35.2,35.01,34.05,33.3,34.74,35.88,34.24,33.62,2447051,2422121
ETSY,0,0,0,66.81,65.95,64.28,63.62,66.78,66.77,62.41,62.45,2014531,1977837
ULTA,0,0,0,340.51,347.58,350.43,356.72,344.9,346.38,350.82,351.86,584534,570820
NKE,0,0,0,86.8,85.64,85.7,86.45,87.22,87.08,86.24,84.92,3971366,3975233
SBUX,0,0,0,84.76,86.55,82.77,82.3,83.2,85.79,81.82,82.9,11583048,11520005
SNAP,0,0,0,14.12,14.44,14.1,14.05,14.46,14.33,14.21,14.5,29757119,29806976
FIZZ,0,0,0,50.03,52.1,48.67,51.21,49.35,51.5,49.81,50.65,335375,344466
