symbol,change,changeOverTime,changePercent,close,high,low,open,uClose,uHigh,uLow,uOpen,uVolume,volume
NFLX,-3.35,-0.0112,-1.12,295.76,300.63,288.0,299.5,295.76,300.63,288.0,299.5,9683384,9683384
DECK,-4.45,-0.03239,-3.239,132.94,137.81,132.86,137.5,132.94,137.81,132.86,137.5,726552,726552
AAPL,-1.01,-0.004982,-0.4982,201.74,205.14,199.67,203.46,201.74,205.14,199.67,203.46,27883363,27883363
FB,2.88,0.016026,1.6026,182.59,183.2,180.03,180.95,182.59,183.2,180.03,180.95,13059640,13059640
DEO,2.86,0.01757,1.757,165.64,166.18,164.8,165.75,165.64,166.18,164.8,165.75,275689,275689
LRLCF,-0.7655,-0.002976,-0.2976,256.45,256.45,255.9,255.9,256.45,256.45,255.9,255.9,160,160
TIF,-2.16,-0.026109,-2.6109,80.57,83.28,79.48,83.0,80.57,83.28,79.48,83.0,2731696,2731696
DIS,0.56,0.004215,0.4215,133.41,134.28,132.47,133.5,133.41,134.28,132.47,133.5,7590114,7590114
LB,-1.16,-0.055635,-5.5635,19.69,20.96,19.45,20.86,19.69,20.96,19.45,20.86,7204662,7204662
TGT,0.67,0.008182,0.8182,82.56,84.05,82.01,83.36,82.56,84.05,82.01,83.36,5388999,5388999
UAA,-0.5,-0.026302,-2.6302,18.51,19.11,18.29,19.11,18.51,19.11,18.29,19.11,5174364,5174364
EL,0.31,0.00177,0.177,175.43,178.04,174.69,176.26,175.43,178.04,174.69,176.26,2162036,2162036
LVMHF,-6.34,-0.016381,-1.6381,380.7,386.55,380.7,383.25,380.7,386.55,380.7,383.25,240,240
LULU,0.76,0.004351,0.4351,175.44,176.35,172.44,176.2,175.44,176.35,172.44,176.2,1140876,1140876
ADDYY,1.07,0.007541,0.7541,142.97,143.5,142.0,142.92,142.97,143.5,142.0,142.92,38502,38502
GOOS,-1.76,-0.044033,-4.4033,38.21,40.21,38.03,40.01,38.21,40.21,38.03,40.01,1945890,1945890
ETSY,-1.13,-0.021385,-2.1385,51.71,53.01,51.27,52.49,51.71,53.01,51.27,52.49,2650008,2650008
ULTA,-0.56,-0.001745,-0.1745,320.44,324.87,315.49,320.74,320.44,324.87,315.49,320.74,990467,990467
NKE,-1.52,-0.018758,-1.8758,79.51,81.3,79.44,80.93,79.51,81.3,79.44,80.93,6713615,6713615
SBUX,0.61,0.006426,0.6426,95.53,96.27,94.61,95.5,95.53,96.27,94.61,95.5,5566890,5566890
SNAP,-0.37,-0.022616,-2.2616,15.99,16.5,15.85,16.46,15.99,16.5,15.85,16.46,18199953,18199953
FIZZ,0.4,0.009761,0.9761,41.38,41.95,41.05,41.24,41.38,41.95,41.05,41.24,475336,475336
