symbol,change,changeOverTime,changePercent,close,high,low,open,uClose,uHigh,uLow,uOpen,uVolume,volume
NFLX,-15.85,-0.055304,-5.5304,270.75,282.5,266.0,280.26,270.75,282.5,266.0,280.26,23954192,23954192
DECK,-1.81,-0.01311,-1.311,136.25,141.37,136.21,137.94,136.25,141.37,136.21,137.94,619729,619729
AAPL,-3.23,-0.014618,-1.4618,217.73,222.56,217.47,221.38,217.73,222.56,217.47,221.38,57977094,57977094
FB,-0.21,-0.001104,-0.1104,189.93,193.1,188.12,190.66,189.93,193.1,188.12,190.66,20359878,20359878
DEO,-1.69,-0.010362,-1.0362,161.41,162.96,161.19,162.64,161.41,162.96,161.19,162.64,511395,511395
LRLCF,-0.0289,-0.000105,-0.0105,274.47,275.45,274.47,275.45,274.47,275.45,274.47,275.45,380,380
TIF,-0.04,-0.000438,-0.0438,91.3,92.94,91.24,91.73,91.3,92.94,91.24,91.73,1612993,1612993
DIS,-1.03,-0.007727,-0.7727,132.27,133.23,131.61,133.03,132.27,133.23,131.61,133.03,25640027,25640027
LB,0.02,0.001061,0.1061,18.87,19.49,18.78,18.87,18.87,19.49,18.78,18.87,5679883,5679883
TGT,-1.2,-0.011125,-1.1125,106.67,108.55,106.6,108.31,106.67,108.55,106.6,108.31,4270628,4270628
UAA,-0.55,-0.027214,-2.7214,19.66,20.59,19.66,20.27,19.66,20.59,19.66,20.27,5119301,5119301
EL,-1.01,-0.005235,-0.5235,191.91,194.79,191.84,192.77,191.91,194.79,191.84,192.77,2233286,2233286
LVMHF,3.57,0.008848,0.8848,407.06,407.06,403.15,403.45,407.06,407.06,403.15,403.45,659,659
LULU,-4.31,-0.022261,-2.2261,189.3,196.04,189.18,194.08,189.3,196.04,189.18,194.08,2454597,2454597
ADDYY,-0.605,-0.003993,-0.3993,150.91,151.95,150.82,151.42,150.91,151.95,150.82,151.42,20585,20585
GOOS,-0.73,-0.017036,-1.7036,42.12,43.89,41.99,42.96,42.12,43.89,41.99,42.96,996693,996693
ETSY,1.34,0.022685,2.2685,60.41,61.15,58.28,60.91,60.41,61.15,58.28,60.91,22594649,22594649
ULTA,-1.32,-0.005737,-0.5737,228.75,232.26,227.65,229.79,228.75,232.26,227.65,229.79,2013240,2013240
NKE,-1.02,-0.011631,-1.1631,86.68,88.49,86.67,88.0,86.68,88.49,86.67,88.0,7032347,7032347
SBUX,-1.49,-0.016273,-1.6273,90.07,92.08,90.06,91.61,90.07,92.08,90.06,91.61,11241787,11241787
SNAP,0.16,0.009479,0.9479,17.04,17.14,16.86,16.88,17.04,17.14,16.86,16.88,31987246,31987246
FIZZ,-1.15,-0.024897,-2.4897,45.04,46.75,44.95,46.21,45.04,46.75,44.95,46.21,456035,456035
