symbol,change,changeOverTime,changePercent,close,high,low,open,uClose,uHigh,uLow,uOpen,uVolume,volume
NFLX,-2.39,-0.006497,-0.6497,365.49,369.8,364.66,369.0,365.49,369.8,364.66,369.0,3905493,3905493
DECK,1.79,0.012334,1.2334,146.92,148.53,145.55,145.91,146.92,148.53,145.55,145.91,468466,468466
AAPL,1.31,0.006694,0.6694,197.0,197.1,195.93,196.45,197.0,197.1,195.93,196.45,18526644,18526644
FB,-0.3,-0.001704,-0.1704,175.72,177.0,175.1,176.88,175.72,177.0,175.1,176.88,9594133,9594133
DEO,-0.14,-0.00086,-0.086,162.68,163.33,162.17,162.7,162.68,163.33,162.17,162.7,192323,192323
LRLCF,1.95,0.007249,0.7249,270.95,271.26,267.7,267.7,270.95,271.26,267.7,267.7,453,453
TIF,0.2,0.001864,0.1864,107.5,108.32,107.04,107.99,107.5,108.32,107.04,107.99,1988951,1988951
DIS,0.25,0.002179,0.2179,115.0,115.13,114.31,114.97,115.0,115.13,114.31,114.97,10907893,10907893
LB,-0.26,-0.00938,-0.938,27.46,27.95,27.34,27.78,27.46,27.95,27.34,27.78,3206468,3206468
TGT,-0.44,-0.005407,-0.5407,80.94,81.58,80.6,81.06,80.94,81.58,80.6,81.06,4234646,4234646
UAA,-0.18,-0.008178,-0.8178,21.83,22.15,21.65,22.02,21.83,22.15,21.65,22.02,4780398,4780398
EL,0.43,0.002637,0.2637,163.5,163.98,162.91,163.46,163.5,163.98,162.91,163.46,733934,733934
LVMHF,0.69,0.001835,0.1835,376.8,378.9,376.29,376.29,376.8,378.9,376.29,376.29,340,340
LULU,-2.0,-0.011671,-1.1671,169.37,172.9,168.84,172.04,169.37,172.9,168.84,172.04,1951884,1951884
ADDYY,0.59,0.004638,0.4638,127.79,127.82,126.94,126.98,127.79,127.82,126.94,126.98,47938,47938
GOOS,-0.13,-0.002659,-0.2659,48.76,49.38,48.41,49.13,48.76,49.38,48.41,49.13,750383,750383
ETSY,-0.08,-0.001171,-0.1171,68.22,69.14,67.81,68.4,68.22,69.14,67.81,68.4,1291559,1291559
ULTA,3.49,0.009967,0.9967,353.63,354.18,348.74,351.73,353.63,354.18,348.74,351.73,590451,590451
NKE,0.12,0.001407,0.1407,85.4,86.16,85.05,86.0,85.4,86.16,85.05,86.0,7367351,7367351
SBUX,0.68,0.009146,0.9146,75.03,75.08,74.35,74.35,75.03,75.08,74.35,74.35,5346334,5346334
SNAP,0.56,0.049645,4.9645,11.84,12.05,11.45,11.64,11.84,12.05,11.45,11.64,58510718,58510718
FIZZ,0.39,0.006783,0.6783,57.89,58.4,56.76,57.5,57.89,58.4,56.76,57.5,186188,186188
