symbol,change,changeOverTime,changePercent,close,high,low,open,uClose,uHigh,uLow,uOpen,uVolume,volume
NFLX,-5.71,-0.016255,-1.6255,345.56,353.61,343.23,351.82,345.56,353.61,343.23,351.82,4584704,4584704
DECK,4.58,0.027307,2.7307,172.3,172.44,167.33,168.0,172.3,172.44,167.33,168.0,601109,601109
AAPL,-0.62,-0.003183,-0.3183,194.19,195.97,193.39,193.95,194.19,195.97,193.39,193.95,18253189,18253189
FB,-3.06,-0.017181,-1.7181,175.04,179.27,172.88,178.38,175.04,179.27,172.88,178.38,17699806,17699806
DEO,1.55,0.008981,0.8981,174.14,174.73,173.89,173.9,174.14,174.73,173.89,173.9,200997,200997
LRLCF,3.04,0.010929,1.0929,281.35,282.0,277.9,277.9,281.35,282.0,277.9,277.9,149,149
TIF,-0.69,-0.007493,-0.7493,91.4,92.0,90.58,91.6,91.4,92.0,90.58,91.6,891189,891189
DIS,0.64,0.004738,0.4738,135.72,136.28,134.82,135.09,135.72,136.28,134.82,135.09,5536986,5536986
LB,-0.34,-0.015329,-1.5329,21.84,22.27,21.76,22.18,21.84,22.27,21.76,22.18,2759383,2759383
TGT,0.41,0.004667,0.4667,88.26,88.39,87.59,87.91,88.26,88.39,87.59,87.91,3650884,3650884
UAA,-0.2,-0.007639,-0.7639,25.98,26.38,25.9,26.22,25.98,26.38,25.9,26.22,3124563,3124563
EL,-0.32,-0.001803,-0.1803,177.17,179.1,175.66,178.36,177.17,179.1,175.66,178.36,1237545,1237545
LVMHF,-6.15,-0.015061,-1.5061,402.2,404.65,402.2,404.55,402.2,404.65,402.2,404.55,349,349
LULU,-0.74,-0.004312,-0.4312,170.89,173.45,169.29,171.93,170.89,173.45,169.29,171.93,5417579,5417579
ADDYY,-1.65,-0.011237,-1.1237,145.18,146.51,145.0,145.13,145.18,146.51,145.0,145.13,25010,25010
GOOS,-0.82,-0.023243,-2.3243,34.46,35.82,34.39,35.32,34.46,35.82,34.39,35.32,1193409,1193409
ETSY,1.99,0.029622,2.9622,69.17,69.72,66.52,67.25,69.17,69.72,66.52,67.25,3212514,3212514
ULTA,2.81,0.008264,0.8264,342.82,343.88,339.14,341.88,342.82,343.88,339.14,341.88,480842,480842
NKE,-0.63,-0.007567,-0.7567,82.63,84.02,82.52,83.48,82.63,84.02,82.52,83.48,4026188,4026188
SBUX,0.56,0.006799,0.6799,82.93,83.67,82.32,82.59,82.93,83.67,82.32,82.59,6089028,6089028
SNAP,0.21,0.01551,1.551,13.75,13.98,13.48,13.71,13.75,13.98,13.48,13.71,17515758,17515758
FIZZ,0.31,0.006866,0.6866,45.46,45.87,43.7,43.94,45.46,45.87,43.7,43.94,721496,721496
