symbol,change,changeOverTime,changePercent,close,high,low,open,uClose,uHigh,uLow,uOpen,uVolume,volume
NFLX,0,0,0,325.16,336.88,321.03,334.89,325.16,336.88,321.03,334.89,17941416,17941416
DECK,0,0,0,121.08,122.56,117.55,118.75,121.08,122.56,117.55,118.75,692701,692701
AAPL,0,0,0,153.3,156.73,152.62,156.41,153.3,156.73,152.62,156.41,30393970,30393970
FB,0,0,0,147.57,151.53,146.37,149.2,147.57,151.53,146.37,149.2,22378694,22378694
DEO,0,0,0,142.92,143.07,142.07,142.79,142.92,143.07,142.07,142.79,321051,321051
LRLCF,0,0,0,223.7,225.7,223.7,225.7,223.7,225.7,223.7,225.7,172,172
TIF,0,0,0,87.6,89.14,87.16,88.32,87.6,89.14,87.16,88.32,3076571,3076571
DIS,0,0,0,110.6,111.33,109.75,110.62,110.6,111.33,109.75,110.62,6986669,6986669
LB,0,0,0,26.75,27.19,26.54,27.18,26.75,27.19,26.54,27.18,4446697,4446697
TGT,0,0,0,70.28,71.04,69.66,70.38,70.28,71.04,69.66,70.38,5763982,5763982
UAA,0,0,0,20.48,21.08,20.36,20.96,20.48,21.08,20.36,20.96,7248809,7248809
EL,0,0,0,125.76,128.02,124.69,127.61,125.76,128.02,124.69,127.61,2207318,2207318
LVMHF,0,0,0,288.64,292.91,288.64,291.83,288.64,292.91,288.64,291.83,452,452
LULU,0,0,0,149.47,151.66,148.32,150.52,149.47,151.66,148.32,150.52,1828647,1828647
ADDYY,0,0,0,116.28,117.07,116.17,116.72,116.28,117.07,116.17,116.72,173033,173033
GOOS,0,0,0,50.05,51.54,49.18,49.41,50.05,51.54,49.18,49.41,2033101,2033101
ETSY,0,0,0,53.54,56.11,52.7,55.3,53.54,56.11,52.7,55.3,2091137,2091137
ULTA,0,0,0,288.85,294.44,285.82,288.1,288.85,294.44,285.82,288.1,846062,846062
NKE,0,0,0,80.75,81.31,80.2,80.33,80.75,81.31,80.2,80.33,8781678,8781678
SBUX,0,0,0,65.39,66.21,64.75,64.9,65.39,66.21,64.75,64.9,16414325,16414325
SNAP,0,0,0,5.93,6.24,5.88,6.07,5.93,6.24,5.88,6.07,20962448,20962448
FIZZ,0,0,0,80.78,82.72,79.67,81.96,80.78,82.72,79.67,81.96,262330,262330
