symbol,change,changeOverTime,changePercent,close,high,low,open,uClose,uHigh,uLow,uOpen,uVolume,volume
NFLX,16.44,0.045822,4.5822,375.22,375.9,357.01,358.91,375.22,375.9,357.01,358.91,10917165,10917165
DECK,-1.29,-0.008854,-0.8854,144.41,146.1,142.88,145.4,144.41,146.1,142.88,145.4,277922,277922
AAPL,1.63,0.008739,0.8739,188.16,189.49,184.73,186.23,188.16,189.49,184.73,186.23,31035231,31035231
FB,3.87,0.023952,2.3952,165.44,166.12,161.24,161.5,165.44,166.12,161.24,161.5,20211474,20211474
DEO,0.1,0.000614,0.0614,162.89,163.49,162.05,163.49,162.89,163.49,162.05,163.49,302723,302723
LRLCF,-0.3519,-0.001306,-0.1306,269.0,269.4,269.0,269.03,269.0,269.4,269.0,269.03,150,150
TIF,0.05,0.000515,0.0515,97.07,97.83,95.48,96.45,97.07,97.83,95.48,96.45,1736714,1736714
DIS,-0.01,-9.1e-05,-0.0091,109.99,110.88,108.05,110.31,109.99,110.88,108.05,110.31,35588736,35588736
LB,-0.63,-0.022356,-2.2356,27.55,28.1,27.41,27.95,27.55,28.1,27.41,27.95,4239021,4239021
TGT,-0.92,-0.011726,-1.1726,77.54,78.45,77.4,78.43,77.54,78.45,77.4,78.43,4325269,4325269
UAA,-0.76,-0.034312,-3.4312,21.39,22.21,21.36,22.12,21.39,22.21,21.36,22.12,3333191,3333191
EL,-1.01,-0.006285,-0.6285,159.69,161.04,158.29,160.83,159.69,161.04,158.29,160.83,1715833,1715833
LVMHF,-3.3,-0.009067,-0.9067,360.65,368.0,360.65,364.0,360.65,368.0,360.65,364.0,873,873
LULU,-0.64,-0.004414,-0.4414,144.35,145.5,142.13,145.42,144.35,145.5,142.13,145.42,1268144,1268144
ADDYY,0.82,0.006885,0.6885,119.92,120.64,119.1,120.0,119.92,120.64,119.1,120.0,33143,33143
GOOS,-1.8,-0.034483,-3.4483,50.4,52.17,50.12,52.14,50.4,52.17,50.12,52.14,1261030,1261030
ETSY,0.4,0.005839,0.5839,68.9,69.72,67.9,68.26,68.9,69.72,67.9,68.26,1812049,1812049
ULTA,-3.66,-0.010943,-1.0943,330.79,337.5,330.51,335.0,330.79,337.5,330.51,335.0,934110,934110
NKE,-1.0,-0.011404,-1.1404,86.69,87.58,86.09,87.5,86.69,87.58,86.09,87.5,5991484,5991484
SBUX,0.25,0.003502,0.3502,71.63,72.4,71.34,71.8,71.63,72.4,71.34,71.8,9512399,9512399
SNAP,0.31,0.029163,2.9163,10.94,11.04,10.45,10.52,10.94,11.04,10.45,10.52,19052076,19052076
FIZZ,-0.59,-0.010224,-1.0224,57.12,57.96,56.35,57.5,57.12,57.96,56.35,57.5,372214,372214
