symbol,change,changeOverTime,changePercent,close,high,low,open,uClose,uHigh,uLow,uOpen,uVolume,volume
NFLX,-11.36,-0.040856,-4.0856,266.69,275.41,265.8,271.16,266.69,275.41,265.8,271.16,11865593,11865593
DECK,-0.3,-0.001895,-0.1895,158.03,159.16,156.47,158.79,158.03,159.16,156.47,158.79,320306,320306
AAPL,-0.55,-0.002287,-0.2287,239.96,242.2,239.62,241.16,239.96,242.2,239.62,241.16,22684001,22684001
FB,-7.42,-0.039102,-3.9102,182.34,190.65,181.5,190.0,182.34,190.65,181.5,190.0,19854192,19854192
DEO,0.08,0.000497,0.0497,160.95,162.24,160.71,161.37,160.95,162.24,160.71,161.37,256607,256607
LRLCF,-0.05,-0.000189,-0.0189,264.6,264.6,263.9,263.9,264.6,264.6,263.9,263.9,199,199
TIF,1.39,0.015519,1.5519,90.96,91.01,88.57,89.69,90.96,91.01,88.57,89.69,1479295,1479295
DIS,2.14,0.016429,1.6429,132.4,133.68,132.1,133.15,132.4,133.68,132.1,133.15,10540835,10540835
LB,1.13,0.068072,6.8072,17.73,17.76,16.65,16.7,17.73,17.76,16.65,16.7,5576773,5576773
TGT,-0.49,-0.00431,-0.431,113.19,114.83,113.06,113.95,113.19,114.83,113.06,113.95,3514918,3514918
UAA,1.29,0.064211,6.4211,21.38,21.45,20.17,20.48,21.38,21.45,20.17,20.48,6520312,6520312
EL,-0.61,-0.003285,-0.3285,185.1,189.7,184.46,187.57,185.1,189.7,184.46,187.57,1602477,1602477
LVMHF,-0.64,-0.001535,-0.1535,416.4,419.8,416.4,417.9,416.4,419.8,416.4,417.9,410,410
LULU,-0.88,-0.004287,-0.4287,204.4,207.17,203.96,206.42,204.4,207.17,203.96,206.42,1045232,1045232
ADDYY,-2.88,-0.018205,-1.8205,155.32,156.33,155.09,155.57,155.32,156.33,155.09,155.57,63495,63495
GOOS,-0.43,-0.010886,-1.0886,39.07,39.56,38.58,39.1,39.07,39.56,38.58,39.1,855513,855513
ETSY,-1.21,-0.020848,-2.0848,56.83,58.18,56.67,58.18,56.83,58.18,56.67,58.18,2444949,2444949
ULTA,1.61,0.006842,0.6842,236.91,240.38,236.26,236.26,236.91,240.38,236.26,236.26,1001014,1001014
NKE,-0.62,-0.006444,-0.6444,95.6,96.83,95.52,96.06,95.6,96.83,95.52,96.06,5492396,5492396
SBUX,-1.89,-0.022144,-2.2144,83.46,85.35,83.39,85.23,83.46,85.35,83.39,85.23,5806608,5806608
SNAP,-0.58,-0.039781,-3.9781,14.0,15.03,13.91,15.0,14.0,15.03,13.91,15.0,84611238,84611238
FIZZ,1.43,0.029879,2.9879,49.29,49.54,46.97,47.71,49.29,49.54,46.97,47.71,366593,366593
