symbol,change,changeOverTime,changePercent,close,high,low,open,uClose,uHigh,uLow,uOpen,uVolume,volume
NFLX,0,0,0,348.87,352.21,342.27,350.71,348.87,352.21,342.27,350.71,8842344,8842344
DECK,0,0,0,152.45,153.0,151.41,151.59,152.45,153.0,151.41,151.59,511489,511489
AAPL,0,0,0,199.23,199.85,198.01,198.58,199.23,199.85,198.01,198.58,17536646,17536646
FB,0,0,0,179.65,180.5,176.87,178.5,179.65,180.5,176.87,178.5,10834762,10834762
DEO,0,0,0,163.64,163.78,163.03,163.13,163.64,163.78,163.03,163.13,171294,171294
LRLCF,0,0,0,269.0,271.65,268.3,271.65,269.0,271.65,268.3,271.65,476,476
TIF,0,0,0,105.87,106.15,104.56,105.86,105.87,106.15,104.56,105.86,1099995,1099995
DIS,0,0,0,132.04,132.7,129.79,131.05,132.04,132.7,129.79,131.05,32773740,32773740
LB,0,0,0,25.23,26.09,25.21,25.77,25.23,26.09,25.21,25.77,4083121,4083121
TGT,0,0,0,81.98,82.13,80.69,80.84,81.98,82.13,80.69,80.84,3306283,3306283
UAA,0,0,0,21.91,22.15,21.82,21.92,21.91,22.15,21.82,21.92,3055038,3055038
EL,0,0,0,167.1,168.14,166.14,167.31,167.1,168.14,166.14,167.31,1077286,1077286
LVMHF,0,0,0,388.54,389.05,385.35,389.05,388.54,389.05,385.35,389.05,721,721
LULU,0,0,0,172.01,173.07,170.02,170.02,172.01,173.07,170.02,170.02,2475588,2475588
ADDYY,0,0,0,128.21,128.21,127.6,128.13,128.21,128.21,127.6,128.13,35894,35894
GOOS,0,0,0,47.99,48.36,47.3,47.8,47.99,48.36,47.3,47.8,777854,777854
ETSY,0,0,0,66.2,66.49,65.01,65.38,66.2,66.49,65.01,65.38,1364844,1364844
ULTA,0,0,0,353.94,354.67,345.99,346.76,353.94,354.67,345.99,346.76,678851,678851
NKE,0,0,0,86.83,87.24,86.44,86.89,86.83,87.24,86.44,86.89,5035211,5035211
SBUX,0,0,0,76.16,76.7,76.08,76.67,76.16,76.7,76.08,76.67,7632303,7632303
SNAP,0,0,0,11.85,12.02,11.79,11.9,11.85,12.02,11.79,11.9,10578909,10578909
FIZZ,0,0,0,53.31,53.79,52.15,53.32,53.31,53.79,52.15,53.32,431420,431420
