symbol,change,changeOverTime,changePercent,close,high,low,open,uClose,uHigh,uLow,uOpen,uVolume,volume
NFLX,0,0,0,363.92,359.83,360.9,366.57,361.62,365.34,368.82,365.4,3767066,3781494
DECK,0,0,0,161.82,160.11,156.49,160.72,158.51,160.11,157.66,158.27,452756,451486
AAPL,0,0,0,185.99,194.13,187.22,186.34,194.48,186.48,189.75,189.07,22674754,23157611
FB,0,0,0,170.78,172.1,169.56,173.5,175.76,177.4,173.61,168.9,12487803,12667859
DEO,0,0,0,172.77,180.42,172.47,171.44,179.56,180.6,173.04,179.1,401414,407544
TIF,0,0,0,94.78,94.08,94.25,95.79,94.38,96.63,91.11,96.17,1457414,1475598
DIS,0,0,0,139.98,139.49,140.47,139.8,142.26,140.38,139.78,142.35,6311390,6103961
LB,0,0,0,23.78,23.95,23.54,23.87,23.1,23.8,23.35,24.65,5942277,5936688
TGT,0,0,0,87.1,88.33,85.3,85.88,89.6,86.3,87.5,85.86,4649469,4647858
LRLCY,0,0,0,54.83,56.43,56.45,56.1,56.97,56.83,57.0,56.9,43744,43513
UAA,0,0,0,26.21,26.39,26.66,26.04,25.79,26.8,26.34,26.78,4756504,4648044
EL,0,0,0,181.44,176.3,171.38,176.0,175.08,181.13,178.13,176.0,1617051,1628466
LULU,0,0,0,176.11,174.09,170.91,173.68,173.13,174.42,177.72,178.36,1699537,1753064
ADDYY,0,0,0,148.33,147.81,148.66,152.52,154.04,154.06,149.3,147.41,19473,19830
LVMUY,0,0,0,81.11,81.9,79.48,82.5,81.45,80.8,80.21,82.4,49983,49297
GOOS,0,0,0,33.97,33.4,32.75,34.62,33.01,34.16,32.16,34.44,3086058,3100956
ETSY,0,0,0,62.12,62.23,62.43,63.49,64.6,62.31,63.03,62.84,1314973,1295950
ULTA,0,0,0,341.72,358.88,337.46,342.14,355.05,356.86,339.58,348.45,601808,606115
NKE,0,0,0,86.49,84.07,85.44,84.7,82.57,87.15,82.79,82.74,5165525,5026555
SBUX,0,0,0,82.0,82.74,80.7,82.88,82.3,85.53,80.6,82.48,10895492,10795462
SNAP,0,0,0,14.19,14.5,12.83,13.0,14.4,14.35,12.7,13.0,59743192,59114302
FIZZ,0,0,0,51.13,51.12,48.06,48.98,49.9,50.06,48.86,49.59,267958,267152
