symbol,change,changeOverTime,changePercent,close,high,low,open,uClose,uHigh,uLow,uOpen,uVolume,volume
NFLX,10.88,265.030197,3.1265,365.59,376.85,365.15,373.0,372.14,366.24,360.36,367.0,19470635,19525347
DECK,-1.2,111.956508,-0.7732,154.15,156.3,154.32,159.06,152.76,157.74,154.96,155.1,460831,462888
AAPL,0.02,203.103892,0.01,203.85,202.62,204.73,206.63,199.97,207.04,203.82,201.91,26166810,26729104
FB,-0.8,3.787485,-0.4443,180.03,188.04,184.2,182.0,183.98,188.28,183.7,184.0,11476456,11754103
DEO,-1.25,3.034208,-0.7458,162.98,165.13,167.31,164.28,168.54,167.96,163.74,169.93,254300,254711
TIF,1.4,3.328058,1.2861,111.66,110.26,111.0,111.31,108.92,111.04,108.0,110.2,927715,964424
DIS,-2.22,6.815425,-1.6491,134.2,138.2,135.77,134.7,133.3,133.74,132.24,135.64,15260197,15000616
LB,0.45,1.05455,1.807,26.9,26.65,25.5,25.86,26.47,26.84,25.73,26.43,4263242,4116657
TGT,-0.01,1.836422,-0.0125,86.06,83.7,85.67,83.14,85.94,84.49,82.2,85.41,2687363,2750513
LRLCY,1.05,2.690103,1.9765,57.03,57.2,56.32,55.63,56.24,56.3,56.07,55.34,59124,58895
UAA,-0.11,2.47323,-0.5198,22.1,22.45,21.96,22.23,22.4,22.89,21.77,22.45,3366748,3277834
EL,2.82,10.580374,1.7047,172.07,173.0,169.48,172.35,174.62,176.0,170.01,170.47,1398709,1370675
LULU,-2.79,11.452,-1.631,173.84,174.33,173.29,176.0,172.17,173.82,172.47,176.0,1785444,1799063
ADDYY,1.31,5.919597,1.0502,132.8,132.08,132.87,134.3,131.7,130.99,134.15,131.8,41590,40617
LVMUY,0.53,6.5796,0.7014,80.94,78.3,80.6,81.34,78.9,78.37,81.01,79.8,92210,92140
GOOS,2.27,2.131,4.9189,50.51,51.76,49.65,50.09,51.56,51.43,48.5,49.03,1978972,1999044
ETSY,0.08,1.212045,0.1214,68.03,68.08,66.17,68.42,67.12,67.91,68.96,68.2,1285532,1312746
ULTA,1.2,11.249478,0.3342,370.82,362.7,355.44,368.47,365.37,370.5,353.83,361.82,714569,697696
NKE,0.98,13.262753,1.1606,91.3,88.13,87.0,87.0,90.4,88.19,91.0,90.0,4692533,4743342
SBUX,-0.47,10.994258,-0.626,78.7,79.35,75.54,78.24,77.4,78.38,78.91,80.03,8414429,8704549
SNAP,-0.17,-0.533488,-1.3523,12.04,12.23,11.6,12.3,12.19,11.88,11.63,11.8,19927493,19962265
FIZZ,0.06,8.224259,0.1147,53.62,56.6,54.79,54.95,54.19,54.51,54.72,55.05,411364,410851
