symbol,change,changeOverTime,changePercent,close,high,low,open,uClose,uHigh,uLow,uOpen,uVolume,volume
NFLX,0,0,0,371.95,366.8,351.5,356.0,372.02,366.3,345.94,348.66,6422621,6524117
DECK,0,0,0,146.37,151.09,143.11,148.99,143.99,150.66,147.07,146.91,587720,589907
AAPL,0,0,0,195.51,193.29,191.47,189.79,199.7,196.45,186.99,186.92,27206246,27367836
FB,0,0,0,193.73,193.9,180.94,184.42,187.37,194.18,181.75,187.89,17230150,17346902
DEO,0,0,0,176.49,177.78,175.85,173.6,174.11,178.69,172.79,170.3,344861,342293
TIF,0,0,0,102.13,102.09,97.1,100.8,101.24,104.19,96.9,102.17,2059634,2070538
DIS,0,0,0,138.54,138.91,138.17,132.73,136.49,135.88,132.18,136.0,9814053,9835245
LB,0,0,0,22.77,23.0,22.51,22.94,23.0,23.1,22.33,22.63,4172780,4190150
TGT,0,0,0,74.09,73.81,73.42,73.69,73.71,73.12,72.12,74.03,5725521,5587099
LRLCY,0,0,0,55.36,54.05,53.94,54.1,55.11,55.33,53.55,54.94,36935,38003
UAA,0,0,0,21.87,22.24,21.46,21.53,21.65,21.98,21.71,22.16,4264495,4276973
EL,0,0,0,170.29,175.17,171.43,171.5,175.37,170.9,166.57,168.9,1418019,1414151
LULU,0,0,0,180.94,181.44,170.95,174.67,174.51,178.86,177.03,170.56,1243832,1252660
ADDYY,0,0,0,144.27,145.08,144.29,144.7,143.22,143.05,140.38,143.2,35017,34959
LVMUY,0,0,0,78.7,75.67,74.79,75.45,76.06,78.7,75.78,75.87,137031,136984
GOOS,0,0,0,51.01,51.0,49.3,50.18,51.15,52.0,50.3,50.87,754334,736890
ETSY,0,0,0,64.76,64.01,58.3,60.72,64.81,62.37,58.2,59.05,2355267,2359836
ULTA,0,0,0,341.5,356.78,335.55,336.27,352.0,354.35,343.1,342.87,699704,685409
NKE,0,0,0,86.26,86.08,86.28,86.01,87.68,84.5,83.03,84.07,4890087,5046838
SBUX,0,0,0,81.01,78.95,79.99,76.98,80.52,78.51,80.06,78.75,5639493,5553321
SNAP,0,0,0,10.91,10.91,10.7,10.6,10.9,10.75,10.8,10.57,12886749,12772612
FIZZ,0,0,0,54.8,54.86,52.44,53.51,54.36,53.45,51.1,53.78,396339,404776
