symbol,change,changeOverTime,changePercent,close,high,low,open,uClose,uHigh,uLow,uOpen,uVolume,volume
NFLX,0,0,0,373.24,376.38,355.73,375.11,364.05,379.09,364.91,375.29,5785851,5767279
DECK,0,0,0,148.09,151.84,145.87,154.0,151.59,152.43,145.0,152.8,511159,519566
AAPL,0,0,0,201.42,199.5,196.89,200.01,200.09,202.62,201.48,199.84,41785954,42611750
FB,0,0,0,191.24,196.0,191.74,188.8,197.12,192.0,189.0,192.56,12765428,13206611
DEO,0,0,0,172.47,176.71,175.46,175.17,171.95,172.07,175.68,172.87,277820,272957
TIF,0,0,0,106.15,105.93,103.01,106.23,105.74,107.99,101.59,108.54,1370063,1395170
DIS,0,0,0,135.81,139.47,136.81,135.89,134.38,136.01,137.61,137.75,9983181,9940124
LB,0,0,0,24.83,25.4,24.18,24.1,25.03,25.1,24.25,24.8,4901050,4931708
TGT,0,0,0,76.36,76.95,75.36,75.71,75.37,75.48,73.76,76.28,5237788,5342289
LRLCY,0,0,0,53.6,53.76,55.21,53.36,54.0,55.3,53.27,53.52,48809,50922
UAA,0,0,0,22.88,22.31,22.5,22.93,22.0,23.17,21.6,22.69,5239676,5358144
EL,0,0,0,165.1,172.51,166.96,167.4,167.79,169.89,166.48,165.3,2706246,2724315
LULU,0,0,0,177.05,182.53,174.91,178.64,176.69,182.13,177.83,181.35,1126200,1122471
ADDYY,0,0,0,145.8,147.4,147.66,147.49,145.3,146.7,141.71,145.82,40928,41096
LVMUY,0,0,0,77.0,79.4,77.68,78.07,79.0,79.9,77.6,78.59,109582,109135
GOOS,0,0,0,52.92,54.57,52.09,53.37,52.54,53.84,50.64,53.33,854664,885721
ETSY,0,0,0,61.8,66.2,62.59,63.74,63.8,65.1,60.59,63.59,4252509,4234382
ULTA,0,0,0,353.87,353.92,340.73,357.86,356.33,361.26,345.99,360.61,699200,689968
NKE,0,0,0,84.61,84.58,84.4,85.58,88.04,87.37,84.53,85.1,5702164,5638767
SBUX,0,0,0,80.2,80.6,80.34,80.84,80.2,79.5,78.09,80.75,6755144,6506775
SNAP,0,0,0,10.97,11.04,10.46,11.25,10.57,10.94,10.61,11.39,24288368,23551594
FIZZ,0,0,0,58.27,57.92,57.1,57.11,57.41,57.91,55.4,57.38,182099,176586
