symbol,change,changeOverTime,changePercent,close,high,low,open,uClose,uHigh,uLow,uOpen,uVolume,volume
NFLX,0,0,0,371.04,375.0,370.2,370.27,371.04,375.0,370.2,370.27,4830240,4830240
DECK,0,0,0,173.4,176.65,173.02,175.62,173.4,176.65,173.02,175.62,371064,371064
AAPL,0,0,0,198.58,200.16,198.17,198.54,198.58,200.16,198.17,198.54,18220421,18220421
FB,0,0,0,192.6,193.98,191.57,192.42,192.6,193.98,191.57,192.42,15508955,15508955
DEO,0,0,0,174.55,174.74,173.49,173.64,174.55,174.74,173.49,173.64,280806,280806
LRLCF,0,0,0,289.15,290.9,289.0,289.0,289.15,290.9,289.0,289.0,1330,1330
TIF,0,0,0,91.85,94.04,91.85,93.31,91.85,94.04,91.85,93.31,1158083,1158083
DIS,0,0,0,139.22,140.47,137.8,140.12,139.22,140.47,137.8,140.12,10497423,10497423
LB,0,0,0,24.47,24.95,24.26,24.58,24.47,24.95,24.26,24.58,4331182,4331182
TGT,0,0,0,86.72,87.99,86.45,87.46,86.72,87.99,86.45,87.46,3059146,3059146
UAA,0,0,0,25.5,26.42,25.42,26.15,25.5,26.42,25.42,26.15,5853752,5853752
EL,0,0,0,183.91,184.09,181.85,182.56,183.91,184.09,181.85,182.56,1096556,1096556
LVMHF,0,0,0,421.65,422.96,418.75,418.75,421.65,422.96,418.75,418.75,306,306
LULU,0,0,0,182.64,184.31,181.55,182.16,182.64,184.31,181.55,182.16,2053270,2053270
ADDYY,0,0,0,150.88,151.68,150.57,151.4,150.88,151.68,150.57,151.4,20948,20948
GOOS,0,0,0,37.07,37.31,36.76,37.06,37.07,37.31,36.76,37.06,713186,713186
ETSY,0,0,0,63.93,66.4,63.87,66.36,63.93,66.4,63.87,66.36,2252829,2252829
ULTA,0,0,0,346.54,358.69,340.26,357.73,346.54,358.69,340.26,357.73,1684659,1684659
NKE,0,0,0,84.5,86.85,84.37,86.0,84.5,86.85,84.37,86.0,8043728,8043728
SBUX,0,0,0,83.65,84.56,83.61,84.08,83.65,84.56,83.61,84.08,6692691,6692691
SNAP,0,0,0,14.76,15.01,14.64,14.68,14.76,15.01,14.64,14.68,27563119,27563119
FIZZ,0,0,0,44.16,45.56,43.76,43.9,44.16,45.56,43.76,43.9,757814,757814
