symbol,change,changeOverTime,changePercent,close,high,low,open,uClose,uHigh,uLow,uOpen,uVolume,volume
NFLX,10.24,0.036414,3.6414,291.45,293.49,283.0,284.34,291.45,293.49,283.0,284.34,9345562,9345562
DECK,1.34,0.008943,0.8943,151.17,151.26,148.69,149.01,151.17,151.26,148.69,149.01,452123,452123
AAPL,-0.03,-0.000123,-0.0123,243.26,245.3,241.21,244.76,243.26,245.3,241.21,244.76,31130522,31130522
FB,-1.06,-0.005599,-0.5599,188.25,190.45,185.98,189.56,188.25,190.45,185.98,189.56,28734559,28734559
DEO,3.45,0.021584,2.1584,163.29,163.82,161.68,162.44,163.29,163.82,161.68,162.44,348529,348529
LRLCF,12.61,0.04527,4.527,291.16,293.75,291.16,293.75,291.16,293.75,291.16,293.75,462,462
TIF,-2.91,-0.02295,-2.295,123.89,127.47,122.4,126.5,123.89,127.47,122.4,126.5,6528785,6528785
DIS,0.12,0.000927,0.0927,129.6,130.31,129.15,129.69,129.6,130.31,129.15,129.69,10880048,10880048
LB,-0.89,-0.050141,-5.0141,16.86,17.77,16.77,17.67,16.86,17.77,16.77,17.67,4236368,4236368
TGT,-0.22,-0.002034,-0.2034,107.93,108.77,107.22,108.02,107.93,108.77,107.22,108.02,3567766,3567766
UAA,-0.05,-0.002397,-0.2397,20.81,20.95,20.55,20.83,20.81,20.95,20.55,20.83,3051759,3051759
EL,2.81,0.014754,1.4754,193.27,194.64,192.01,192.7,193.27,194.64,192.01,192.7,2995113,2995113
LVMHF,5.87,0.013854,1.3854,429.58,430.52,425.0,426.4,429.58,430.52,425.0,426.4,379,379
LULU,0.27,0.001313,0.1313,205.85,206.11,204.3,205.77,205.85,206.11,204.3,205.77,1283630,1283630
ADDYY,1.46,0.009514,0.9514,155.02,155.33,153.67,154.11,155.02,155.33,153.67,154.11,19054,19054
GOOS,-0.02,-0.000477,-0.0477,41.87,42.09,40.86,42.01,41.87,42.09,40.86,42.01,920461,920461
ETSY,-1.61,-0.02959,-2.959,52.8,54.81,51.86,54.55,52.8,54.81,51.86,54.55,7103613,7103613
ULTA,-1.86,-0.007682,-0.7682,240.25,241.77,238.18,241.76,240.25,241.77,238.18,241.76,593305,593305
NKE,0.91,0.010193,1.0193,90.19,90.27,89.35,89.45,90.19,90.27,89.35,89.45,8127544,8127544
SBUX,0.06,0.000713,0.0713,84.19,84.7,83.32,84.61,84.19,84.7,83.32,84.61,8731291,8731291
SNAP,0.22,0.015027,1.5027,14.86,14.9,14.43,14.71,14.86,14.9,14.43,14.71,19134644,19134644
FIZZ,0.78,0.018051,1.8051,43.99,44.35,42.52,43.26,43.99,44.35,42.52,43.26,737192,737192
