symbol,change,changeOverTime,changePercent,close,high,low,open,uClose,uHigh,uLow,uOpen,uVolume,volume
NFLX,-8.2,-0.02278,-2.278,351.77,359.6,350.28,357.3,351.77,359.6,350.28,357.3,10559146,10559146
DECK,-0.28,-0.001944,-0.1944,143.78,146.26,143.33,143.68,143.78,146.26,143.33,143.68,547564,547564
AAPL,-0.71,-0.004155,-0.4155,170.18,172.48,169.92,171.39,170.18,172.48,169.92,171.39,22490233,22490233
FB,-0.97,-0.005877,-0.5877,164.07,166.22,163.73,165.38,164.07,166.22,163.73,165.38,14205146,14205146
DEO,1.9,0.012337,1.2337,155.91,156.38,155.32,155.64,155.91,156.38,155.32,155.64,470041,470041
LRLCF,0.0,0.0,0.0,253.27,0.0,0.0,0.0,253.27,0.0,0.0,0.0,0,0
TIF,1.2,0.013373,1.3373,90.93,91.1,89.95,90.2,90.93,91.1,89.95,90.2,1057322,1057322
DIS,1.0,0.009158,0.9158,110.2,110.48,109.23,109.24,110.2,110.48,109.23,109.24,6919706,6919706
LB,0.09,0.003292,0.3292,27.43,27.63,26.82,27.45,27.43,27.63,26.82,27.45,2666941,2666941
TGT,2.16,0.030677,3.0677,72.57,72.76,69.97,70.61,72.57,72.76,69.97,70.61,7187025,7187025
UAA,-0.43,-0.019361,-1.9361,21.78,22.88,21.67,22.55,21.78,22.88,21.67,22.55,12495743,12495743
EL,2.27,0.014844,1.4844,155.19,155.24,151.66,153.0,155.19,155.24,151.66,153.0,1595059,1595059
LVMHF,-0.325,-0.000972,-0.0972,334.0,335.95,330.94,335.95,334.0,335.95,330.94,335.95,5728,5728
LULU,-2.05,-0.013031,-1.3031,155.27,158.67,154.11,157.94,155.27,158.67,154.11,157.94,2090633,2090633
ADDYY,-2.02,-0.01767,-1.767,112.3,113.33,111.78,113.33,112.3,113.33,111.78,113.33,41501,41501
GOOS,0.34,0.005777,0.5777,59.19,59.7,58.18,59.39,59.19,59.7,58.18,59.39,3986207,3986207
ETSY,-0.79,-0.01415,-1.415,55.04,57.0,54.09,55.96,55.04,57.0,54.09,55.96,2073451,2073451
ULTA,1.45,0.004793,0.4793,303.95,304.83,299.72,304.16,303.95,304.83,299.72,304.16,622060,622060
NKE,0.69,0.008145,0.8145,85.4,85.59,84.76,84.76,85.4,85.59,84.76,84.76,5032812,5032812
SBUX,0.76,0.010896,1.0896,70.51,70.6,69.8,69.81,70.51,70.6,69.8,69.81,10264422,10264422
SNAP,0.27,0.030682,3.0682,9.07,9.23,8.67,8.75,9.07,9.23,8.67,8.75,37645682,37645682
FIZZ,-0.15,-0.002011,-0.2011,74.44,75.17,73.6,74.74,74.44,75.17,73.6,74.74,169789,169789
