symbol,change,changeOverTime,changePercent,close,high,low,open,uClose,uHigh,uLow,uOpen,uVolume,volume
NFLX,2.6,0.00919,0.919,285.53,286.93,282.0,283.93,285.53,286.93,282.0,283.93,5543120,5543120
DECK,-0.69,-0.004478,-0.4478,153.39,154.64,151.23,153.09,153.39,154.64,151.23,153.09,317713,317713
AAPL,-0.34,-0.001439,-0.1439,235.87,238.13,234.67,234.9,235.87,238.13,234.67,234.9,24413484,24413484
FB,-0.91,-0.004941,-0.4941,183.28,184.62,182.57,184.2,183.28,184.62,182.57,184.2,7203665,7203665
DEO,-0.31,-0.001898,-0.1898,162.99,163.58,162.14,162.14,162.99,163.58,162.14,162.14,450608,450608
LRLCF,2.3,0.008619,0.8619,269.15,269.8,266.45,266.45,269.15,269.8,266.45,266.45,9240,9240
TIF,-1.62,-0.017632,-1.7632,90.26,91.57,89.45,91.13,90.26,91.57,89.45,91.13,1129022,1129022
DIS,-0.32,-0.002461,-0.2461,129.7,130.3,129.48,130.13,129.7,130.3,129.48,130.13,3753018,3753018
LB,-0.02,-0.001143,-0.1143,17.48,17.62,17.0,17.48,17.48,17.62,17.0,17.48,5270243,5270243
TGT,-0.68,-0.006081,-0.6081,111.15,112.23,110.95,111.85,111.15,112.23,110.95,111.85,2422523,2422523
UAA,0.08,0.004002,0.4002,20.07,20.26,19.89,19.94,20.07,20.26,19.89,19.94,2711552,2711552
EL,-1.02,-0.005262,-0.5262,192.83,195.16,191.02,194.2,192.83,195.16,191.02,194.2,863053,863053
LVMHF,1.19,0.002862,0.2862,417.04,420.0,415.7,415.85,417.04,420.0,415.7,415.85,455,455
LULU,1.42,0.007043,0.7043,203.04,205.11,201.24,201.89,203.04,205.11,201.24,201.89,1850606,1850606
ADDYY,0.55,0.003565,0.3565,154.82,155.17,153.86,154.17,154.82,155.17,153.86,154.17,18711,18711
GOOS,-0.27,-0.0069,-0.69,38.86,39.34,38.01,39.0,38.86,39.34,38.01,39.0,1178199,1178199
ETSY,-0.15,-0.002531,-0.2531,59.11,59.8,58.53,59.22,59.11,59.8,58.53,59.22,1510631,1510631
ULTA,-1.89,-0.007607,-0.7607,246.57,249.39,245.8,247.07,246.57,249.39,245.8,247.07,768291,768291
NKE,1.0,0.010652,1.0652,94.88,95.25,94.05,94.2,94.88,95.25,94.05,94.2,4713929,4713929
SBUX,0.26,0.003011,0.3011,86.62,87.68,86.4,86.5,86.62,87.68,86.4,86.5,4936604,4936604
SNAP,-0.4,-0.028249,-2.8249,13.76,14.22,13.64,14.19,13.76,14.22,13.64,14.19,20694392,20694392
FIZZ,-0.95,-0.019352,-1.9352,48.14,49.51,47.37,49.1,48.14,49.51,47.37,49.1,662025,662025
