symbol,change,changeOverTime,changePercent,close,high,low,open,uClose,uHigh,uLow,uOpen,uVolume,volume
NFLX,-3.7,-0.010774,-1.0774,339.73,343.4,336.16,341.63,339.73,343.4,336.16,341.63,5019011,5019011
DECK,-1.82,-0.01033,-1.033,174.37,176.73,173.79,176.49,174.37,176.73,173.79,176.49,438880,438880
AAPL,-1.41,-0.007262,-0.7262,192.74,193.59,190.3,191.55,192.74,193.59,190.3,191.55,18761474,18761474
FB,3.86,0.02175,2.175,181.33,181.84,180.0,180.51,181.33,181.84,180.0,180.51,16773691,16773691
DEO,-0.81,-0.004682,-0.4682,172.19,172.57,171.79,171.79,172.19,172.57,171.79,171.79,159907,159907
LRLCF,2.55,0.009201,0.9201,279.7,279.7,277.28,278.3,279.7,279.7,277.28,278.3,419,419
TIF,-0.14,-0.001536,-0.1536,91.02,91.29,89.96,91.17,91.02,91.29,89.96,91.17,1004261,1004261
DIS,-0.09,-0.000635,-0.0635,141.65,142.95,140.53,142.05,141.65,142.95,140.53,142.05,11125201,11125201
LB,0.3,0.013507,1.3507,22.51,22.65,21.87,22.24,22.51,22.65,21.87,22.24,5476044,5476044
TGT,-0.51,-0.005776,-0.5776,87.79,88.73,87.27,88.33,87.79,88.73,87.27,88.33,4300938,4300938
UAA,0.47,0.017669,1.7669,27.07,27.11,26.55,26.58,27.07,27.11,26.55,26.58,3584292,3584292
EL,-1.07,-0.006013,-0.6013,176.88,178.03,176.27,177.84,176.88,178.03,176.27,177.84,1300379,1300379
LVMHF,-4.02,-0.010007,-1.0007,397.68,399.25,396.04,399.25,397.68,399.25,396.04,399.25,298,298
LULU,2.19,0.012549,1.2549,176.71,177.72,171.6,173.04,176.71,177.72,171.6,173.04,3635664,3635664
ADDYY,0.045,0.000308,0.0308,146.33,146.88,146.02,146.25,146.33,146.88,146.02,146.25,15698,15698
GOOS,0.44,0.012145,1.2145,36.67,37.22,36.11,36.33,36.67,37.22,36.11,36.33,1656156,1656156
ETSY,-2.25,-0.03212,-3.212,67.8,70.19,67.45,70.12,67.8,70.19,67.45,70.12,1858497,1858497
ULTA,4.81,0.01375,1.375,354.62,355.61,349.03,349.34,354.62,355.61,349.03,349.34,905076,905076
NKE,-0.17,-0.002033,-0.2033,83.44,83.86,83.04,83.51,83.44,83.86,83.04,83.51,4355606,4355606
SBUX,0.89,0.010678,1.0678,84.24,84.61,83.39,83.54,84.24,84.61,83.39,83.54,9226463,9226463
SNAP,-0.15,-0.010631,-1.0631,13.96,14.15,13.65,14.15,13.96,14.15,13.65,14.15,24189742,24189742
FIZZ,-0.72,-0.015891,-1.5891,44.59,45.76,43.79,45.4,44.59,45.76,43.79,45.4,330110,330110
