symbol,change,changeOverTime,changePercent,close,high,low,open,uClose,uHigh,uLow,uOpen,uVolume,volume
NFLX,-3.95,-0.013391,-1.3391,291.03,296.77,287.2,294.54,291.03,296.77,287.2,294.54,6314559,6314559
DECK,2.11,0.01523,1.523,140.65,142.57,138.66,139.56,140.65,142.57,138.66,139.56,507920,507920
AAPL,-2.33,-0.011284,-1.1284,204.16,208.55,203.53,207.86,204.16,208.55,203.53,207.86,25897344,25897344
FB,0.94,0.005212,0.5212,181.3,184.04,181.01,181.93,181.3,184.04,181.01,181.93,14408946,14408946
DEO,1.77,0.010599,1.0599,168.76,169.16,167.69,168.13,168.76,169.16,167.69,168.13,291625,291625
LRLCF,6.7,0.025455,2.5455,269.75,269.75,266.05,266.05,269.75,269.75,266.05,266.05,119,119
TIF,-0.41,-0.004935,-0.4935,82.67,84.96,82.37,83.51,82.67,84.96,82.37,83.51,4223708,4223708
DIS,-0.12,-0.000891,-0.0891,134.49,135.99,134.19,135.77,134.49,135.99,134.19,135.77,6015348,6015348
LB,-0.77,-0.045508,-4.5508,16.15,17.01,16.05,16.99,16.15,17.01,16.05,16.99,10686577,10686577
TGT,-0.07,-0.000668,-0.0668,104.7,105.1,104.26,105.01,104.7,105.1,104.26,105.01,5320181,5320181
UAA,-0.18,-0.01,-1.0,17.82,18.22,17.76,18.14,17.82,18.22,17.76,18.14,5285139,5285139
EL,0.39,0.001948,0.1948,200.55,202.74,199.68,202.03,200.55,202.74,199.68,202.03,1238464,1238464
LVMHF,3.87,0.009862,0.9862,396.29,399.0,396.29,397.3,396.29,399.0,396.29,397.3,117,117
LULU,-2.24,-0.012284,-1.2284,180.11,183.8,179.8,182.95,180.11,183.8,179.8,182.95,1428671,1428671
ADDYY,0.675,0.004643,0.4643,146.05,147.1,145.91,147.0,146.05,147.1,145.91,147.0,28336,28336
GOOS,-0.02,-0.000541,-0.0541,36.96,37.68,36.46,37.3,36.96,37.68,36.46,37.3,660730,660730
ETSY,-0.17,-0.003173,-0.3173,53.41,54.48,53.22,53.92,53.41,54.48,53.22,53.92,2284887,2284887
ULTA,-6.45,-0.019532,-1.9532,323.77,334.8,323.6,333.16,323.77,334.8,323.6,333.16,1001709,1001709
NKE,-0.22,-0.002675,-0.2675,82.03,83.18,82.0,82.63,82.03,83.18,82.0,82.63,3842507,3842507
SBUX,-0.41,-0.004249,-0.4249,96.09,97.1,96.03,96.7,96.09,97.1,96.03,96.7,6540103,6540103
SNAP,-0.6,-0.037244,-3.7244,15.51,16.31,15.03,16.21,15.51,16.31,15.03,16.21,31454157,31454157
FIZZ,-0.87,-0.021344,-2.1344,39.89,40.92,39.72,40.64,39.89,40.92,39.72,40.64,312969,312969
