symbol,change,changeOverTime,changePercent,close,high,low,open,uClose,uHigh,uLow,uOpen,uVolume,volume
NFLX,6.05,0.021094,2.1094,292.86,295.39,287.16,288.0,292.86,295.39,287.16,288.0,5566213,5566213
DECK,4.91,0.031647,3.1647,160.06,160.51,155.42,156.56,160.06,160.51,155.42,156.56,541111,541111
AAPL,1.68,0.006567,0.6567,257.5,257.85,255.38,257.33,257.5,257.85,255.38,257.33,25817952,25817952
FB,1.1,0.005681,0.5681,194.72,197.37,193.81,194.55,194.72,197.37,193.81,194.55,16371292,16371292
DEO,-2.44,-0.014969,-1.4969,160.56,162.83,160.32,162.72,160.56,162.83,160.32,162.72,289487,289487
LRLCF,0.399,0.001381,0.1381,289.25,292.45,289.25,292.45,289.25,292.45,289.25,292.45,1150,1150
TIF,0.64,0.005039,0.5039,127.64,129.17,124.75,126.85,127.64,129.17,124.75,126.85,6106979,6106979
DIS,0.17,0.001281,0.1281,132.92,134.14,132.47,134.12,132.92,134.14,132.47,134.12,7631780,7631780
LB,-0.02,-0.00114,-0.114,17.52,17.88,17.4,17.67,17.52,17.88,17.4,17.67,4016220,4016220
TGT,0.95,0.008811,0.8811,108.77,109.16,108.21,108.5,108.77,109.16,108.21,108.5,3195552,3195552
UAA,-4.0,-0.189215,-18.9215,17.14,18.51,16.83,17.83,17.14,18.51,16.83,17.83,43580490,43580490
EL,-4.83,-0.025887,-2.5887,181.75,187.31,179.76,187.11,181.75,187.31,179.76,187.11,2331920,2331920
LVMHF,5.4,0.012385,1.2385,441.4,444.22,441.4,443.44,441.4,444.22,441.4,443.44,999,999
LULU,-4.21,-0.020978,-2.0978,196.48,204.0,194.15,203.89,196.48,204.0,194.15,203.89,2671017,2671017
ADDYY,2.73,0.017437,1.7437,159.29,160.29,158.89,159.33,159.29,160.29,158.89,159.33,24012,24012
GOOS,2.18,0.051806,5.1806,44.26,44.57,42.35,42.4,44.26,44.57,42.35,42.4,1503578,1503578
ETSY,-0.915,-0.020042,-2.0042,44.74,45.95,44.65,45.88,44.74,45.95,44.65,45.88,4870059,4870059
ULTA,4.08,0.017502,1.7502,237.19,237.58,232.09,233.95,237.19,237.58,232.09,233.95,1890520,1890520
NKE,0.68,0.007625,0.7625,89.86,90.56,89.32,90.13,89.86,90.56,89.32,90.13,8161181,8161181
SBUX,-0.84,-0.010095,-1.0095,82.37,83.44,81.9,83.3,82.37,83.44,81.9,83.3,8271187,8271187
SNAP,0.17,0.011199,1.1199,15.35,15.38,15.15,15.31,15.35,15.38,15.15,15.31,17392660,17392660
FIZZ,0.78,0.017376,1.7376,45.67,46.12,44.63,44.88,45.67,46.12,44.63,44.88,245359,245359
