symbol,change,changeOverTime,changePercent,close,high,low,open,uClose,uHigh,uLow,uOpen,uVolume,volume
NFLX,0,0,0,350.62,351.77,342.06,342.69,350.62,351.77,342.06,342.69,5358219,5358219
DECK,0,0,0,173.15,174.86,172.78,174.48,173.15,174.86,172.78,174.48,326908,326908
AAPL,0,0,0,193.89,194.96,192.17,192.9,193.89,194.96,192.17,192.9,14669144,14669144
FB,0,0,0,189.01,189.5,184.41,185.01,189.01,189.5,184.41,185.01,29459881,29459881
DEO,0,0,0,170.67,171.2,170.39,170.76,170.67,171.2,170.39,170.76,197129,197129
LRLCF,0,0,0,279.01,279.88,278.35,278.35,279.01,279.88,278.35,278.35,126,126
TIF,0,0,0,91.43,91.86,90.82,90.94,91.43,91.86,90.82,90.94,1033484,1033484
DIS,0,0,0,140.97,141.48,139.11,140.81,140.97,141.48,139.11,140.81,8542717,8542717
LB,0,0,0,22.53,23.13,22.42,22.5,22.53,23.13,22.42,22.5,4353927,4353927
TGT,0,0,0,87.14,87.6,86.28,87.46,87.14,87.6,86.28,87.46,4194469,4194469
UAA,0,0,0,26.69,27.15,26.51,27.02,26.69,27.15,26.51,27.02,4589639,4589639
EL,0,0,0,177.62,178.38,176.07,177.28,177.62,178.38,176.07,177.28,1039715,1039715
LVMHF,0,0,0,402.08,402.22,398.4,398.4,402.08,402.22,398.4,398.4,155,155
LULU,0,0,0,183.34,184.68,177.09,177.74,183.34,184.68,177.09,177.74,3987460,3987460
ADDYY,0,0,0,147.79,148.49,147.39,147.39,147.79,148.49,147.39,147.39,23961,23961
GOOS,0,0,0,36.17,36.88,35.97,36.76,36.17,36.88,35.97,36.76,988854,988854
ETSY,0,0,0,68.46,69.35,67.59,68.32,68.46,69.35,67.59,68.32,1316198,1316198
ULTA,0,0,0,350.19,357.54,349.56,355.61,350.19,357.54,349.56,355.61,605421,605421
NKE,0,0,0,82.11,83.46,82.01,83.34,82.11,83.46,82.01,83.34,5101891,5101891
SBUX,0,0,0,83.02,84.69,82.89,84.65,83.02,84.69,82.89,84.65,9313807,9313807
SNAP,0,0,0,13.55,14.18,13.4,14.17,13.55,14.18,13.4,14.17,26879846,26879846
FIZZ,0,0,0,45.01,45.66,44.3,44.61,45.01,45.66,44.3,44.61,324470,324470
