symbol,change,changeOverTime,changePercent,close,high,low,open,uClose,uHigh,uLow,uOpen,uVolume,volume
NFLX,0.35,0.001031,0.1031,339.85,346.84,336.5,337.18,339.85,346.84,336.5,337.18,9827760,9827760
DECK,13.43,0.104554,10.4554,141.88,146.9,138.57,145.0,141.88,146.9,138.57,145.0,3776827,3776827
AAPL,0.08,0.000481,0.0481,166.52,168.98,165.93,166.96,166.52,168.98,165.93,166.96,32668138,32668138
FB,-0.98,-0.005879,-0.5879,165.71,169.1,165.66,165.84,165.71,169.1,165.66,165.84,30806513,30806513
DEO,-1.18,-0.00773,-0.773,151.47,152.52,151.21,151.35,151.47,152.52,151.21,151.35,454610,454610
LRLCF,3.7,0.015365,1.5365,244.5,244.5,243.9,243.9,244.5,244.5,243.9,243.9,489,489
TIF,-0.53,-0.005973,-0.5973,88.2,89.25,87.64,88.95,88.2,89.25,87.64,88.95,1282777,1282777
DIS,-0.22,-0.001973,-0.1973,111.3,112.05,110.93,111.97,111.3,112.05,110.93,111.97,6557666,6557666
LB,-0.69,-0.024784,-2.4784,27.15,28.27,26.88,27.97,27.15,28.27,26.88,27.97,3001334,3001334
TGT,-1.83,-0.025068,-2.5068,71.17,73.1,70.46,73.1,71.17,73.1,70.46,73.1,5916192,5916192
UAA,-0.11,-0.005304,-0.5304,20.63,20.87,20.5,20.69,20.63,20.87,20.5,20.69,3361209,3361209
EL,0.3,0.002199,0.2199,136.72,137.7,135.85,137.27,136.72,137.7,135.85,137.27,2684334,2684334
LVMHF,4.9,0.015265,1.5265,325.9,327.65,323.85,325.85,325.9,327.65,323.85,325.85,294,294
LULU,-1.69,-0.011434,-1.1434,146.12,147.85,144.36,147.45,146.12,147.85,144.36,147.45,1749894,1749894
ADDYY,-4.71,-0.039617,-3.9617,114.3,115.29,113.21,115.09,114.3,115.29,113.21,115.09,416578,416578
GOOS,0.89,0.017295,1.7295,52.35,52.66,50.72,52.14,52.35,52.66,50.72,52.14,2095665,2095665
ETSY,-0.27,-0.004941,-0.4941,54.38,54.97,53.8,54.37,54.38,54.97,53.8,54.37,1849503,1849503
ULTA,-0.56,-0.001918,-0.1918,291.36,293.39,288.01,292.38,291.36,293.39,288.01,292.38,519463,519463
NKE,-0.37,-0.004519,-0.4519,81.51,81.9,81.13,81.83,81.51,81.9,81.13,81.83,5351916,5351916
SBUX,-0.03,-0.00044,-0.044,68.11,69.32,68.0,68.59,68.11,69.32,68.0,68.59,10309205,10309205
SNAP,0.23,0.034431,3.4431,6.91,7.15,6.73,6.78,6.91,7.15,6.73,6.78,22653019,22653019
FIZZ,-0.78,-0.009303,-0.9303,83.06,84.15,81.99,83.78,83.06,84.15,81.99,83.78,263943,263943
