symbol,change,changeOverTime,changePercent,close,high,low,open,uClose,uHigh,uLow,uOpen,uVolume,volume
NFLX,-4.23,265.873114,-1.1548,377.3,374.03,366.91,366.95,377.07,383.55,360.39,377.3,4729512,4779663
DECK,-1.98,105.996921,-1.3,146.22,150.1,145.55,151.53,146.63,151.3,151.23,153.11,353704,356262
AAPL,3.1,197.652514,1.5942,200.6,203.14,203.27,197.19,201.9,201.23,202.83,201.88,26646737,26144546
FB,-0.83,3.69438,-0.4641,180.28,179.5,177.47,176.17,180.07,176.5,180.7,176.33,7649932,7407124
DEO,0.5,3.041287,0.305,165.39,168.74,167.69,169.7,169.43,171.42,165.2,163.29,180457,179701
TIF,-0.9,3.387141,-0.8233,110.81,112.28,111.59,108.91,106.68,110.93,106.48,110.31,2118086,2087455
DIS,-0.04,5.978682,-0.0358,116.06,120.53,119.4,117.0,117.06,121.18,117.12,115.0,11323478,11460860
LB,0.02,1.202518,0.0735,27.8,28.65,28.16,28.57,28.2,28.04,27.96,27.48,3089537,3075918
TGT,1.01,1.812025,1.2623,84.73,85.72,82.04,83.94,85.24,85.36,82.2,81.39,4673281,4700435
LRLCY,0.21,2.713569,0.413,54.76,54.89,56.16,54.4,54.64,54.58,55.56,56.54,48271,50081
UAA,-0.09,2.438919,-0.4212,21.84,22.2,22.45,21.92,22.78,22.56,22.21,22.27,4342345,4345268
EL,1.36,10.372585,0.8286,170.28,167.66,165.33,170.63,166.59,167.32,163.62,164.31,1127028,1140277
LULU,0.4,11.543786,0.2444,170.94,171.7,169.34,170.84,176.15,178.0,175.6,172.79,2197948,2167694
ADDYY,-1.44,5.678788,-1.1409,129.1,128.13,126.86,132.66,132.3,133.51,131.24,132.27,29352,29353
LVMUY,-0.69,6.271007,-0.9215,77.03,76.24,76.97,78.36,76.28,75.78,75.64,76.37,68154,65481
GOOS,-1.3,2.00874,-2.6393,49.78,50.77,49.1,48.57,49.33,50.57,48.1,50.37,916825,892840
ETSY,-0.58,1.269,-0.8623,71.01,70.3,68.08,70.7,67.91,68.6,67.59,68.09,1080082,1069171
ULTA,0.86,11.038378,0.2384,355.72,371.79,362.48,370.6,365.32,366.9,359.25,364.75,452485,442718
NKE,-0.68,12.346624,-0.8181,86.7,87.84,85.23,87.18,86.13,87.43,87.23,88.61,4932492,4899765
SBUX,0.17,10.913134,0.2332,78.9,76.2,77.78,75.43,75.3,76.8,75.12,76.11,5142975,5192103
SNAP,0.45,-0.522711,3.7987,12.32,13.13,12.27,12.41,12.64,13.15,12.24,12.54,43150844,42842127
FIZZ,0.02,9.270585,0.0362,59.99,58.54,59.18,60.02,60.73,58.29,59.9,59.69,222936,232548
