symbol,change,changeOverTime,changePercent,close,high,low,open,uClose,uHigh,uLow,uOpen,uVolume,volume
NFLX,6.52,0.017702,1.7702,374.85,375.14,366.24,368.35,374.85,375.14,366.24,368.35,5621901,5621901
DECK,0.57,0.003687,0.3687,155.17,155.55,153.3,154.75,155.17,155.55,153.3,154.75,208698,208698
AAPL,-0.98,-0.004774,-0.4774,204.3,205.0,202.12,204.9,204.3,205.0,202.12,204.9,18649102,18649102
FB,-1.77,-0.009159,-0.9159,191.49,192.9,189.09,192.5,191.49,192.9,189.09,192.5,22075002,22075002
DEO,2.31,0.014071,1.4071,166.48,166.71,165.7,166.03,166.48,166.71,165.7,166.03,246827,246827
LRLCF,-1.75,-0.006484,-0.6484,268.15,268.8,266.32,268.8,268.15,268.8,266.32,268.8,223,223
TIF,2.92,0.027857,2.7857,107.74,107.77,104.45,104.63,107.74,107.77,104.45,104.63,1050427,1050427
DIS,2.68,0.019528,1.9528,139.92,140.04,137.51,138.7,139.92,140.04,137.51,138.7,14167589,14167589
LB,0.27,0.010425,1.0425,26.17,26.36,25.67,25.88,26.17,26.36,25.67,25.88,2658700,2658700
TGT,-4.62,-0.056521,-5.6521,77.12,78.36,74.73,77.12,77.12,78.36,74.73,77.12,12352818,12352818
UAA,0.33,0.014686,1.4686,22.8,22.82,22.39,22.59,22.8,22.82,22.39,22.59,2519523,2519523
EL,2.11,0.012383,1.2383,172.5,172.76,170.46,170.99,172.5,172.76,170.46,170.99,819943,819943
LVMHF,-1.09,-0.002805,-0.2805,387.45,387.45,383.51,385.75,387.45,387.45,383.51,385.75,365,365
LULU,-0.2,-0.001128,-0.1128,177.09,178.04,175.41,177.75,177.09,178.04,175.41,177.75,1585597,1585597
ADDYY,0.325,0.002546,0.2546,127.97,128.05,126.97,127.4,127.97,128.05,126.97,127.4,100863,100863
GOOS,0.48,0.008939,0.8939,54.18,54.4,53.46,53.68,54.18,54.4,53.46,53.68,1198825,1198825
ETSY,-0.14,-0.002063,-0.2063,67.71,68.43,67.14,67.87,67.71,68.43,67.14,67.87,1203926,1203926
ULTA,4.24,0.011988,1.1988,357.94,358.44,350.01,356.86,357.94,358.44,350.01,356.86,572031,572031
NKE,0.75,0.008566,0.8566,88.31,88.94,87.33,87.95,88.31,88.94,87.33,87.95,6219557,6219557
SBUX,0.34,0.004409,0.4409,77.45,77.52,75.06,76.95,77.45,77.52,75.06,76.95,12550458,12550458
SNAP,0.12,0.011121,1.1121,10.91,11.13,10.69,10.73,10.91,11.13,10.69,10.73,23725546,23725546
FIZZ,1.53,0.027336,2.7336,57.5,58.0,56.27,56.27,57.5,58.0,56.27,56.27,229485,229485
