symbol,change,changeOverTime,changePercent,close,high,low,open,uClose,uHigh,uLow,uOpen,uVolume,volume
NFLX,2.23,0.007709,0.7709,291.52,292.38,286.51,291.25,291.52,292.38,286.51,291.25,4653665,4653665
DECK,1.48,0.010175,1.0175,146.94,148.44,146.2,147.33,146.94,148.44,146.2,147.33,429427,429427
AAPL,3.49,0.016966,1.6966,209.19,209.48,207.32,208.39,209.19,209.48,207.32,208.39,19216820,19216820
FB,4.75,0.026043,2.6043,187.14,187.75,183.89,184.65,187.14,187.75,183.89,184.65,11314571,11314571
DEO,1.26,0.007212,0.7212,175.98,176.22,175.17,175.39,175.98,176.22,175.17,175.39,584284,584284
LRLCF,4.32,0.015522,1.5522,282.77,282.77,278.9,281.55,282.77,282.77,278.9,281.55,123,123
TIF,2.04,0.02473,2.473,84.53,85.2,83.21,84.11,84.53,85.2,83.21,84.11,2005107,2005107
DIS,1.58,0.011591,1.1591,137.89,138.2,136.39,136.74,137.89,138.2,136.39,136.74,4302805,4302805
LB,0.26,0.016393,1.6393,16.12,16.35,15.89,15.92,16.12,16.35,15.89,15.92,6041069,6041069
TGT,0.65,0.006091,0.6091,107.36,107.92,106.81,107.0,107.36,107.92,106.81,107.0,3963715,3963715
UAA,0.39,0.021013,2.1013,18.95,19.23,18.57,18.6,18.95,19.23,18.57,18.6,3678311,3678311
EL,3.23,0.016191,1.6191,202.72,203.97,199.14,201.47,202.72,203.97,199.14,201.47,2422612,2422612
LVMHF,16.2,0.041753,4.1753,404.2,406.96,403.53,404.05,404.2,406.96,403.53,404.05,440,440
LULU,1.16,0.006461,0.6461,180.7,181.86,179.99,180.65,180.7,181.86,179.99,180.65,2111422,2111422
ADDYY,1.77,0.011888,1.1888,150.66,150.92,149.65,150.15,150.66,150.92,149.65,150.15,16727,16727
GOOS,1.38,0.037808,3.7808,37.88,38.7,36.95,37.05,37.88,38.7,36.95,37.05,769034,769034
ETSY,-0.15,-0.002982,-0.2982,50.15,51.65,49.99,51.2,50.15,51.65,49.99,51.2,2232817,2232817
ULTA,-8.65,-0.036435,-3.6435,228.76,239.86,228.2,238.0,228.76,239.86,228.2,238.0,4028313,4028313
NKE,1.68,0.019842,1.9842,86.35,86.5,85.5,85.58,86.35,86.5,85.5,85.58,4166481,4166481
SBUX,-0.66,-0.00682,-0.682,96.11,96.33,93.03,94.48,96.11,96.33,93.03,94.48,12937509,12937509
SNAP,-0.13,-0.008161,-0.8161,15.8,16.12,15.77,16.03,15.8,16.12,15.77,16.03,18326323,18326323
FIZZ,-0.94,-0.02264,-2.264,40.58,41.68,39.56,41.61,40.58,41.68,39.56,41.61,408477,408477
