symbol,change,changeOverTime,changePercent,close,high,low,open,uClose,uHigh,uLow,uOpen,uVolume,volume
NFLX,0,0,0,371.83,374.58,369.12,373.68,371.83,374.58,369.12,373.68,3821703,3821703
DECK,0,0,0,157.63,157.85,154.64,155.35,157.63,157.85,154.64,155.35,441449,441449
AAPL,0,0,0,204.61,205.97,203.86,204.4,204.61,205.97,203.86,204.4,22204716,22204716
FB,0,0,0,194.78,195.41,190.65,190.95,194.78,195.41,190.65,190.95,19641310,19641310
DEO,0,0,0,166.14,166.35,165.54,166.08,166.14,166.35,165.54,166.08,227376,227376
LRLCF,0,0,0,269.1,272.5,269.1,271.75,269.1,272.5,269.1,271.75,1202,1202
TIF,0,0,0,107.6,108.24,107.37,107.37,107.6,108.24,107.37,107.37,1352899,1352899
DIS,0,0,0,139.3,142.37,137.61,142.19,139.3,142.37,137.61,142.19,25746100,25746100
LB,0,0,0,25.81,26.44,25.77,26.17,25.81,26.44,25.77,26.17,2940809,2940809
TGT,0,0,0,77.8,78.48,76.97,78.42,77.8,78.48,76.97,78.42,9097003,9097003
UAA,0,0,0,22.86,23.09,22.77,22.88,22.86,23.09,22.77,22.88,3028294,3028294
EL,0,0,0,172.46,173.21,171.25,172.33,172.46,173.21,171.25,172.33,1301265,1301265
LVMHF,0,0,0,387.04,387.42,383.0,384.95,387.04,387.42,383.0,384.95,628,628
LULU,0,0,0,177.5,178.85,176.5,176.61,177.5,178.85,176.5,176.61,1798695,1798695
ADDYY,0,0,0,127.64,128.17,126.67,126.73,127.64,128.17,126.67,126.73,33275,33275
GOOS,0,0,0,54.23,55.49,53.84,54.2,54.23,55.49,53.84,54.2,687584,687584
ETSY,0,0,0,69.41,69.64,67.51,68.0,69.41,69.64,67.51,68.0,1409193,1409193
ULTA,0,0,0,350.9,357.9,350.65,356.97,350.9,357.9,350.65,356.97,578949,578949
NKE,0,0,0,88.26,88.51,88.13,88.18,88.26,88.51,88.13,88.18,5008453,5008453
SBUX,0,0,0,76.91,77.67,76.59,77.3,76.91,77.67,76.59,77.3,5426762,5426762
SNAP,0,0,0,11.22,11.29,11.06,11.1,11.22,11.29,11.06,11.1,21473820,21473820
FIZZ,0,0,0,56.35,57.54,55.79,57.51,56.35,57.54,55.79,57.51,298309,298309
