symbol,change,changeOverTime,changePercent,close,high,low,open,uClose,uHigh,uLow,uOpen,uVolume,volume
NFLX,-6.97,-0.022064,-2.2064,308.93,316.64,305.68,313.74,308.93,316.64,305.68,313.74,5349059,5349059
DECK,-4.15,-0.027837,-2.7837,144.93,149.1,144.54,148.64,144.93,149.1,144.54,148.64,497198,497198
AAPL,-2.44,-0.011994,-1.1994,200.99,202.76,199.29,201.3,200.99,202.76,199.29,201.3,24619746,24619746
FB,-2.31,-0.012148,-1.2148,187.85,190.98,187.12,190.0,187.85,190.98,187.12,190.0,11058811,11058811
DEO,0.14,0.000856,0.0856,163.72,164.44,163.14,164.11,163.72,164.44,163.14,164.11,342293,342293
LRLCF,-4.5,-0.016841,-1.6841,262.7,265.44,262.7,264.14,262.7,265.44,262.7,264.14,149,149
TIF,-1.6,-0.017552,-1.7552,89.56,91.23,88.78,90.84,89.56,91.23,88.78,90.84,1355269,1355269
DIS,0.63,0.004569,0.4569,138.52,139.24,136.76,137.1,138.52,139.24,136.76,137.1,8811869,8811869
LB,-0.86,-0.036318,-3.6318,22.82,23.65,22.68,23.63,22.82,23.65,22.68,23.63,3166202,3166202
TGT,-1.39,-0.016587,-1.6587,82.41,84.37,82.05,83.5,82.41,84.37,82.05,83.5,4966336,4966336
UAA,-0.89,-0.04222,-4.222,20.19,21.12,20.01,20.95,20.19,21.12,20.01,20.95,6516277,6516277
EL,-2.82,-0.015126,-1.5126,183.61,187.36,181.94,186.35,183.61,187.36,181.94,186.35,1187196,1187196
LVMHF,1.02,0.002482,0.2482,412.0,412.0,409.2,410.98,412.0,412.0,409.2,410.98,116,116
LULU,-3.53,-0.018943,-1.8943,182.82,186.0,180.94,185.35,182.82,186.0,180.94,185.35,950678,950678
ADDYY,-3.89,-0.025988,-2.5988,145.72,146.63,145.48,145.57,145.72,146.63,145.48,145.57,49571,49571
GOOS,-1.05,-0.023448,-2.3448,43.73,44.93,43.73,44.54,43.73,44.93,43.73,44.54,548435,548435
ETSY,-1.61,-0.027739,-2.7739,56.43,57.62,56.14,57.35,56.43,57.62,56.14,57.35,1959187,1959187
ULTA,-6.34,-0.017958,-1.7958,346.7,353.4,345.0,351.49,346.7,353.4,345.0,351.49,522708,522708
NKE,-1.02,-0.012289,-1.2289,81.98,83.43,81.32,83.14,81.98,83.43,81.32,83.14,5460193,5460193
SBUX,0.03,0.000312,0.0312,96.3,96.84,95.42,96.15,96.3,96.84,95.42,96.15,5209181,5209181
SNAP,0.22,0.013126,1.3126,16.98,17.19,16.63,16.88,16.98,17.19,16.63,16.88,27503290,27503290
FIZZ,-0.89,-0.019987,-1.9987,43.64,44.72,43.51,44.62,43.64,44.72,43.51,44.62,314051,314051
