symbol,change,changeOverTime,changePercent,close,high,low,open,uClose,uHigh,uLow,uOpen,uVolume,volume
NFLX,2.75,0.009989,0.9989,278.05,279.94,269.0,272.89,278.05,279.94,269.0,272.89,12633959,12633959
DECK,1.42,0.00905,0.905,158.33,159.72,157.51,158.04,158.33,159.72,157.51,158.04,285021,285021
AAPL,4.1,0.017343,1.7343,240.51,240.99,237.32,237.52,240.51,240.99,237.32,237.52,22367483,22367483
FB,3.91,0.021038,2.1038,189.76,189.91,186.75,187.04,189.76,189.91,186.75,187.04,8580744,8580744
DEO,-0.76,-0.004702,-0.4702,160.87,161.94,160.78,161.5,160.87,161.94,160.78,161.5,271462,271462
LRLCF,-4.75,-0.017632,-1.7632,264.65,267.8,264.65,267.8,264.65,267.8,264.65,267.8,94,94
TIF,1.08,0.012205,1.2205,89.57,90.05,89.02,89.25,89.57,90.05,89.02,89.25,968744,968744
DIS,-0.63,-0.004813,-0.4813,130.26,131.73,130.02,131.44,130.26,131.73,130.02,131.44,7391094,7391094
LB,0.29,0.017781,1.7781,16.6,17.01,16.1,16.15,16.6,17.01,16.1,16.15,7504617,7504617
TGT,0.87,0.007712,0.7712,113.68,113.81,112.74,113.32,113.68,113.81,112.74,113.32,3037744,3037744
UAA,0.4,0.020315,2.0315,20.09,20.09,19.77,19.82,20.09,20.09,19.77,19.82,2095305,2095305
EL,0.18,0.00097,0.097,185.71,187.49,184.84,185.0,185.71,187.49,184.84,185.0,2229390,2229390
LVMHF,0.74,0.001778,0.1778,417.04,420.38,417.0,418.0,417.04,420.38,417.0,418.0,1106,1106
LULU,-1.83,-0.008836,-0.8836,205.28,207.65,203.0,207.16,205.28,207.65,203.0,207.16,1570296,1570296
ADDYY,0.65,0.004126,0.4126,158.2,158.31,155.81,155.81,158.2,158.31,155.81,155.81,103106,103106
GOOS,-0.29,-0.007288,-0.7288,39.5,40.46,39.43,40.17,39.5,40.46,39.43,40.17,850484,850484
ETSY,0.43,0.007464,0.7464,58.04,58.53,57.65,58.13,58.04,58.53,57.65,58.13,1207702,1207702
ULTA,-4.62,-0.019256,-1.9256,235.3,241.04,235.24,240.57,235.3,241.04,235.24,240.57,1677503,1677503
NKE,0.12,0.001249,0.1249,96.22,96.87,95.42,96.61,96.22,96.87,95.42,96.61,5368220,5368220
SBUX,-0.68,-0.007904,-0.7904,85.35,86.24,85.08,86.0,85.35,86.24,85.08,86.0,5007111,5007111
SNAP,1.06,0.078402,7.8402,14.58,14.63,13.73,13.76,14.58,14.63,13.73,13.76,45431543,45431543
FIZZ,-0.36,-0.007466,-0.7466,47.86,48.85,46.78,48.58,47.86,48.85,46.78,48.58,284126,284126
