symbol,change,changeOverTime,changePercent,close,high,low,open,uClose,uHigh,uLow,uOpen,uVolume,volume
NFLX,0,0,0,348.11,352.42,345.4,351.23,348.11,352.42,345.4,351.23,4621515,4621515
DECK,0,0,0,142.74,143.94,141.2,141.7,142.74,143.94,141.2,141.7,424428,424428
AAPL,0,0,0,183.09,184.35,180.28,183.52,183.09,184.35,180.28,183.52,38612290,38612290
FB,0,0,0,182.72,184.23,181.37,181.88,182.72,184.23,181.37,181.88,10351981,10351981
DEO,0,0,0,169.49,170.78,169.26,170.0,169.49,170.78,169.26,170.0,249410,249410
LRLCF,0,0,0,267.35,267.35,267.35,267.35,267.35,267.35,267.35,267.35,335,335
TIF,0,0,0,95.39,95.62,94.26,95.5,95.39,95.62,94.26,95.5,1680104,1680104
DIS,0,0,0,133.91,134.4,133.25,134.25,133.91,134.4,133.25,134.25,8009000,8009000
LB,0,0,0,22.31,22.35,21.7,22.23,22.31,22.35,21.7,22.23,3983924,3983924
TGT,0,0,0,72.08,72.32,71.1,71.42,72.08,72.32,71.1,71.42,5750408,5750408
UAA,0,0,0,23.74,23.81,23.1,23.4,23.74,23.81,23.1,23.4,8659859,8659859
EL,0,0,0,167.38,168.44,165.63,167.09,167.38,168.44,165.63,167.09,1428520,1428520
LVMHF,0,0,0,369.22,370.1,366.05,370.1,369.22,370.1,366.05,370.1,400,400
LULU,0,0,0,174.15,174.86,170.28,171.05,174.15,174.86,170.28,171.05,1077031,1077031
ADDYY,0,0,0,140.22,141.05,139.89,140.8,140.22,141.05,139.89,140.8,12565,12565
GOOS,0,0,0,48.53,49.21,47.4,48.65,48.53,49.21,47.4,48.65,827529,827529
ETSY,0,0,0,63.12,63.41,61.01,61.58,63.12,63.41,61.01,61.58,1838057,1838057
ULTA,0,0,0,347.89,348.31,339.03,340.5,347.89,348.31,339.03,340.5,829220,829220
NKE,0,0,0,82.85,83.8,82.74,83.8,82.85,83.8,82.74,83.8,7182345,7182345
SBUX,0,0,0,76.66,78.42,76.57,78.3,76.66,78.42,76.57,78.3,11474974,11474974
SNAP,0,0,0,11.19,11.3,10.98,11.27,11.19,11.3,10.98,11.27,19753883,19753883
FIZZ,0,0,0,52.65,53.19,51.38,52.25,52.65,53.19,51.38,52.25,228702,228702
