symbol,change,changeOverTime,changePercent,close,high,low,open,uClose,uHigh,uLow,uOpen,uVolume,volume
NFLX,1.9,0.005273,0.5273,362.2,366.79,361.6,361.6,362.2,366.79,361.6,361.6,3669677,3669677
DECK,1.76,0.010237,1.0237,173.69,175.61,172.78,172.78,173.69,175.61,172.78,172.78,354605,354605
AAPL,4.23,0.021629,2.1629,199.8,200.99,197.35,197.77,199.8,200.99,197.35,197.77,26067512,26067512
FB,-1.18,-0.006249,-0.6249,187.66,190.76,187.31,189.54,187.66,190.76,187.31,189.54,12808604,12808604
DEO,-1.21,-0.006986,-0.6986,171.99,172.8,171.79,172.57,171.99,172.8,171.79,172.57,279564,279564
LRLCF,-1.69,-0.005935,-0.5935,283.05,288.4,283.05,288.4,283.05,288.4,283.05,288.4,293,293
TIF,0.7,0.007672,0.7672,91.94,93.11,91.09,91.36,91.94,93.11,91.09,91.36,1205691,1205691
DIS,0.46,0.003287,0.3287,140.4,140.74,139.51,140.36,140.4,140.74,139.51,140.36,8842136,8842136
LB,0.84,0.035058,3.5058,24.8,24.85,23.89,24.04,24.8,24.85,23.89,24.04,4847999,4847999
TGT,-0.11,-0.001284,-0.1284,85.59,86.6,85.53,86.06,85.59,86.6,85.53,86.06,2978108,2978108
UAA,0.17,0.006827,0.6827,25.07,25.5,24.8,25.01,25.07,25.5,24.8,25.01,3632679,3632679
EL,-1.45,-0.007883,-0.7883,182.5,184.7,181.74,183.68,182.5,184.7,181.74,183.68,933581,933581
LVMHF,-5.46,-0.012909,-1.2909,417.49,421.7,417.04,421.7,417.49,421.7,417.04,421.7,131,131
LULU,0.05,0.000282,0.0282,177.31,180.74,177.03,178.08,177.31,180.74,177.03,178.08,1944500,1944500
ADDYY,5.2,0.03493,3.493,154.07,154.57,153.51,153.56,154.07,154.57,153.51,153.56,24246,24246
GOOS,0.31,0.008602,0.8602,36.35,36.94,36.23,36.32,36.35,36.94,36.23,36.32,782392,782392
ETSY,-1.43,-0.023143,-2.3143,60.36,62.89,59.91,62.14,60.36,62.89,59.91,62.14,2348309,2348309
ULTA,-3.87,-0.011099,-1.1099,344.82,352.65,344.27,350.58,344.82,352.65,344.27,350.58,561798,561798
NKE,-0.07,-0.000847,-0.0847,82.55,83.69,82.44,83.15,82.55,83.69,82.44,83.15,5838460,5838460
SBUX,-0.87,-0.010326,-1.0326,83.38,84.3,83.18,84.3,83.38,84.3,83.18,84.3,7576443,7576443
SNAP,0.18,0.012388,1.2388,14.71,14.93,14.64,14.75,14.71,14.93,14.64,14.75,18330753,18330753
FIZZ,-0.94,-0.021779,-2.1779,42.22,43.42,41.57,42.81,42.22,43.42,41.57,42.81,584993,584993
