symbol,change,changeOverTime,changePercent,close,high,low,open,uClose,uHigh,uLow,uOpen,uVolume,volume
NFLX,-1.87,270.638485,-0.5057,367.88,372.05,362.4,370.07,367.88,372.05,362.4,370.07,4627305,4627305
DECK,1.73,102.664286,1.2064,145.13,145.35,142.27,143.69,145.13,145.35,142.27,143.69,314635,314635
AAPL,0.34,192.484279,0.174,195.69,196.37,193.14,194.79,195.69,196.37,193.14,194.79,19114275,19114275
FB,2.48,3.604021,1.4291,176.02,178.0,175.53,176.02,176.02,178.0,175.53,176.02,17847731,17847731
DEO,-0.27,2.947152,-0.1656,162.82,163.49,162.45,163.34,162.82,163.49,162.45,163.34,247830,247830
TIF,0.4,3.307507,0.3742,107.3,107.57,106.64,107.45,107.3,107.57,106.64,107.45,1985027,1985027
DIS,2.23,5.706604,1.9819,114.75,114.85,113.03,113.24,114.75,114.85,113.03,113.24,14378356,14378356
LB,0.74,1.170713,2.7428,27.72,28.06,27.01,27.03,27.72,28.06,27.01,27.03,4979575,4979575
TGT,2.07,1.791767,2.61,81.38,81.56,79.16,79.18,81.38,81.56,79.16,79.18,4396222,4396222
LRLCY,0.23,2.621739,0.4322,54.14,54.23,53.94,54.0,54.14,54.23,53.94,54.0,47447,47447
UAA,0.62,2.479842,2.8986,22.01,22.04,21.42,21.42,22.01,22.04,21.42,21.42,2846006,2846006
EL,-1.21,10.055593,-0.7365,163.07,165.0,162.6,164.82,163.07,165.0,162.6,164.82,852824,852824
LULU,5.16,11.240714,3.1045,171.37,171.69,166.15,166.27,171.37,171.69,166.15,166.27,2790404,2790404
ADDYY,1.54,5.523077,1.2296,127.2,127.31,125.52,125.65,127.2,127.31,125.52,125.65,118733,118733
LVMUY,-0.12,6.215865,-0.1663,75.04,75.1,74.73,74.74,75.04,75.1,74.73,74.74,214838,214838
GOOS,0.28,2.040423,0.576,48.89,48.93,48.0,48.44,48.89,48.93,48.0,48.44,894778,894778
ETSY,-1.16,1.276667,-1.67,68.3,70.35,66.05,70.14,68.3,70.35,66.05,70.14,2704517,2704517
ULTA,-0.39,10.741784,-0.1113,350.14,352.5,347.75,350.53,350.14,352.5,347.75,350.53,397210,397210
NKE,0.81,12.429921,0.9589,85.28,85.38,84.36,84.49,85.28,85.38,84.36,84.49,3660677,3660677
SBUX,0.02,10.741019,0.0269,74.35,74.67,73.98,74.5,74.35,74.67,73.98,74.5,5449896,5449896
SNAP,0.12,-0.539216,1.0753,11.28,11.54,10.98,11.23,11.28,11.54,10.98,11.23,28867742,28867742
FIZZ,0.83,8.878367,1.4646,57.5,57.58,56.15,56.68,57.5,57.58,56.15,56.68,272198,272198
