symbol,change,changeOverTime,changePercent,close,high,low,open,uClose,uHigh,uLow,uOpen,uVolume,volume
NFLX,11.76,0.035756,3.5756,340.66,341.78,330.8,332.75,340.66,341.78,330.8,332.75,9234530,9234530
DECK,2.11,0.016877,1.6877,127.13,127.35,124.78,125.68,127.13,127.35,124.78,125.68,423639,423639
AAPL,10.57,0.068335,6.8335,165.25,166.15,160.23,163.25,165.25,166.15,160.23,163.25,61109780,61109780
FB,6.23,0.043207,4.3207,150.42,150.95,145.7,146.22,150.42,150.95,145.7,146.22,44613240,44613240
DEO,1.1,0.007667,0.7667,144.58,145.31,143.76,144.7,144.58,145.31,143.76,144.7,549393,549393
LRLCF,-0.1,-0.000424,-0.0424,235.8,239.16,235.2,235.2,235.8,239.16,235.2,235.2,389,389
TIF,0.38,0.004338,0.4338,87.98,88.61,86.68,87.86,87.98,88.61,86.68,87.86,1447525,1447525
DIS,-0.77,-0.006943,-0.6943,110.13,110.58,108.96,110.3,110.13,110.58,108.96,110.3,7853849,7853849
LB,-0.21,-0.007576,-0.7576,27.51,28.01,27.23,27.91,27.51,28.01,27.23,27.91,2196979,2196979
TGT,0.63,0.008787,0.8787,72.33,72.65,71.31,72.3,72.33,72.65,71.31,72.3,3789326,3789326
UAA,0.03,0.001436,0.1436,20.92,21.05,20.81,21.03,20.92,21.05,20.81,21.03,3555076,3555076
EL,3.98,0.030521,3.0521,134.38,134.48,130.63,131.7,134.38,134.48,130.63,131.7,3366128,3366128
LVMHF,23.88,0.080676,8.0676,319.88,320.64,315.2,317.5,319.88,320.64,315.2,317.5,2392,2392
LULU,-0.34,-0.002283,-0.2283,148.61,150.4,148.23,150.14,148.61,150.4,148.23,150.14,1379971,1379971
ADDYY,1.87,0.016038,1.6038,118.47,118.8,117.14,117.45,118.47,118.8,117.14,117.45,132652,132652
GOOS,0.13,0.002616,0.2616,49.82,50.61,48.51,50.33,49.82,50.61,48.51,50.33,1832831,1832831
ETSY,0.67,0.012519,1.2519,54.19,54.43,52.62,54.12,54.19,54.43,52.62,54.12,1985333,1985333
ULTA,-0.22,-0.000762,-0.0762,288.6,290.99,286.4,290.28,288.6,290.99,286.4,290.28,539043,539043
NKE,1.06,0.013214,1.3214,81.28,81.29,80.06,80.4,81.28,81.29,80.06,80.4,5200226,5200226
SBUX,1.11,0.016557,1.6557,68.15,68.21,67.05,67.11,68.15,68.21,67.05,67.11,11702523,11702523
SNAP,0.14,0.021773,2.1773,6.57,6.6,6.31,6.47,6.57,6.6,6.31,6.47,16419275,16419275
FIZZ,1.74,0.021204,2.1204,83.8,84.24,80.16,82.42,83.8,84.24,80.16,82.42,181385,181385
