symbol,change,changeOverTime,changePercent,close,high,low,open,uClose,uHigh,uLow,uOpen,uVolume,volume
NFLX,-37.23,-0.10272,-10.272,325.21,329.85,320.3,323.76,325.21,329.85,320.3,323.76,31305899,31305899
DECK,1.24,0.00708,0.708,176.38,176.95,174.44,175.17,176.38,176.95,174.44,175.17,277811,277811
AAPL,2.31,0.01136,1.136,205.66,205.88,203.7,204.0,205.66,205.88,203.7,204.0,18582161,18582161
FB,-1.02,-0.005055,-0.5055,200.78,202.47,199.38,200.15,200.78,202.47,199.38,200.15,11956554,11956554
DEO,0.08,0.000468,0.0468,170.95,171.22,169.41,169.76,170.95,171.22,169.41,169.76,445281,445281
LRLCF,-4.0,-0.014089,-1.4089,279.9,282.9,278.05,281.4,279.9,282.9,278.05,281.4,181,181
TIF,-0.13,-0.001394,-0.1394,93.16,93.43,92.0,92.28,93.16,93.43,92.0,92.28,1216745,1216745
DIS,-0.94,-0.006593,-0.6593,141.63,142.46,140.17,142.46,141.63,142.46,140.17,142.46,8035481,8035481
LB,-0.02,-0.000758,-0.0758,26.37,26.48,25.94,26.31,26.37,26.48,25.94,26.31,3448804,3448804
TGT,0.64,0.007284,0.7284,88.5,88.52,87.03,87.51,88.5,88.52,87.03,87.51,3847940,3847940
UAA,0.04,0.001485,0.1485,26.97,27.07,26.7,26.94,26.97,27.07,26.7,26.94,2203291,2203291
EL,0.51,0.002688,0.2688,190.24,190.84,188.79,189.56,190.24,190.84,188.79,189.56,764836,764836
LVMHF,3.67,0.008562,0.8562,432.3,432.3,428.5,428.5,432.3,432.3,428.5,428.5,101,101
LULU,-0.99,-0.0052,-0.52,189.39,190.5,187.1,189.56,189.39,190.5,187.1,189.56,1115243,1115243
ADDYY,1.77,0.011212,1.1212,159.19,159.31,157.97,158.14,159.19,159.31,157.97,158.14,23587,23587
GOOS,0.21,0.004832,0.4832,43.67,43.95,43.2,43.45,43.67,43.95,43.2,43.45,485296,485296
ETSY,1.78,0.028067,2.8067,65.2,65.33,63.34,63.48,65.2,65.33,63.34,63.48,1981876,1981876
ULTA,-0.18,-0.000491,-0.0491,366.21,368.72,363.55,363.55,366.21,368.72,363.55,363.55,518659,518659
NKE,-0.06,-0.000686,-0.0686,87.44,87.76,86.76,87.63,87.44,87.76,86.76,87.63,4609157,4609157
SBUX,1.25,0.01385,1.385,91.5,91.54,89.95,90.33,91.5,91.54,89.95,90.33,6471383,6471383
SNAP,-0.38,-0.025452,-2.5452,14.55,14.94,14.43,14.72,14.55,14.94,14.43,14.72,19050845,19050845
FIZZ,-0.03,-0.000708,-0.0708,42.37,42.66,41.66,42.4,42.37,42.66,41.66,42.4,947266,947266
