symbol,change,changeOverTime,changePercent,close,high,low,open,uClose,uHigh,uLow,uOpen,uVolume,volume
NFLX,3.26,0.009287,0.9287,354.3,356.17,348.25,351.46,354.3,356.17,348.25,351.46,5937754,5937754
DECK,-0.24,-0.001656,-0.1656,144.73,145.54,143.76,144.77,144.73,145.54,143.76,144.77,369663,369663
AAPL,-0.32,-0.00182,-0.182,175.53,176.0,174.54,175.94,175.53,176.0,174.54,175.94,19737419,19737419
FB,3.89,0.023242,2.3242,171.26,171.88,166.55,167.37,171.26,171.88,166.55,167.37,28187890,28187890
DEO,0.82,0.005257,0.5257,156.81,157.23,155.91,156.0,156.81,157.23,155.91,156.0,359462,359462
LRLCF,4.94,0.019683,1.9683,255.74,255.74,254.7,255.0,255.74,255.74,254.7,255.0,266,266
TIF,0.27,0.002854,0.2854,94.87,95.77,94.47,94.84,94.87,95.77,94.47,94.84,925383,925383
DIS,-0.33,-0.002886,-0.2886,114.0,114.54,113.76,114.23,114.0,114.54,113.76,114.23,5225121,5225121
LB,0.12,0.004476,0.4476,26.93,28.34,26.65,27.77,26.93,28.34,26.65,27.77,5745430,5745430
TGT,3.33,0.045824,4.5824,76.0,76.56,74.12,76.49,76.0,76.56,74.12,76.49,17015083,17015083
UAA,0.04,0.001796,0.1796,22.31,22.46,22.19,22.38,22.31,22.46,22.19,22.38,2849500,2849500
EL,-0.31,-0.001983,-0.1983,155.98,158.5,155.97,156.86,155.98,158.5,155.97,156.86,1480676,1480676
LVMHF,-1.26,-0.003607,-0.3607,348.09,350.4,348.05,349.0,348.09,350.4,348.05,349.0,300,300
LULU,1.12,0.007579,0.7579,148.9,149.68,147.45,148.07,148.9,149.68,147.45,148.07,983361,983361
ADDYY,0.275,0.00225,0.225,122.52,122.68,122.11,122.4,122.52,122.68,122.11,122.4,30878,30878
GOOS,0.96,0.018251,1.8251,53.56,53.77,52.28,52.31,53.56,53.77,52.28,52.31,1810752,1810752
ETSY,1.62,0.023482,2.3482,70.61,71.0,67.89,68.86,70.61,71.0,67.89,68.86,2399750,2399750
ULTA,0.74,0.002376,0.2376,312.24,314.3,310.3,312.98,312.24,314.3,310.3,312.98,963213,963213
NKE,-0.2,-0.002335,-0.2335,85.44,86.25,85.44,85.88,85.44,86.25,85.44,85.88,4976324,4976324
SBUX,0.63,0.008879,0.8879,71.58,71.89,71.06,71.19,71.58,71.89,71.06,71.19,10496075,10496075
SNAP,0.16,0.016129,1.6129,10.08,10.11,9.82,9.91,10.08,10.11,9.82,9.91,19276447,19276447
FIZZ,-1.16,-0.017039,-1.7039,66.92,68.87,66.1,68.06,66.92,68.87,66.1,68.06,280150,280150
