symbol,change,changeOverTime,changePercent,close,high,low,open,uClose,uHigh,uLow,uOpen,uVolume,volume
NFLX,4.64,0.017304,1.7304,272.79,275.48,266.47,268.2,272.79,275.48,266.47,268.2,9992774,9992774
DECK,0.38,0.002603,0.2603,146.38,146.82,142.9,145.97,146.38,146.82,142.9,145.97,314669,314669
AAPL,6.19,0.028032,2.8032,227.01,227.49,223.89,225.64,227.01,227.49,223.89,225.64,34755553,34755553
FB,1.07,0.005965,0.5965,180.45,180.98,178.1,179.55,180.45,180.98,178.1,179.55,10476395,10476395
DEO,0.8,0.004922,0.4922,163.32,163.32,161.01,161.01,163.32,163.32,161.01,161.01,333244,333244
LRLCF,2.74,0.0103,1.03,268.75,271.75,268.75,270.65,268.75,271.75,268.75,270.65,195,195
TIF,-1.13,-0.01267,-1.267,88.06,89.12,86.88,88.41,88.06,89.12,86.88,88.41,1700746,1700746
DIS,2.12,0.016543,1.6543,130.27,130.44,128.61,128.69,130.27,130.44,128.61,128.69,6803210,6803210
LB,-0.1,-0.005388,-0.5388,18.46,18.52,18.11,18.49,18.46,18.52,18.11,18.49,4503833,4503833
TGT,2.48,0.02326,2.326,109.1,109.27,106.54,106.77,109.1,109.27,106.54,106.77,4129358,4129358
UAA,0.03,0.001556,0.1556,19.31,19.4,18.93,19.22,19.31,19.4,18.93,19.22,2451694,2451694
EL,4.44,0.022922,2.2922,198.14,198.46,194.2,194.2,198.14,198.46,194.2,194.2,974363,974363
LVMHF,2.1,0.005509,0.5509,382.35,383.9,381.5,383.9,382.35,383.9,381.5,383.9,459,459
LULU,2.97,0.015619,1.5619,193.12,193.43,189.95,190.45,193.12,193.43,189.95,190.45,1200477,1200477
ADDYY,1.14,0.00766,0.766,149.97,149.97,148.14,148.4,149.97,149.97,148.14,148.4,20746,20746
GOOS,-0.64,-0.016268,-1.6268,38.7,40.41,38.55,40.13,38.7,40.41,38.55,40.13,1219565,1219565
ETSY,0.66,0.011824,1.1824,56.48,58.09,55.61,57.15,56.48,58.09,55.61,57.15,2651367,2651367
ULTA,-6.83,-0.026531,-2.6531,250.6,258.09,250.26,257.71,250.6,258.09,250.26,257.71,1724765,1724765
NKE,0.85,0.009217,0.9217,93.07,93.17,91.93,92.22,93.07,93.17,91.93,92.22,4580028,4580028
SBUX,1.25,0.014763,1.4763,85.92,85.97,84.75,84.9,85.92,85.97,84.75,84.9,5891718,5891718
SNAP,0.22,0.015385,1.5385,14.52,15.17,14.42,14.9,14.52,15.17,14.42,14.9,33704707,33704707
FIZZ,1.96,0.041836,4.1836,48.81,49.0,46.37,46.65,48.81,49.0,46.37,46.65,663006,663006
