symbol,change,changeOverTime,changePercent,close,high,low,open,uClose,uHigh,uLow,uOpen,uVolume,volume
NFLX,-2.13,-0.006164,-0.6164,343.43,348.5,339.25,347.23,343.43,348.5,339.25,347.23,6209347,6209347
DECK,3.89,0.022577,2.2577,176.19,176.8,173.28,173.75,176.19,176.8,173.28,173.75,628818,628818
AAPL,-0.04,-0.000206,-0.0206,194.15,196.79,193.6,194.7,194.15,196.79,193.6,194.7,21674625,21674625
FB,2.43,0.013883,1.3883,177.47,178.03,174.61,175.53,177.47,178.03,174.61,175.53,12253569,12253569
DEO,-1.14,-0.006546,-0.6546,173.0,174.49,172.73,174.29,173.0,174.49,172.73,174.29,310916,310916
LRLCF,-4.2,-0.014928,-1.4928,277.15,280.35,277.15,277.7,277.15,280.35,277.15,277.7,639,639
TIF,-0.24,-0.002626,-0.2626,91.16,91.95,90.26,91.52,91.16,91.95,90.26,91.52,1198136,1198136
DIS,6.02,0.044356,4.4356,141.74,141.85,137.61,137.95,141.74,141.85,137.61,137.95,17939543,17939543
LB,0.37,0.016941,1.6941,22.21,22.41,21.52,21.63,22.21,22.41,21.52,21.63,3896642,3896642
TGT,0.04,0.000453,0.0453,88.3,89.15,87.97,88.46,88.3,89.15,87.97,88.46,3200281,3200281
UAA,0.62,0.023865,2.3865,26.6,26.73,26.22,26.36,26.6,26.73,26.22,26.36,3685609,3685609
EL,0.78,0.004403,0.4403,177.95,178.64,176.64,178.27,177.95,178.64,176.64,178.27,1293144,1293144
LVMHF,-0.5,-0.001243,-0.1243,401.7,401.7,398.89,400.0,401.7,401.7,398.89,400.0,63,63
LULU,3.63,0.021242,2.1242,174.52,182.89,172.5,181.99,174.52,182.89,172.5,181.99,11076657,11076657
ADDYY,1.11,0.007611,0.7611,146.29,146.99,145.79,145.79,146.29,146.99,145.79,145.79,21691,21691
GOOS,1.77,0.051364,5.1364,36.23,36.61,34.47,34.59,36.23,36.61,34.47,34.59,2277216,2277216
ETSY,0.88,0.012722,1.2722,70.05,71.8,69.53,70.07,70.05,71.8,69.53,70.07,2721745,2721745
ULTA,6.99,0.02039,2.039,349.81,350.2,343.62,344.62,349.81,350.2,343.62,344.62,732345,732345
NKE,0.98,0.01186,1.186,83.61,83.92,83.05,83.15,83.61,83.92,83.05,83.15,3383394,3383394
SBUX,0.42,0.005065,0.5065,83.35,84.05,83.02,83.33,83.35,84.05,83.02,83.33,7156842,7156842
SNAP,0.36,0.026182,2.6182,14.11,14.31,13.75,13.85,14.11,14.31,13.75,13.85,25002972,25002972
FIZZ,-0.15,-0.0033,-0.33,45.31,46.37,44.75,45.63,45.31,46.37,44.75,45.63,431337,431337
