symbol,change,changeOverTime,changePercent,close,high,low,open,uClose,uHigh,uLow,uOpen,uVolume,volume
NFLX,-3.62,-0.010174,-1.0174,352.19,357.04,347.19,357.0,352.19,357.04,347.19,357.0,6717662,6717662
DECK,1.96,0.014065,1.4065,141.31,141.37,136.68,139.32,141.31,141.37,136.68,139.32,750019,750019
AAPL,0.06,0.000344,0.0344,174.24,175.57,172.85,174.65,174.24,175.57,172.85,174.65,28239591,28239591
FB,-0.67,-0.003914,-0.3914,170.49,172.47,169.27,171.2,170.49,172.47,169.27,171.2,13281161,13281161
DEO,-1.68,-0.010983,-1.0983,151.29,152.22,151.03,152.06,151.29,152.22,151.03,152.06,327856,327856
LRLCF,1.25,0.005068,0.5068,247.9,247.9,245.21,245.21,247.9,247.9,245.21,245.21,760,760
TIF,0.03,0.000335,0.0335,89.66,90.03,89.03,89.52,89.66,90.03,89.03,89.52,925639,925639
DIS,-1.25,-0.011095,-1.1095,111.41,113.92,111.07,113.85,111.41,113.92,111.07,113.85,14229041,14229041
LB,0.07,0.002587,0.2587,27.13,27.35,26.67,27.16,27.13,27.35,26.67,27.16,3916358,3916358
TGT,-0.26,-0.003573,-0.3573,72.51,72.74,71.87,72.63,72.51,72.74,71.87,72.63,3399332,3399332
UAA,-0.18,-0.008612,-0.8612,20.72,20.91,20.35,20.87,20.72,20.91,20.35,20.87,3577561,3577561
EL,-1.77,-0.011643,-1.1643,150.25,152.19,147.0,149.81,150.25,152.19,147.0,149.81,3704969,3704969
LVMHF,-3.53,-0.01066,-1.066,327.61,328.35,325.63,327.48,327.61,328.35,325.63,327.48,320,320
LULU,-1.13,-0.007693,-0.7693,145.76,147.27,143.47,146.96,145.76,147.27,143.47,146.96,1452882,1452882
ADDYY,-0.9,-0.007781,-0.7781,114.77,115.82,114.62,115.82,114.77,115.82,114.62,115.82,25423,25423
GOOS,0.99,0.018199,1.8199,55.39,55.51,52.52,54.65,55.39,55.51,52.52,54.65,2006083,2006083
ETSY,-2.85,-0.051407,-5.1407,52.59,55.8,50.94,55.78,52.59,55.8,50.94,55.78,5700010,5700010
ULTA,-0.59,-0.002007,-0.2007,293.45,295.95,288.05,293.57,293.45,295.95,288.05,293.57,506785,506785
NKE,-0.15,-0.00181,-0.181,82.71,82.71,81.64,82.51,82.71,82.71,81.64,82.51,3682813,3682813
SBUX,-0.49,-0.007067,-0.7067,68.85,69.39,68.5,69.23,68.85,69.39,68.5,69.23,10283746,10283746
SNAP,1.55,0.22017,22.017,8.59,9.09,8.35,8.61,8.59,9.09,8.35,8.61,148568030,148568030
FIZZ,-2.18,-0.028863,-2.8863,73.35,75.68,72.6,75.58,73.35,75.68,72.6,75.58,702510,702510
