symbol,change,changeOverTime,changePercent,close,high,low,open,uClose,uHigh,uLow,uOpen,uVolume,volume
NFLX,-2.1,-0.005754,-0.5754,362.87,368.03,359.8,363.5,362.87,368.03,359.8,363.5,5629945,5629945
DECK,-0.05,-0.000336,-0.0336,148.54,149.32,146.5,146.51,148.54,149.32,146.5,146.51,427000,427000
AAPL,0.54,0.003098,0.3098,174.87,175.0,172.73,173.21,174.87,175.0,172.73,173.21,27835389,27835389
FB,-1.32,-0.008042,-0.8042,162.81,163.93,160.41,162.9,162.81,163.93,160.41,162.9,12697485,12697485
DEO,-1.09,-0.006942,-0.6942,155.92,156.46,155.74,156.04,155.92,156.46,155.74,156.04,442376,442376
LRLCF,-5.36,-0.020867,-2.0867,251.64,251.64,250.0,250.85,251.64,251.64,250.0,250.85,310,310
TIF,0.89,0.009379,0.9379,95.78,96.03,94.56,94.64,95.78,96.03,94.56,94.64,2238189,2238189
DIS,-0.72,-0.006344,-0.6344,112.78,113.51,112.46,113.1,112.78,113.51,112.46,113.1,7249546,7249546
LB,-0.08,-0.002911,-0.2911,27.4,27.65,27.25,27.51,27.4,27.65,27.25,27.51,5855508,5855508
TGT,0.73,0.010098,1.0098,73.02,73.48,72.3,72.31,73.02,73.48,72.3,72.31,5164784,5164784
UAA,0.8,0.036832,3.6832,22.52,22.68,21.79,21.8,22.52,22.68,21.79,21.8,5657212,5657212
EL,0.61,0.003899,0.3899,157.05,157.45,154.37,155.49,157.05,157.45,154.37,155.49,1319410,1319410
LVMHF,-2.19,-0.006312,-0.6312,344.77,345.05,342.75,345.05,344.77,345.05,342.75,345.05,46,46
LULU,-0.42,-0.002782,-0.2782,150.56,152.15,149.05,150.0,150.56,152.15,149.05,150.0,1146275,1146275
ADDYY,-0.835,-0.006836,-0.6836,121.32,121.58,120.89,121.51,121.32,121.58,120.89,121.51,25339,25339
GOOS,0.99,0.017672,1.7672,57.01,57.43,55.6,55.99,57.01,57.43,55.6,55.99,3723827,3723827
ETSY,3.09,0.045011,4.5011,71.74,72.0,68.05,68.23,71.74,72.0,68.05,68.23,6781580,6781580
ULTA,-2.89,-0.009323,-0.9323,307.11,309.47,305.12,307.48,307.11,309.47,305.12,307.48,642921,642921
NKE,0.37,0.004312,0.4312,86.17,86.22,85.06,85.53,86.17,86.22,85.06,85.53,4588351,4588351
SBUX,-0.99,-0.013916,-1.3916,70.15,71.13,69.92,70.83,70.15,71.13,69.92,70.83,13274806,13274806
SNAP,-0.27,-0.026786,-2.6786,9.81,10.1,9.68,10.08,9.81,10.1,9.68,10.08,21923335,21923335
FIZZ,0.09,0.001316,0.1316,68.5,68.58,66.57,68.38,68.5,68.58,66.57,68.38,904410,904410
