symbol,change,changeOverTime,changePercent,close,high,low,open,uClose,uHigh,uLow,uOpen,uVolume,volume
NFLX,7.82,0.02159,2.159,370.02,370.85,363.2,363.2,370.02,370.85,363.2,363.2,4138575,4138575
DECK,1.55,0.008924,0.8924,175.24,175.38,173.24,173.83,175.24,175.38,173.24,173.83,346821,346821
AAPL,-0.06,-0.0003,-0.03,199.74,201.57,199.57,200.29,199.74,201.57,199.57,200.29,20899717,20899717
FB,1.84,0.009805,0.9805,189.5,189.95,188.27,189.88,189.5,189.95,188.27,189.88,11158983,11158983
DEO,-0.38,-0.002209,-0.2209,171.61,171.78,170.86,171.53,171.61,171.78,170.86,171.53,258539,258539
LRLCF,-0.376,-0.001328,-0.1328,282.67,283.65,280.6,280.6,282.67,283.65,280.6,280.6,504,504
TIF,0.04,0.000435,0.0435,91.98,92.39,91.0,91.83,91.98,92.39,91.0,91.83,913986,913986
DIS,-1.1,-0.007835,-0.7835,139.3,141.74,138.92,141.0,139.3,141.74,138.92,141.0,6466261,6466261
LB,1.52,0.06129,6.129,26.32,26.52,24.76,24.94,26.32,26.52,24.76,24.94,9312225,9312225
TGT,0.28,0.003271,0.3271,85.87,86.19,85.29,85.61,85.87,86.19,85.29,85.61,2941572,2941572
UAA,0.23,0.009174,0.9174,25.3,25.36,24.82,24.88,25.3,25.36,24.82,24.88,3375638,3375638
EL,-0.45,-0.002466,-0.2466,182.05,183.99,182.03,183.5,182.05,183.99,182.03,183.5,1386177,1386177
LVMHF,2.45,0.005868,0.5868,419.94,419.94,417.0,418.7,419.94,419.94,417.0,418.7,448,448
LULU,2.8,0.015792,1.5792,180.11,180.69,177.09,177.72,180.11,180.69,177.09,177.72,1410696,1410696
ADDYY,-2.95,-0.019147,-1.9147,151.12,151.88,151.12,151.17,151.12,151.88,151.12,151.17,22117,22117
GOOS,1.17,0.032187,3.2187,37.52,37.75,36.48,36.67,37.52,37.75,36.48,36.67,785729,785729
ETSY,2.0,0.033135,3.3135,62.36,62.8,60.29,60.44,62.36,62.8,60.29,60.44,3215127,3215127
ULTA,-0.6,-0.00174,-0.174,344.22,347.43,339.53,346.5,344.22,347.43,339.53,346.5,619539,619539
NKE,1.11,0.013446,1.3446,83.66,83.77,82.93,82.93,83.66,83.77,82.93,82.93,11436707,11436707
SBUX,0.18,0.002159,0.2159,83.56,83.89,83.21,83.55,83.56,83.89,83.21,83.55,6084200,6084200
SNAP,-0.13,-0.008838,-0.8838,14.58,14.81,14.56,14.76,14.58,14.81,14.56,14.76,13184951,13184951
FIZZ,1.84,0.043581,4.3581,44.06,44.77,40.05,41.79,44.06,44.77,40.05,41.79,1264042,1264042
