symbol,change,changeOverTime,changePercent,close,high,low,open,uClose,uHigh,uLow,uOpen,uVolume,volume
NFLX,-3.17,-0.009749,-0.9749,321.99,331.75,318.6,328.25,321.99,331.75,318.6,328.25,13480138,13480138
DECK,2.47,0.0204,2.04,123.55,124.63,121.45,121.45,123.55,124.63,121.45,121.45,788050,788050
AAPL,0.62,0.004044,0.4044,153.92,155.14,151.7,154.15,153.92,155.14,151.7,154.15,23130570,23130570
FB,-3.27,-0.022159,-2.2159,144.3,148.8,143.06,148.28,144.3,148.8,143.06,148.28,20098415,20098415
DEO,0.61,0.004268,0.4268,143.53,143.91,142.92,143.43,143.53,143.91,142.92,143.43,230386,230386
LRLCF,5.92,0.026455,2.6455,229.62,231.05,229.1,231.05,229.62,231.05,229.1,231.05,260,260
TIF,-0.26,-0.002968,-0.2968,87.34,87.9,86.52,87.4,87.34,87.9,86.52,87.4,1662469,1662469
DIS,0.52,0.004702,0.4702,111.12,111.84,110.0,111.19,111.12,111.84,110.0,111.19,6845560,6845560
LB,0.42,0.015701,1.5701,27.17,27.18,26.57,26.86,27.17,27.18,26.57,26.86,3413382,3413382
TGT,0.04,0.000569,0.0569,70.32,71.45,69.33,70.84,70.32,71.45,69.33,70.84,4446562,4446562
UAA,-0.2,-0.009766,-0.9766,20.28,20.64,20.13,20.58,20.28,20.64,20.13,20.58,3093619,3093619
EL,1.13,0.008985,0.8985,126.89,129.66,125.84,127.21,126.89,129.66,125.84,127.21,2411601,2411601
LVMHF,4.79,0.016595,1.6595,293.43,294.71,291.32,292.95,293.43,294.71,291.32,292.95,1601,1601
LULU,0.38,0.002542,0.2542,149.85,151.73,147.75,151.43,149.85,151.73,147.75,151.43,1602140,1602140
ADDYY,1.74,0.014964,1.4964,118.02,118.33,117.42,117.8,118.02,118.33,117.42,117.8,23114,23114
GOOS,-0.4,-0.007992,-0.7992,49.65,50.73,48.79,50.08,49.65,50.73,48.79,50.08,1761791,1761791
ETSY,0.29,0.005417,0.5417,53.83,55.37,53.65,54.01,53.83,55.37,53.65,54.01,1306990,1306990
ULTA,-0.65,-0.00225,-0.225,288.2,292.03,286.13,289.41,288.2,292.03,286.13,289.41,630767,630767
NKE,-0.25,-0.003096,-0.3096,80.5,81.4,80.22,81.19,80.5,81.4,80.22,81.19,5822957,5822957
SBUX,1.04,0.015905,1.5905,66.43,66.7,65.81,65.88,66.43,66.7,65.81,65.88,12372408,12372408
SNAP,0.06,0.010118,1.0118,5.99,6.1,5.87,6.01,5.99,6.1,5.87,6.01,13145140,13145140
FIZZ,2.32,0.02872,2.872,83.1,83.43,80.66,80.77,83.1,83.43,80.66,80.77,203483,203483
