symbol,change,changeOverTime,changePercent,close,high,low,open,uClose,uHigh,uLow,uOpen,uVolume,volume
NFLX,2.86,0.008297,0.8297,347.57,348.0,338.0,338.0,347.57,348.0,338.0,338.0,7561391,7561391
DECK,0.35,0.002487,0.2487,141.06,142.84,140.01,140.57,141.06,142.84,140.01,140.57,543309,543309
AAPL,-0.53,-0.003101,-0.3101,170.41,170.66,168.42,168.99,170.41,170.66,168.42,168.99,23819966,23819966
FB,0.95,0.00571,0.571,167.33,167.37,164.21,164.47,167.33,167.37,164.21,164.47,12561422,12561422
DEO,1.3,0.00846,0.846,154.97,155.03,153.89,154.32,154.97,155.03,153.89,154.32,841666,841666
LRLCF,-4.76,-0.01896,-1.896,246.3,246.3,246.3,246.3,246.3,246.3,246.3,246.3,1015,1015
TIF,-0.49,-0.005532,-0.5532,88.08,88.57,87.68,87.87,88.08,88.57,87.68,87.87,1137389,1137389
DIS,0.56,0.005047,0.5047,111.51,111.54,110.06,110.46,111.51,111.54,110.06,110.46,6395482,6395482
LB,-0.51,-0.018945,-1.8945,26.41,26.79,26.18,26.7,26.41,26.79,26.18,26.7,3015267,3015267
TGT,-0.98,-0.013638,-1.3638,70.88,72.18,70.74,71.7,70.88,72.18,70.74,71.7,4146220,4146220
UAA,0.38,0.018655,1.8655,20.75,20.79,20.32,20.32,20.75,20.79,20.32,20.32,8813224,8813224
EL,2.4,0.015757,1.5757,154.71,154.71,151.51,152.31,154.71,154.71,151.51,152.31,2478158,2478158
LVMHF,0.42,0.0013,0.13,323.43,323.43,319.8,319.8,323.43,323.43,319.8,319.8,311,311
LULU,0.99,0.006706,0.6706,148.62,150.0,147.0,147.13,148.62,150.0,147.0,147.13,1450372,1450372
ADDYY,-0.64,-0.005639,-0.5639,112.86,112.86,111.95,112.46,112.86,112.86,111.95,112.46,75692,75692
GOOS,1.66,0.030436,3.0436,56.2,56.24,53.11,53.55,56.2,56.24,53.11,53.55,1820013,1820013
ETSY,1.62,0.031438,3.1438,53.15,53.43,50.5,51.06,53.15,53.43,50.5,51.06,2551283,2551283
ULTA,2.42,0.008241,0.8241,296.06,296.48,289.25,291.58,296.06,296.48,289.25,291.58,782013,782013
NKE,-0.03,-0.000364,-0.0364,82.36,82.72,81.94,82.25,82.36,82.72,81.94,82.25,3786588,3786588
SBUX,0.61,0.008823,0.8823,69.75,69.82,68.6,68.77,69.75,69.82,68.6,68.77,8862140,8862140
SNAP,0.53,0.061844,6.1844,9.1,9.19,8.3,8.37,9.1,9.19,8.3,8.37,55131767,55131767
FIZZ,0.18,0.00246,0.246,73.36,73.81,72.27,73.03,73.36,73.81,72.27,73.03,269794,269794
