symbol,change,changeOverTime,changePercent,close,high,low,open,uClose,uHigh,uLow,uOpen,uVolume,volume
NFLX,0.12,0.000448,0.0448,268.15,268.84,257.01,267.78,268.15,268.84,257.01,267.78,9068810,9068810
DECK,1.78,0.012342,1.2342,146.0,146.17,140.91,144.06,146.0,146.17,140.91,144.06,396915,396915
AAPL,1.86,0.008495,0.8495,220.82,220.96,215.13,218.43,220.82,220.96,215.13,218.43,30352686,30352686
FB,4.78,0.027377,2.7377,179.38,179.84,173.63,175.57,179.38,179.84,173.63,175.57,16789319,16789319
DEO,4.24,0.026788,2.6788,162.52,162.86,160.58,161.09,162.52,162.86,160.58,161.09,462000,462000
LRLCF,3.06,0.011637,1.1637,266.01,268.4,264.0,266.5,266.01,268.4,264.0,266.5,198,198
TIF,0.59,0.006659,0.6659,89.19,89.29,86.39,88.4,89.19,89.29,86.39,88.4,1359774,1359774
DIS,-0.99,-0.007666,-0.7666,128.15,129.43,127.54,128.6,128.15,129.43,127.54,128.6,8683717,8683717
LB,0.41,0.02259,2.259,18.56,18.56,17.56,18.03,18.56,18.56,17.56,18.03,6293318,6293318
TGT,1.46,0.013884,1.3884,106.62,106.7,104.39,105.23,106.62,106.7,104.39,105.23,4291835,4291835
UAA,0.03,0.001558,0.1558,19.28,19.28,18.68,19.21,19.28,19.28,18.68,19.21,3280648,3280648
EL,1.67,0.008697,0.8697,193.7,194.58,191.67,192.21,193.7,194.58,191.67,192.21,1357658,1357658
LVMHF,2.01,0.005301,0.5301,380.26,383.91,379.04,383.1,380.26,383.91,379.04,383.1,3262,3262
LULU,1.02,0.005393,0.5393,190.15,190.3,185.36,188.76,190.15,190.3,185.36,188.76,1400034,1400034
ADDYY,1.2,0.008128,0.8128,148.83,149.0,147.5,148.5,148.83,149.0,147.5,148.5,17969,17969
GOOS,0.34,0.008718,0.8718,39.34,39.34,37.26,38.83,39.34,39.34,37.26,38.83,1686215,1686215
ETSY,1.91,0.035429,3.5429,55.82,55.84,53.48,53.83,55.82,55.84,53.48,53.83,2762503,2762503
ULTA,-5.36,-0.020397,-2.0397,257.43,265.21,250.65,263.37,257.43,265.21,250.65,263.37,2261053,2261053
NKE,0.73,0.007979,0.7979,92.22,92.32,90.35,91.31,92.22,92.32,90.35,91.31,5934889,5934889
SBUX,0.35,0.004151,0.4151,84.67,84.91,83.61,84.3,84.67,84.91,83.61,84.3,6061699,6061699
SNAP,-0.5,-0.033784,-3.3784,14.3,14.64,13.68,14.58,14.3,14.64,13.68,14.58,58435966,58435966
FIZZ,0.69,0.014948,1.4948,46.85,48.52,46.21,46.41,46.85,48.52,46.21,46.41,620595,620595
