symbol,change,changeOverTime,changePercent,close,high,low,open,uClose,uHigh,uLow,uOpen,uVolume,volume
NFLX,-8.57,-0.024357,-2.4357,343.28,349.34,342.92,347.22,343.28,349.34,342.92,347.22,5023449,5023449
DECK,0.37,0.002439,0.2439,152.1,152.63,149.1,150.02,152.1,152.63,149.1,150.02,481986,481986
AAPL,-3.23,-0.018116,-1.8116,175.07,177.99,174.99,176.23,175.07,177.99,174.99,176.23,27043584,27043584
FB,-5.54,-0.030272,-3.0272,177.47,180.54,177.16,180.28,177.47,180.54,177.16,180.28,15226536,15226536
DEO,-1.29,-0.007617,-0.7617,168.06,168.29,166.75,167.34,168.06,168.29,166.75,167.34,229852,229852
LRLCF,-3.69,-0.01367,-1.367,266.25,267.5,266.25,267.3,266.25,267.5,266.25,267.3,184,184
TIF,-0.94,-0.010439,-1.0439,89.11,89.33,86.38,88.54,89.11,89.33,86.38,88.54,3110682,3110682
DIS,-0.16,-0.00121,-0.121,132.04,132.93,130.78,130.96,132.04,132.93,130.78,130.96,7420899,7420899
LB,-0.43,-0.018785,-1.8785,22.46,22.58,22.02,22.45,22.46,22.58,22.02,22.45,5110832,5110832
TGT,0.06,0.000746,0.0746,80.45,80.59,79.41,79.79,80.45,80.59,79.41,79.79,4137102,4137102
UAA,-0.15,-0.006536,-0.6536,22.8,23.07,22.61,22.62,22.8,23.07,22.61,22.62,3548854,3548854
EL,-4.58,-0.027655,-2.7655,161.03,164.99,160.93,164.99,161.03,164.99,160.93,164.99,1401079,1401079
LVMHF,-4.4,-0.011579,-1.1579,375.6,378.06,371.8,373.6,375.6,378.06,371.8,373.6,304,304
LULU,1.74,0.010619,1.0619,165.59,165.63,160.88,161.05,165.59,165.63,160.88,161.05,1663712,1663712
ADDYY,-1.32,-0.009189,-0.9189,142.87,143.39,141.86,142.92,142.87,143.39,141.86,142.92,20205,20205
GOOS,-1.79,-0.050508,-5.0508,33.65,36.34,33.01,35.42,33.65,36.34,33.01,35.42,6369427,6369427
ETSY,-0.64,-0.010167,-1.0167,62.31,63.02,60.69,61.61,62.31,63.02,60.69,61.61,1557848,1557848
ULTA,4.92,0.014979,1.4979,333.38,335.13,304.04,315.33,333.38,335.13,304.04,315.33,3198001,3198001
NKE,-2.12,-0.026747,-2.6747,77.14,78.26,77.07,78.0,77.14,78.26,77.07,78.0,8891080,8891080
SBUX,-0.11,-0.001444,-0.1444,76.06,76.32,75.38,75.6,76.06,76.32,75.38,75.6,7625694,7625694
SNAP,-0.1,-0.00834,-0.834,11.89,12.1,11.76,11.99,11.89,12.1,11.76,11.99,29254279,29254279
FIZZ,-0.61,-0.01333,-1.333,45.15,46.24,44.6,45.07,45.15,46.24,44.6,45.07,336657,336657
