symbol,change,changeOverTime,changePercent,close,high,low,open,uClose,uHigh,uLow,uOpen,uVolume,volume
NFLX,-3.55,-0.0097,-0.97,362.44,366.5,361.75,366.25,362.44,366.5,361.75,366.25,13639536,13639536
DECK,-1.26,-0.007143,-0.7143,175.14,176.57,172.01,176.57,175.14,176.57,172.01,176.57,348964,348964
AAPL,-1.15,-0.005623,-0.5623,203.35,205.09,203.27,204.05,203.35,205.09,203.27,204.05,14107450,14107450
FB,-2.04,-0.010008,-1.0008,201.8,204.36,201.59,204.18,201.8,204.36,201.59,204.18,12083714,12083714
DEO,0.71,0.004173,0.4173,170.87,171.61,170.61,171.38,170.87,171.61,170.61,171.38,266583,266583
LRLCF,0.1631,0.000575,0.0575,283.9,286.13,282.5,282.5,283.9,286.13,282.5,282.5,1051,1051
TIF,-0.74,-0.00787,-0.787,93.29,94.63,93.01,94.05,93.29,94.63,93.01,94.05,908328,908328
DIS,-1.73,-0.011989,-1.1989,142.57,144.68,142.37,144.6,142.57,144.68,142.37,144.6,5296353,5296353
LB,-0.02,-0.000757,-0.0757,26.39,26.52,25.92,26.42,26.39,26.52,25.92,26.42,6144830,6144830
TGT,-0.45,-0.005096,-0.5096,87.86,88.12,87.21,88.05,87.86,88.12,87.21,88.05,3671093,3671093
UAA,-0.43,-0.015716,-1.5716,26.93,27.41,26.82,27.36,26.93,27.41,26.82,27.36,2940885,2940885
EL,0.62,0.003279,0.3279,189.73,191.14,188.83,188.92,189.73,191.14,188.83,188.92,1013189,1013189
LVMHF,-1.98,-0.004598,-0.4598,428.63,434.4,428.63,433.0,428.63,434.4,428.63,433.0,212,212
LULU,0.2,0.001052,0.1052,190.38,190.96,188.99,190.33,190.38,190.96,188.99,190.33,959653,959653
ADDYY,-0.38,-0.002408,-0.2408,157.42,158.6,157.25,157.75,157.42,158.6,157.25,157.75,30946,30946
GOOS,-0.66,-0.014959,-1.4959,43.46,44.37,43.44,44.09,43.46,44.37,43.44,44.09,807028,807028
ETSY,-0.79,-0.012303,-1.2303,63.42,64.7,63.34,64.36,63.42,64.7,63.34,64.36,1628964,1628964
ULTA,5.85,0.016226,1.6226,366.39,368.83,361.52,361.52,366.39,368.83,361.52,361.52,713716,713716
NKE,-1.1,-0.012415,-1.2415,87.5,88.69,87.44,88.42,87.5,88.69,87.44,88.42,4461701,4461701
SBUX,0.17,0.001887,0.1887,90.25,90.38,89.73,90.08,90.25,90.38,89.73,90.08,4636215,4636215
SNAP,-0.07,-0.004667,-0.4667,14.93,15.14,14.56,14.9,14.93,15.14,14.56,14.9,13471276,13471276
FIZZ,-0.32,-0.007491,-0.7491,42.4,42.93,42.12,42.93,42.4,42.93,42.12,42.93,243112,243112
