symbol,change,changeOverTime,changePercent,close,high,low,open,uClose,uHigh,uLow,uOpen,uVolume,volume
NFLX,4.47,0.012723,1.2723,355.81,360.0,352.9,353.2,355.81,360.0,352.9,353.2,9046623,9046623
DECK,-0.18,-0.00129,-0.129,139.35,141.48,138.89,140.35,139.35,141.48,138.89,140.35,571439,571439
AAPL,2.93,0.017109,1.7109,174.18,175.08,172.35,172.86,174.18,175.08,172.35,172.86,36101628,36101628
FB,1.91,0.011285,1.1285,171.16,171.98,168.69,169.15,171.16,171.98,168.69,169.15,22556985,22556985
DEO,0.08,0.000523,0.0523,152.97,153.64,152.65,153.56,152.97,153.64,152.65,153.56,594014,594014
LRLCF,7.25,0.030284,3.0284,246.65,249.35,246.65,249.35,246.65,249.35,246.65,249.35,428,428
TIF,1.25,0.014143,1.4143,89.63,90.35,88.38,88.78,89.63,90.35,88.38,88.78,1487478,1487478
DIS,0.86,0.007692,0.7692,112.66,112.74,111.45,112.02,112.66,112.74,111.45,112.02,13619793,13619793
LB,0.02,0.00074,0.074,27.06,27.36,26.52,27.18,27.06,27.36,26.52,27.18,3589430,3589430
TGT,0.33,0.004555,0.4555,72.77,73.05,72.25,72.71,72.77,73.05,72.25,72.71,3526297,3526297
UAA,0.2,0.009662,0.9662,20.9,21.14,20.82,20.95,20.9,21.14,20.82,20.95,5130865,5130865
EL,15.85,0.116399,11.6399,152.02,157.01,148.42,149.0,152.02,157.01,148.42,149.0,10521345,10521345
LVMHF,6.32,0.019457,1.9457,331.14,333.21,329.0,329.0,331.14,333.21,329.0,329.0,161,161
LULU,0.25,0.001705,0.1705,146.89,151.57,146.68,147.55,146.89,151.57,146.68,147.55,2138490,2138490
ADDYY,2.99,0.026491,2.6491,115.67,115.83,115.1,115.56,115.67,115.83,115.1,115.56,79177,79177
GOOS,1.49,0.028161,2.8161,54.4,54.88,53.28,53.89,54.4,54.88,53.28,53.89,2064640,2064640
ETSY,0.7,0.012788,1.2788,55.44,60.58,54.86,55.19,55.44,60.58,54.86,55.19,10011204,10011204
ULTA,5.0,0.017299,1.7299,294.04,296.56,288.68,290.5,294.04,296.56,288.68,290.5,998875,998875
NKE,0.87,0.010611,1.0611,82.86,83.19,81.93,81.98,82.86,83.19,81.93,81.98,6545577,6545577
SBUX,1.76,0.026043,2.6043,69.34,69.41,67.64,67.76,69.34,69.41,67.64,67.76,12781643,12781643
SNAP,0.11,0.015873,1.5873,7.04,7.05,6.8,7.02,7.04,7.05,6.8,7.02,58790957,58790957
FIZZ,-8.58,-0.102009,-10.2009,75.53,83.57,74.78,83.05,75.53,83.57,74.78,83.05,1002834,1002834
