symbol,change,changeOverTime,changePercent,close,high,low,open,uClose,uHigh,uLow,uOpen,uVolume,volume
NFLX,0,0,0,364.9,370.88,343.68,355.0,359.7,369.36,351.04,348.0,8252711,8014705
DECK,0,0,0,158.75,165.49,159.45,159.83,156.01,165.3,155.31,163.14,784605,811717
AAPL,0,0,0,181.91,180.65,175.15,181.53,182.48,185.63,174.67,180.66,31473299,32161806
FB,0,0,0,168.0,173.32,162.83,171.74,168.0,169.49,167.13,167.8,47663951,47223747
DEO,0,0,0,175.21,172.9,173.89,169.76,173.56,174.4,175.0,173.09,289382,286089
TIF,0,0,0,93.34,100.07,94.6,97.07,96.87,100.35,91.51,95.58,5764078,5654445
DIS,0,0,0,136.98,139.71,134.72,136.69,135.51,139.36,134.89,139.99,8464749,8330150
LB,0,0,0,24.18,24.61,24.0,23.1,24.39,24.26,24.0,23.4,4459349,4412010
TGT,0,0,0,89.4,88.07,84.09,84.86,88.06,86.6,87.25,86.62,8137415,8235420
LRLCY,0,0,0,55.14,56.8,55.46,54.8,55.86,55.9,55.69,56.6,56997,58159
UAA,0,0,0,24.9,25.94,24.81,24.77,25.0,25.13,23.94,24.0,6552881,6554807
EL,0,0,0,173.83,175.65,171.88,168.9,174.75,175.02,169.46,168.93,1620328,1592951
LULU,0,0,0,177.0,174.51,167.51,167.7,172.0,171.76,165.2,173.2,1275934,1331598
ADDYY,0,0,0,151.13,150.43,148.2,149.12,151.72,151.58,145.82,147.92,19562,19716
LVMUY,0,0,0,78.0,78.63,80.12,78.06,77.0,80.91,77.35,77.14,67099,64904
GOOS,0,0,0,34.76,36.14,34.06,36.03,34.79,36.5,34.33,34.63,3006054,2985498
ETSY,0,0,0,62.14,63.56,61.83,64.33,62.22,62.79,61.29,64.05,2349488,2394297
ULTA,0,0,0,342.34,344.67,346.6,336.7,347.87,341.7,348.0,340.8,794659,794506
NKE,0,0,0,83.58,83.29,80.36,83.1,84.71,84.86,79.04,80.4,7667814,7749184
SBUX,0,0,0,81.55,79.62,79.01,76.81,80.17,82.52,79.69,79.11,11999609,12172196
SNAP,0,0,0,13.44,13.56,12.15,11.87,13.25,13.46,12.41,12.44,55103185,55122802
FIZZ,0,0,0,51.62,51.99,48.18,49.85,51.39,51.53,48.06,48.9,592290,604274
