symbol,change,changeOverTime,changePercent,close,high,low,open,uClose,uHigh,uLow,uOpen,uVolume,volume
NFLX,5.97,0.015749,1.5749,385.03,385.03,378.27,381.53,385.03,385.03,378.27,381.53,5130301,5130301
DECK,0.68,0.004298,0.4298,158.9,159.75,156.77,158.41,158.9,159.75,156.77,158.41,445460,445460
AAPL,2.6,0.012431,1.2431,211.75,211.84,210.23,210.89,211.75,211.84,210.23,210.89,20892378,20892378
FB,2.94,0.01527,1.527,195.47,196.16,193.71,194.38,195.47,196.16,193.71,194.38,14575434,14575434
DEO,2.14,0.012862,1.2862,168.52,169.06,167.64,167.96,168.52,169.06,167.64,167.96,277068,277068
LRLCF,5.15,0.019314,1.9314,271.8,271.8,270.19,270.19,271.8,271.8,270.19,270.19,88,88
TIF,1.65,0.015292,1.5292,109.55,109.75,108.1,108.1,109.55,109.75,108.1,108.1,1204231,1204231
DIS,0.19,0.001416,0.1416,134.33,135.31,133.78,135.22,134.33,135.31,133.78,135.22,8874413,8874413
LB,0.45,0.017668,1.7668,25.92,26.21,25.54,25.76,25.92,26.21,25.54,25.76,3231112,3231112
TGT,-0.48,-0.006281,-0.6281,75.94,77.0,75.32,75.97,75.94,77.0,75.32,75.97,5774738,5774738
UAA,-0.08,-0.003506,-0.3506,22.74,23.01,22.31,22.82,22.74,23.01,22.31,22.82,6157854,6157854
EL,4.18,0.024552,2.4552,174.43,174.63,169.75,171.03,174.43,174.63,169.75,171.03,1314364,1314364
LVMHF,4.65,0.011822,1.1822,398.0,398.93,393.15,393.15,398.0,398.93,393.15,393.15,309,309
LULU,2.09,0.011838,1.1838,178.64,178.98,176.01,176.84,178.64,178.98,176.01,176.84,1036577,1036577
ADDYY,11.76,0.092019,9.2019,139.56,139.78,136.2,137.54,139.56,139.78,136.2,137.54,30880,30880
GOOS,0.85,0.015782,1.5782,54.71,54.86,53.62,54.16,54.71,54.86,53.62,54.16,1175884,1175884
ETSY,1.58,0.023211,2.3211,69.65,70.09,67.83,68.9,69.65,70.09,67.83,68.9,1579625,1579625
ULTA,-1.72,-0.005005,-0.5005,341.96,346.12,339.98,344.27,341.96,346.12,339.98,344.27,728586,728586
NKE,0.43,0.005043,0.5043,85.7,86.3,85.7,85.9,85.7,86.3,85.7,85.9,6798283,6798283
SBUX,0.58,0.007487,0.7487,78.05,78.4,77.34,77.59,78.05,78.4,77.34,77.59,4967928,4967928
SNAP,0.56,0.049822,4.9822,11.8,11.84,11.25,11.25,11.8,11.84,11.25,11.25,19211736,19211736
FIZZ,0.51,0.008987,0.8987,57.26,58.03,56.92,57.11,57.26,58.03,56.92,57.11,417391,417391
