symbol,change,changeOverTime,changePercent,close,high,low,open,uClose,uHigh,uLow,uOpen,uVolume,volume
NFLX,-4.82,268.294549,-1.3557,361.71,373.22,366.6,366.19,356.97,382.4,362.2,372.63,18062633,18831298
DECK,1.46,108.854166,0.9537,155.8,155.8,155.05,156.37,154.39,157.2,156.85,156.43,465351,467782
AAPL,4.06,201.374495,1.9618,205.17,204.83,201.79,202.53,207.21,206.71,208.1,208.15,29886652,29391007
FB,-0.09,3.709923,-0.0504,181.31,187.15,182.91,185.1,184.18,183.09,183.6,183.9,10119936,10255232
DEO,-0.3,3.061617,-0.1885,164.11,167.52,167.18,164.37,162.78,167.53,167.41,163.2,249932,249603
TIF,-1.06,3.373714,-0.9932,108.71,112.14,107.6,112.16,106.24,109.28,109.5,110.01,1306060,1326686
DIS,1.9,7.022291,1.4648,134.8,138.76,135.28,132.91,138.3,132.58,134.18,134.32,14670162,14409983
LB,0.0,1.05205,0.0,26.33,26.75,26.83,26.75,25.91,26.95,26.73,26.63,3964877,3966139
TGT,0.74,1.90463,0.9059,84.62,86.9,83.6,85.8,83.2,85.6,83.6,84.7,3078382,3183810
LRLCY,0.0,2.718626,0.0,57.5,56.67,55.98,56.26,57.3,57.55,55.36,54.51,68697,70777
UAA,0.14,2.582472,0.608,22.55,22.27,22.45,22.76,22.91,22.28,22.77,22.36,2475131,2437310
EL,-0.32,10.836247,-0.1855,176.64,176.6,170.76,174.28,173.68,178.7,169.6,178.47,1446061,1485609
LULU,2.0,11.547388,1.1665,175.9,174.49,168.21,173.75,178.64,176.32,168.84,170.03,1683073,1721902
ADDYY,0.3,5.83438,0.2355,132.6,134.67,135.74,131.76,130.7,131.14,134.26,134.9,35718,36263
LVMUY,1.5,6.82301,1.8714,82.27,80.79,78.89,79.8,81.93,80.77,79.08,80.4,102533,101420
GOOS,2.6,2.379185,4.9876,52.92,54.56,50.7,51.1,53.61,55.25,51.5,52.7,3492356,3455908
ETSY,-2.1,1.197617,-3.0914,66.87,68.6,67.04,68.29,65.81,68.12,66.38,69.24,1624405,1614752
ULTA,-0.77,10.979007,-0.2137,368.01,362.12,362.15,367.6,366.22,373.24,356.46,363.22,526671,530959
NKE,0.95,13.18918,1.0987,92.28,91.46,88.91,91.3,90.54,89.1,90.69,88.9,5906765,5784669
SBUX,-0.58,10.86756,-0.7907,75.69,78.95,75.6,75.79,76.77,79.32,78.0,79.19,9699008,9622662
SNAP,0.06,-0.52213,0.518,11.85,12.29,11.61,12.0,12.08,12.38,11.66,11.77,15340787,15214024
FIZZ,0.43,8.50367,0.809,55.94,56.08,54.6,53.9,56.17,54.99,55.04,54.4,277790,273183
