symbol,change,changeOverTime,changePercent,close,high,low,open,uClose,uHigh,uLow,uOpen,uVolume,volume
NFLX,3.3,0.009131,0.9131,364.71,366.74,359.0,360.54,364.71,366.74,359.0,360.54,5439228,5439228
DECK,0.82,0.005654,0.5654,145.85,146.13,143.62,144.28,145.85,146.13,143.62,144.28,454992,454992
AAPL,-0.6,-0.002999,-0.2999,199.5,202.85,199.23,200.32,199.5,202.85,199.23,200.32,35768237,35768237
FB,2.65,0.015149,1.5149,177.58,179.19,175.55,175.62,177.58,179.19,175.55,175.62,19751031,19751031
DEO,-0.17,-0.001042,-0.1042,163.0,163.26,162.56,162.59,163.0,163.26,162.56,162.59,207493,207493
LRLCF,0.6,0.002204,0.2204,272.8,272.8,268.76,268.76,272.8,272.8,268.76,268.76,220,220
TIF,-0.9,-0.008441,-0.8441,105.72,106.24,105.14,106.22,105.72,106.24,105.14,106.22,1068830,1068830
DIS,1.9,0.016527,1.6527,116.86,117.16,115.28,115.61,116.86,117.16,115.28,115.61,17340289,17340289
LB,-0.48,-0.017467,-1.7467,27.0,27.55,26.95,27.42,27.0,27.55,26.95,27.42,3095050,3095050
TGT,-1.27,-0.015501,-1.5501,80.66,81.38,80.37,81.18,80.66,81.38,80.37,81.18,4863755,4863755
UAA,-1.02,-0.046918,-4.6918,20.72,21.65,20.56,21.62,20.72,21.65,20.56,21.62,6759869,6759869
EL,-0.97,-0.005885,-0.5885,163.85,164.77,163.28,164.4,163.85,164.77,163.28,164.4,1062505,1062505
LVMHF,-1.12,-0.003008,-0.3008,372.88,372.88,368.0,369.75,372.88,372.88,368.0,369.75,1230,1230
LULU,-2.25,-0.013253,-1.3253,167.52,169.8,165.53,169.41,167.52,169.8,165.53,169.41,2475626,2475626
ADDYY,0.0,0.0,0.0,126.4,127.29,126.3,126.79,126.4,127.29,126.3,126.79,53194,53194
GOOS,1.59,0.033481,3.3481,49.08,49.27,47.26,47.51,49.08,49.27,47.26,47.51,1191838,1191838
ETSY,-0.96,-0.014191,-1.4191,66.69,68.2,66.6,67.41,66.69,68.2,66.6,67.41,1248683,1248683
ULTA,-6.27,-0.017688,-1.7688,348.2,355.28,347.3,352.36,348.2,355.28,347.3,352.36,551709,551709
NKE,-0.45,-0.005311,-0.5311,84.28,84.6,83.97,84.22,84.28,84.6,83.97,84.22,3804527,3804527
SBUX,-0.08,-0.001064,-0.1064,75.12,75.23,74.8,74.87,75.12,75.23,74.8,74.87,4905834,4905834
SNAP,0.08,0.00652,0.652,12.35,12.47,12.06,12.16,12.35,12.47,12.06,12.16,26261311,26261311
FIZZ,-2.19,-0.037817,-3.7817,55.72,58.1,55.4,57.56,55.72,58.1,55.4,57.56,427110,427110
