symbol,change,changeOverTime,changePercent,close,high,low,open,uClose,uHigh,uLow,uOpen,uVolume,volume
NFLX,2.61,0.008952,0.8952,294.18,296.36,288.5,289.16,294.18,296.36,288.5,289.16,3945885,3945885
DECK,1.06,0.006487,0.6487,164.47,165.25,161.96,162.92,164.47,165.25,161.96,162.92,340993,340993
AAPL,2.06,0.007919,0.7919,262.2,262.47,258.28,258.3,262.2,262.47,258.28,258.3,20507459,20507459
FB,-1.23,-0.006445,-0.6445,189.61,190.08,188.54,189.93,189.61,190.08,188.54,189.93,8637768,8637768
DEO,0.75,0.004716,0.4716,159.79,160.32,159.19,159.39,159.79,160.32,159.19,159.39,214274,214274
LRLCF,2.0,0.006963,0.6963,289.25,292.05,289.25,292.05,289.25,292.05,289.25,292.05,58,58
TIF,-0.1,-0.000796,-0.0796,125.57,126.16,124.64,125.14,125.57,126.16,124.64,125.14,1660087,1660087
DIS,-1.22,-0.008843,-0.8843,136.74,138.56,136.21,137.5,136.74,138.56,136.21,137.5,10144903,10144903
LB,-0.24,-0.013521,-1.3521,17.51,17.69,17.22,17.34,17.51,17.69,17.22,17.34,4681058,4681058
TGT,0.3,0.002724,0.2724,110.45,110.86,109.76,110.63,110.45,110.86,109.76,110.63,3082945,3082945
UAA,0.01,0.000569,0.0569,17.57,17.61,17.27,17.45,17.57,17.61,17.27,17.45,3648812,3648812
EL,-0.01,-5.3e-05,-0.0053,187.26,188.0,186.08,187.35,187.26,188.0,186.08,187.35,809882,809882
LVMHF,2.04,0.004577,0.4577,447.74,447.78,443.0,444.05,447.74,447.78,443.0,444.05,1083,1083
LULU,3.06,0.01499,1.499,207.19,207.19,202.69,203.25,207.19,207.19,202.69,203.25,1262687,1262687
ADDYY,-1.25,-0.008302,-0.8302,149.32,149.53,148.98,149.0,149.32,149.53,148.98,149.0,19155,19155
GOOS,1.52,0.040393,4.0393,39.15,39.19,37.14,37.61,39.15,39.19,37.14,37.61,2750047,2750047
ETSY,-1.16,-0.027626,-2.7626,40.83,42.08,40.78,41.77,40.83,42.08,40.78,41.77,4379943,4379943
ULTA,2.67,0.011158,1.1158,241.96,243.68,238.78,238.78,241.96,243.68,238.78,238.78,611967,611967
NKE,0.24,0.002672,0.2672,90.05,90.1,89.37,89.37,90.05,90.1,89.37,89.37,3247447,3247447
SBUX,0.66,0.008071,0.8071,82.43,82.53,81.37,81.75,82.43,82.53,81.37,81.75,5832575,5832575
SNAP,0.2,0.014094,1.4094,14.39,14.41,13.96,14.13,14.39,14.41,13.96,14.13,13129984,13129984
FIZZ,-0.92,-0.022423,-2.2423,40.11,40.85,39.39,40.77,40.11,40.85,39.39,40.77,777428,777428
