symbol,change,changeOverTime,changePercent,close,high,low,open,uClose,uHigh,uLow,uOpen,uVolume,volume
NFLX,0,0,0,335.66,336.3,328.88,334.7,335.66,336.3,328.88,334.7,8652082,8652082
DECK,0,0,0,125.99,127.45,123.72,123.72,125.99,127.45,123.72,123.72,542524,542524
AAPL,0,0,0,156.3,156.33,153.66,155.79,156.3,156.33,153.66,155.79,26192058,26192058
FB,0,0,0,147.47,148.96,146.21,148.05,147.47,148.96,146.21,148.05,15508483,15508483
DEO,0,0,0,142.85,142.86,141.82,142.23,142.85,142.86,141.82,142.23,192503,192503
LRLCF,0,0,0,228.15,228.82,228.15,228.82,228.15,228.82,228.15,228.82,37,37
TIF,0,0,0,88.19,88.45,87.46,88.26,88.19,88.45,87.46,88.26,1220619,1220619
DIS,0,0,0,110.81,110.99,109.95,110.76,110.81,110.99,109.95,110.76,6178777,6178777
LB,0,0,0,28.08,28.31,27.34,27.52,28.08,28.31,27.34,27.52,4326621,4326621
TGT,0,0,0,72.12,72.22,71.21,72.02,72.12,72.22,71.21,72.02,3511148,3511148
UAA,0,0,0,21.34,21.52,21.05,21.25,21.34,21.52,21.05,21.25,3727206,3727206
EL,0,0,0,131.98,132.14,126.75,127.52,131.98,132.14,126.75,127.52,3275293,3275293
LVMHF,0,0,0,294.1,296.46,294.1,296.3,294.1,296.46,294.1,296.3,375,375
LULU,0,0,0,149.7,150.77,148.62,150.34,149.7,150.77,148.62,150.34,1416965,1416965
ADDYY,0,0,0,116.31,116.46,115.74,115.91,116.31,116.46,115.74,115.91,53544,53544
GOOS,0,0,0,49.99,50.48,47.6,48.08,49.99,50.48,47.6,48.08,2023539,2023539
ETSY,0,0,0,54.92,54.96,53.26,54.3,54.92,54.96,53.26,54.3,1255378,1255378
ULTA,0,0,0,290.28,291.5,286.33,291.0,290.28,291.5,286.33,291.0,554787,554787
NKE,0,0,0,80.32,80.51,79.74,79.8,80.32,80.51,79.74,79.8,5451971,5451971
SBUX,0,0,0,66.9,66.96,65.91,66.19,66.9,66.96,65.91,66.19,11537730,11537730
SNAP,0,0,0,6.34,6.4,6.2,6.27,6.34,6.4,6.2,6.27,12143089,12143089
FIZZ,0,0,0,82.95,83.69,81.78,81.86,82.95,83.69,81.78,81.86,216250,216250
