symbol,change,changeOverTime,changePercent,close,high,low,open,uClose,uHigh,uLow,uOpen,uVolume,volume
NFLX,7.54,0.025557,2.5557,302.57,304.99,293.28,296.0,302.57,304.99,293.28,296.0,8621566,8621566
DECK,-0.49,-0.002927,-0.2927,166.92,168.51,165.53,168.1,166.92,168.51,165.53,168.1,333316,333316
AAPL,1.34,0.005042,0.5042,267.1,267.43,264.23,265.8,267.1,267.43,264.23,265.8,21700897,21700897
FB,2.3,0.011789,1.1789,197.4,198.63,193.05,194.56,197.4,198.63,193.05,194.56,16176107,16176107
DEO,0.4,0.002498,0.2498,160.53,161.31,160.3,160.76,160.53,161.31,160.3,160.76,203113,203113
LRLCF,2.0,0.00698,0.698,288.55,291.55,286.9,290.1,288.55,291.55,286.9,290.1,351,351
TIF,-0.5,-0.003997,-0.3997,124.58,124.72,123.51,124.68,124.58,124.72,123.51,124.68,1187522,1187522
DIS,2.98,0.020599,2.0599,147.65,149.04,143.69,144.75,147.65,149.04,143.69,144.75,15356968,15356968
LB,-0.2,-0.011068,-1.1068,17.87,18.15,17.75,18.01,17.87,18.15,17.75,18.01,5724593,5724593
TGT,-1.25,-0.011041,-1.1041,111.96,114.26,111.86,113.83,111.96,114.26,111.86,113.83,6910721,6910721
UAA,-0.46,-0.025857,-2.5857,17.33,17.86,17.31,17.8,17.33,17.86,17.31,17.8,4208147,4208147
EL,1.9,0.009948,0.9948,192.89,193.44,191.01,191.17,192.89,193.44,191.01,191.17,1678938,1678938
LVMHF,-2.42,-0.005392,-0.5392,445.68,445.86,443.0,445.11,445.68,445.86,443.0,445.11,2265,2265
LULU,2.55,0.01181,1.181,218.46,219.08,213.91,214.5,218.46,219.08,213.91,214.5,2023672,2023672
ADDYY,2.24,0.015139,1.5139,150.2,150.32,149.1,149.61,150.2,150.32,149.1,149.61,35679,35679
GOOS,-0.46,-0.012896,-1.2896,35.21,35.79,35.01,35.59,35.21,35.79,35.01,35.59,1897735,1897735
ETSY,-0.01,-0.000238,-0.0238,41.99,42.65,41.88,42.06,41.99,42.65,41.88,42.06,2949383,2949383
ULTA,-1.97,-0.007998,-0.7998,244.33,245.99,242.76,245.47,244.33,245.99,242.76,245.47,810438,810438
NKE,1.14,0.012253,1.2253,94.18,94.26,92.91,93.5,94.18,94.26,92.91,93.5,6165745,6165745
SBUX,-0.19,-0.002256,-0.2256,84.02,84.11,83.25,83.92,84.02,84.11,83.25,83.92,6433068,6433068
SNAP,0.75,0.053802,5.3802,14.69,14.74,14.04,14.08,14.69,14.74,14.04,14.08,33326636,33326636
FIZZ,-0.12,-0.002765,-0.2765,43.28,44.04,42.66,42.95,43.28,44.04,42.66,42.95,397860,397860
