symbol,change,changeOverTime,changePercent,close,high,low,open,uClose,uHigh,uLow,uOpen,uVolume,volume
NFLX,1.8,0.005123,0.5123,353.19,355.79,346.41,349.5,353.19,355.79,346.41,349.5,18871195,18871195
DECK,2.71,0.023594,2.3594,117.57,118.65,114.06,114.82,117.57,118.65,114.06,114.82,596152,596152
AAPL,0.92,0.005938,0.5938,155.86,157.66,153.26,154.2,155.86,157.66,153.26,154.2,29821160,29821160
FB,0.76,0.005151,0.5151,148.3,149.0,146.5,146.95,148.3,149.0,146.5,146.95,15787914,15787914
DEO,1.84,0.013115,1.3115,142.14,142.28,140.28,140.35,142.14,142.28,140.28,140.35,429337,429337
LRLCF,-1.44,-0.006397,-0.6397,224.22,224.22,223.75,223.75,224.22,224.22,223.75,223.75,285,285
TIF,1.25,0.014879,1.4879,85.26,85.46,81.32,81.95,85.26,85.46,81.32,81.95,2556620,2556620
DIS,0.1,0.000902,0.0902,111.01,111.26,110.16,110.72,111.01,111.26,110.16,110.72,6392033,6392033
LB,0.3,0.011236,1.1236,27.0,27.25,26.65,26.65,27.0,27.25,26.65,26.65,2955414,2955414
TGT,1.52,0.022402,2.2402,69.37,69.66,67.17,67.51,69.37,69.66,67.17,67.51,4133247,4133247
UAA,0.42,0.021418,2.1418,20.03,20.1,19.4,19.53,20.03,20.1,19.4,19.53,3596582,3596582
EL,0.26,0.002077,0.2077,125.43,126.67,124.84,125.02,125.43,126.67,124.84,125.02,1477703,1477703
LVMHF,-3.69,-0.012961,-1.2961,281.0,284.08,279.0,280.9,281.0,284.08,279.0,280.9,1100,1100
LULU,2.9,0.020388,2.0388,145.14,146.04,141.73,141.73,145.14,146.04,141.73,141.73,3012146,3012146
ADDYY,1.3,0.011458,1.1458,114.32,114.62,113.09,113.09,114.32,114.62,113.09,113.09,49127,49127
GOOS,2.11,0.044393,4.4393,49.64,50.02,46.89,47.48,49.64,50.02,46.89,47.48,1798587,1798587
ETSY,0.06,0.0011,0.11,54.59,55.08,53.56,53.71,54.59,55.08,53.56,53.71,1543825,1543825
ULTA,1.89,0.006702,0.6702,283.9,284.34,280.0,280.19,283.9,284.34,280.0,280.19,679678,679678
NKE,1.45,0.018666,1.8666,79.13,79.4,77.31,77.54,79.13,79.4,77.31,77.54,7737292,7737292
SBUX,0.51,0.007997,0.7997,64.28,64.39,63.6,63.68,64.28,64.39,63.6,63.68,6767335,6767335
SNAP,0.1,0.01773,1.773,5.74,5.84,5.65,5.72,5.74,5.84,5.65,5.72,27651550,27651550
FIZZ,-1.89,-0.023449,-2.3449,78.71,81.67,78.07,80.59,78.71,81.67,78.07,80.59,275225,275225
