symbol,change,changeOverTime,changePercent,close,high,low,open,uClose,uHigh,uLow,uOpen,uVolume,volume
NFLX,-7.04,-0.023577,-2.3577,291.56,296.05,287.45,294.99,291.56,296.05,287.45,294.99,7841539,7841539
DECK,-3.2,-0.022376,-2.2376,139.81,143.01,137.76,142.9,139.81,143.01,137.76,142.9,455159,455159
AAPL,2.07,0.009379,0.9379,222.77,222.85,219.44,221.06,222.77,222.85,219.44,221.06,25643093,25643093
FB,0.06,0.000319,0.0319,188.14,189.08,186.01,188.09,188.14,189.08,186.01,188.09,9945798,9945798
DEO,-0.69,-0.00421,-0.421,163.21,163.51,161.93,162.73,163.21,163.51,161.93,162.73,428704,428704
LRLCF,4.05,0.015098,1.5098,272.3,273.9,272.3,273.9,272.3,273.9,272.3,273.9,237,237
TIF,-1.84,-0.019316,-1.9316,93.42,94.1,92.01,93.4,93.42,94.1,92.01,93.4,2141044,2141044
DIS,0.49,0.003595,0.3595,136.8,137.07,135.72,136.41,136.8,137.07,135.72,136.41,6894548,6894548
LB,-0.4,-0.020661,-2.0661,18.96,19.49,18.63,19.25,18.96,19.49,18.63,19.25,4865262,4865262
TGT,-0.31,-0.00289,-0.289,106.97,107.69,106.01,107.12,106.97,107.69,106.01,107.12,2968900,2968900
UAA,-0.19,-0.009056,-0.9056,20.79,21.08,20.48,21.0,20.79,21.08,20.48,21.0,3298680,3298680
EL,0.68,0.003554,0.3554,192.02,192.25,189.82,191.45,192.02,192.25,189.82,191.45,1270661,1270661
LVMHF,-5.99,-0.01461,-1.461,404.01,404.15,401.0,403.35,404.01,404.15,401.0,403.35,184,184
LULU,-0.11,-0.000563,-0.0563,195.36,197.16,192.65,195.46,195.36,197.16,192.65,195.46,1423247,1423247
ADDYY,1.27,0.008454,0.8454,151.49,151.9,150.04,150.04,151.49,151.9,150.04,150.04,20928,20928
GOOS,-0.02,-0.000472,-0.0472,42.37,42.8,41.62,42.0,42.37,42.8,41.62,42.0,1013992,1013992
ETSY,-0.4,-0.006683,-0.6683,59.45,61.19,58.1,59.73,59.45,61.19,58.1,59.73,3887205,3887205
ULTA,-4.51,-0.019286,-1.9286,229.34,233.74,227.38,233.74,229.34,233.74,227.38,233.74,1685239,1685239
NKE,0.49,0.005594,0.5594,88.08,88.4,87.21,87.65,88.08,88.4,87.21,87.65,4745365,4745365
SBUX,0.21,0.002314,0.2314,90.96,91.36,90.06,90.98,90.96,91.36,90.06,90.98,4559657,4559657
SNAP,0.07,0.004159,0.4159,16.9,17.04,16.38,16.63,16.9,17.04,16.38,16.63,33298350,33298350
FIZZ,0.81,0.017495,1.7495,47.11,47.25,45.95,46.33,47.11,47.25,45.95,46.33,369271,369271
