symbol,change,changeOverTime,changePercent,close,high,low,open,uClose,uHigh,uLow,uOpen,uVolume,volume
NFLX,4.17,0.014371,1.4371,294.34,301.55,290.6,294.81,294.34,301.55,290.6,294.81,8232744,8232744
DECK,2.31,0.015119,1.5119,155.1,155.81,153.06,153.5,155.1,155.81,153.06,153.5,519323,519323
AAPL,0.91,0.004267,0.4267,214.17,216.44,211.07,214.84,214.17,216.44,211.07,214.84,27309401,27309401
FB,1.27,0.006774,0.6774,188.76,188.98,185.85,187.73,188.76,188.98,185.85,187.73,14722402,14722402
DEO,-2.8,-0.016477,-1.6477,167.13,167.31,165.94,167.1,167.13,167.31,165.94,167.1,271794,271794
LRLCF,-5.1,-0.018273,-1.8273,274.0,278.63,274.0,274.85,274.0,278.63,274.0,274.85,124,124
TIF,3.06,0.034686,3.4686,91.28,91.63,88.0,88.18,91.28,91.63,88.0,88.18,2462295,2462295
DIS,-0.72,-0.005159,-0.5159,138.83,140.08,138.48,139.58,138.83,140.08,138.48,139.58,5458689,5458689
LB,1.16,0.06942,6.942,17.87,18.0,16.64,16.64,17.87,18.0,16.64,16.64,7661613,7661613
TGT,-1.9,-0.017296,-1.7296,107.95,110.27,107.52,109.6,107.95,110.27,107.52,109.6,5005905,5005905
UAA,0.66,0.033742,3.3742,20.22,20.32,19.51,19.55,20.22,20.32,19.51,19.55,5252966,5252966
EL,-1.63,-0.007873,-0.7873,205.4,207.16,204.44,207.0,205.4,207.16,204.44,207.0,1822992,1822992
LVMHF,-0.27,-0.000647,-0.0647,417.23,419.8,417.23,418.43,417.23,419.8,417.23,418.43,1326,1326
LULU,-8.75,-0.043074,-4.3074,194.39,203.76,194.06,203.51,194.39,203.76,194.06,203.51,3878614,3878614
ADDYY,-0.374,-0.002431,-0.2431,153.46,153.79,152.99,153.79,153.46,153.79,152.99,153.79,28887,28887
GOOS,0.62,0.015617,1.5617,40.32,40.62,39.59,40.03,40.32,40.62,39.59,40.03,847290,847290
ETSY,2.52,0.052522,5.2522,50.5,50.55,48.92,49.6,50.5,50.55,48.92,49.6,5493072,5493072
ULTA,-6.94,-0.029773,-2.9773,226.16,234.17,226.03,233.74,226.16,234.17,226.03,233.74,2181315,2181315
NKE,-0.02,-0.000226,-0.0226,88.67,89.35,88.42,88.94,88.67,89.35,88.42,88.94,4282442,4282442
SBUX,-1.58,-0.016503,-1.6503,94.16,95.93,93.74,95.8,94.16,95.93,93.74,95.8,6523299,6523299
SNAP,-1.31,-0.078821,-7.8821,15.31,16.63,15.16,16.35,15.31,16.63,15.16,16.35,49568131,49568131
FIZZ,3.65,0.089769,8.9769,44.31,44.52,40.38,40.86,44.31,44.52,40.38,40.86,555988,555988
