symbol,change,changeOverTime,changePercent,close,high,low,open,uClose,uHigh,uLow,uOpen,uVolume,volume
NFLX,-1.18,-0.003947,-0.3947,297.81,302.88,296.2,301.61,297.81,302.88,296.2,301.61,5689746,5689746
DECK,2.81,0.020447,2.0447,140.24,140.69,138.02,138.99,140.24,140.69,138.02,138.99,328085,328085
AAPL,2.28,0.010839,1.0839,212.64,213.65,211.6,212.99,212.64,213.65,211.6,212.99,21564747,21564747
FB,-0.26,-0.001415,-0.1415,183.55,185.9,183.14,185.0,183.55,185.9,183.14,185.0,8409548,8409548
DEO,1.33,0.007978,0.7978,168.03,169.19,167.77,169.1,168.03,169.19,167.77,169.1,607142,607142
LRLCF,8.45,0.032438,3.2438,268.95,268.95,266.5,268.65,268.95,268.95,266.5,268.65,107,107
TIF,2.27,0.027595,2.7595,84.53,84.78,82.8,83.08,84.53,84.78,82.8,83.08,2007185,2007185
DIS,0.63,0.004662,0.4662,135.76,136.06,134.05,134.61,135.76,136.06,134.05,134.61,6326629,6326629
LB,0.41,0.020582,2.0582,20.33,20.46,19.93,20.2,20.33,20.46,19.93,20.2,7974203,7974203
TGT,17.47,0.204256,20.4256,103.0,103.38,98.13,99.87,103.0,103.38,98.13,99.87,41478385,41478385
UAA,0.2,0.010782,1.0782,18.75,18.91,18.56,18.81,18.75,18.91,18.56,18.81,2801480,2801480
EL,1.52,0.007517,0.7517,203.72,205.14,201.28,204.27,203.72,205.14,201.28,204.27,2360343,2360343
LVMHF,14.57,0.036886,3.6886,409.57,411.35,395.0,411.35,409.57,411.35,395.0,411.35,323,323
LULU,3.66,0.020371,2.0371,183.33,183.53,179.91,182.0,183.33,183.53,179.91,182.0,971617,971617
ADDYY,2.23,0.015384,1.5384,147.19,147.95,146.99,147.65,147.19,147.95,146.99,147.65,43416,43416
GOOS,0.85,0.021828,2.1828,39.79,40.33,39.16,39.78,39.79,40.33,39.16,39.78,757802,757802
ETSY,1.36,0.025714,2.5714,54.25,55.14,53.13,53.54,54.25,55.14,53.13,53.54,2060795,2060795
ULTA,5.04,0.0156,1.56,328.12,331.49,326.81,327.24,328.12,331.49,326.81,327.24,521112,521112
NKE,2.21,0.027443,2.7443,82.74,82.84,81.63,81.94,82.74,82.84,81.63,81.94,6454171,6454171
SBUX,0.69,0.007215,0.7215,96.32,96.65,95.73,96.27,96.32,96.65,95.73,96.27,4740743,4740743
SNAP,0.06,0.003731,0.3731,16.14,16.34,15.97,16.3,16.14,16.34,15.97,16.3,15828526,15828526
FIZZ,-1.95,-0.045055,-4.5055,41.33,43.67,40.99,43.67,41.33,43.67,40.99,43.67,465765,465765
