symbol,change,changeOverTime,changePercent,close,high,low,open,uClose,uHigh,uLow,uOpen,uVolume,volume
NFLX,-6.6,-0.018335,-1.8335,353.37,362.47,350.37,361.0,353.37,362.47,350.37,361.0,7852370,7852370
DECK,1.12,0.007813,0.7813,144.48,145.11,142.69,143.53,144.48,145.11,142.69,143.53,336133,336133
AAPL,1.68,0.008994,0.8994,188.47,189.76,186.55,188.75,188.47,189.76,186.55,188.75,29848427,29848427
FB,-1.81,-0.010794,-1.0794,165.87,168.94,164.79,167.85,165.87,168.94,164.79,167.85,10620299,10620299
DEO,-1.71,-0.010349,-1.0349,163.52,163.8,162.48,163.32,163.52,163.8,162.48,163.32,368703,368703
LRLCF,-1.01,-0.003724,-0.3724,269.54,269.54,267.37,267.37,269.54,269.54,267.37,267.37,372,372
TIF,1.29,0.012508,1.2508,104.42,105.07,103.1,103.1,104.42,105.07,103.1,103.1,1787680,1787680
DIS,0.14,0.001271,0.1271,110.28,111.09,109.73,110.45,110.28,111.09,109.73,110.45,10794846,10794846
LB,0.53,0.018976,1.8976,28.46,28.7,27.89,27.99,28.46,28.7,27.89,27.99,6039423,6039423
TGT,0.19,0.002386,0.2386,79.82,80.64,79.55,79.68,79.82,80.64,79.55,79.68,3609368,3609368
UAA,0.12,0.00575,0.575,20.99,21.07,20.71,20.89,20.99,21.07,20.71,20.89,2442443,2442443
EL,1.09,0.006736,0.6736,162.9,163.28,161.49,161.85,162.9,163.28,161.49,161.85,1220316,1220316
LVMHF,-0.21,-0.000577,-0.0577,363.89,365.84,361.54,364.1,363.89,365.84,361.54,364.1,154,154
LULU,3.24,0.022569,2.2569,146.8,146.86,143.88,144.32,146.8,146.86,143.88,144.32,5524418,5524418
ADDYY,-0.105,-0.000869,-0.0869,120.7,121.28,120.22,121.23,120.7,121.28,120.22,121.23,26340,26340
GOOS,-0.1,-0.002174,-0.2174,45.89,46.2,43.97,45.93,45.89,46.2,43.97,45.93,2050415,2050415
ETSY,-2.23,-0.03292,-3.292,65.51,68.03,64.95,67.66,65.51,68.03,64.95,67.66,1596444,1596444
ULTA,3.15,0.009186,0.9186,346.05,348.4,343.34,343.7,346.05,348.4,343.34,343.7,724648,724648
NKE,-0.29,-0.003478,-0.3478,83.09,83.8,82.04,83.69,83.09,83.8,82.04,83.69,6485079,6485079
SBUX,-0.22,-0.003015,-0.3015,72.74,73.26,72.62,72.94,72.74,73.26,72.62,72.94,7662712,7662712
SNAP,-0.12,-0.011152,-1.1152,10.64,10.84,10.43,10.75,10.64,10.84,10.43,10.75,11232535,11232535
FIZZ,0.03,0.000514,0.0514,58.38,59.2,58.15,58.28,58.38,59.2,58.15,58.28,290210,290210
