symbol,change,changeOverTime,changePercent,close,high,low,open,uClose,uHigh,uLow,uOpen,uVolume,volume
NFLX,-4.04,-0.013862,-1.3862,287.41,291.45,284.78,291.0,287.41,291.45,284.78,291.0,5090021,5090021
DECK,1.73,0.011444,1.1444,152.9,153.26,149.93,151.66,152.9,153.26,149.93,151.66,603136,603136
AAPL,5.5,0.02261,2.261,248.76,249.17,237.26,247.24,248.76,249.17,237.26,247.24,34790520,34790520
FB,3.4,0.018061,1.8061,191.65,198.09,188.25,196.7,191.65,198.09,188.25,196.7,42286529,42286529
DEO,0.58,0.003552,0.3552,163.87,164.3,163.05,163.74,163.87,164.3,163.05,163.74,438541,438541
LRLCF,-0.26,-0.000893,-0.0893,290.9,293.7,290.5,291.65,290.9,293.7,290.5,291.65,120,120
TIF,0.62,0.005004,0.5004,124.51,124.9,122.88,123.9,124.51,124.9,122.88,123.9,3608585,3608585
DIS,0.32,0.002469,0.2469,129.92,130.15,128.75,129.53,129.92,130.15,128.75,129.53,9628296,9628296
LB,0.18,0.010676,1.0676,17.04,17.05,16.41,16.8,17.04,17.05,16.41,16.8,5134196,5134196
TGT,-1.02,-0.009451,-0.9451,106.91,107.93,105.91,107.65,106.91,107.93,105.91,107.65,6467414,6467414
UAA,-0.16,-0.007689,-0.7689,20.65,20.73,20.4,20.65,20.65,20.73,20.4,20.65,3220352,3220352
EL,-7.0,-0.036219,-3.6219,186.27,187.92,180.05,186.33,186.27,187.92,180.05,186.33,4411206,4411206
LVMHF,-1.21,-0.002817,-0.2817,428.37,429.56,426.24,429.22,428.37,429.56,426.24,429.22,264,264
LULU,-1.58,-0.007675,-0.7675,204.27,207.4,203.15,205.35,204.27,207.4,203.15,205.35,1802479,1802479
ADDYY,-0.67,-0.004322,-0.4322,154.35,155.61,154.13,155.61,154.35,155.61,154.13,155.61,21082,21082
GOOS,-0.04,-0.000955,-0.0955,41.83,42.05,40.81,41.33,41.83,42.05,40.81,41.33,1083301,1083301
ETSY,-8.31,-0.157386,-15.7386,44.49,46.63,43.55,46.38,44.49,46.63,43.55,46.38,16320147,16320147
ULTA,-7.1,-0.029553,-2.9553,233.15,240.25,229.79,239.96,233.15,240.25,229.79,239.96,2443196,2443196
NKE,-0.64,-0.007096,-0.7096,89.55,90.41,88.94,90.0,89.55,90.41,88.94,90.0,6752001,6752001
SBUX,0.37,0.004395,0.4395,84.56,87.22,83.28,86.71,84.56,87.22,83.28,86.71,14008811,14008811
SNAP,0.2,0.013459,1.3459,15.06,15.17,14.55,14.82,15.06,15.17,14.55,14.82,21633739,21633739
FIZZ,-0.03,-0.000682,-0.0682,43.96,44.32,43.15,44.22,43.96,44.32,43.15,44.22,336877,336877
