symbol,change,changeOverTime,changePercent,close,high,low,open,uClose,uHigh,uLow,uOpen,uVolume,volume
NFLX,2.03,272.019272,0.5521,369.75,373.41,366.19,369.26,369.75,373.41,366.19,369.26,5376623,5376623
DECK,0.17,101.428571,0.1187,143.4,144.07,142.18,144.07,143.4,144.07,142.18,144.07,552619,552619
AAPL,1.33,192.148112,0.6855,195.35,196.5,193.15,193.25,195.35,196.5,193.15,193.25,23271830,23271830
FB,-0.66,3.539153,-0.3789,173.54,177.96,172.95,174.5,173.54,177.96,172.95,174.5,27590058,27590058
DEO,-0.81,2.953697,-0.4942,163.09,163.43,162.25,162.65,163.09,163.43,162.25,162.65,269005,269005
TIF,0.69,3.291449,0.6497,106.9,107.5,106.03,106.9,106.9,107.5,106.03,106.9,2189917,2189917
DIS,0.56,5.576271,0.5002,112.52,113.11,112.21,112.7,112.52,113.11,112.21,112.7,10534893,10534893
LB,-0.04,1.112764,-0.148,26.98,27.63,26.87,27.26,26.98,27.63,26.87,27.26,3765545,3765545
TGT,-0.15,1.720755,-0.1888,79.31,79.86,79.19,79.74,79.31,79.86,79.19,79.74,3251874,3251874
LRLCY,0.29,2.606154,0.5446,53.91,54.03,53.54,53.65,53.91,54.03,53.54,53.65,45519,45519
UAA,0.06,2.381818,0.2813,21.39,21.67,21.32,21.46,21.39,21.67,21.32,21.46,3007809,3007809
EL,1.06,10.137627,0.6494,164.28,164.83,163.01,163.45,164.28,164.83,163.01,163.45,897224,897224
LULU,0.74,10.872143,0.4472,166.21,167.5,163.95,165.6,166.21,167.5,163.95,165.6,1865303,1865303
ADDYY,1.12,5.443846,0.9034,125.65,125.94,125.3,125.39,125.65,125.94,125.3,125.39,38563,38563
LVMUY,-0.04,6.227885,-0.0598,75.17,75.31,74.83,74.94,75.17,75.31,74.83,74.94,129949,129949
GOOS,0.67,2.02301,1.3976,48.61,49.22,47.77,48.4,48.61,49.22,47.77,48.4,1044627,1044627
ETSY,-0.27,1.315333,-0.3872,69.46,70.3,69.01,69.82,69.46,70.3,69.01,69.82,1912902,1912902
ULTA,3.23,10.754863,0.93,350.53,354.44,347.63,349.47,350.53,354.44,347.63,349.47,507664,507664
NKE,0.1,12.302362,0.1185,84.47,84.99,84.25,84.9,84.47,84.99,84.25,84.9,4080926,4080926
SBUX,0.06,10.73786,0.0808,74.33,74.78,73.87,74.56,74.33,74.78,73.87,74.56,6755601,6755601
SNAP,-0.06,-0.544118,-0.5348,11.16,11.51,11.11,11.29,11.16,11.51,11.11,11.29,16793375,16793375
FIZZ,-0.93,8.735775,-1.6146,56.67,57.9,55.91,57.6,56.67,57.9,55.91,57.6,336985,336985
