symbol,change,changeOverTime,changePercent,close,high,low,open,uClose,uHigh,uLow,uOpen,uVolume,volume
NFLX,0,0,0,366.05,376.0,371.22,367.25,360.34,369.0,366.05,357.41,6624412,6487889
DECK,0,0,0,151.3,151.84,150.17,148.83,145.7,150.82,145.53,145.5,370984,364714
AAPL,0,0,0,199.41,196.28,193.46,192.35,197.47,192.93,189.2,192.13,33115746,34578492
FB,0,0,0,187.57,188.87,187.52,190.99,192.48,189.67,185.22,190.32,13453992,13013412
DEO,0,0,0,175.1,175.0,176.17,175.02,170.9,173.57,174.59,171.71,363728,357770
TIF,0,0,0,101.86,101.72,100.17,102.9,103.98,104.95,98.93,99.98,1502366,1497804
DIS,0,0,0,138.7,139.7,137.79,141.25,138.6,141.6,138.24,139.53,10024549,9906816
LB,0,0,0,23.39,23.39,23.0,22.87,22.54,23.56,22.8,22.73,4843564,4679765
TGT,0,0,0,72.14,73.78,70.67,73.87,72.3,72.3,72.04,72.11,4654405,4615710
LRLCY,0,0,0,56.02,56.36,54.94,55.35,55.95,56.58,56.1,54.4,44000,42861
UAA,0,0,0,22.33,22.52,21.78,22.33,22.12,22.22,21.85,21.84,3921891,3757909
EL,0,0,0,177.8,180.38,168.87,174.0,176.2,178.39,171.45,170.0,1793109,1725906
LULU,0,0,0,184.9,180.0,178.78,180.7,178.0,181.33,174.42,182.2,1371672,1334081
ADDYY,0,0,0,144.93,145.14,141.45,141.66,140.88,144.45,143.14,141.95,71807,72921
LVMUY,0,0,0,76.54,77.5,77.0,76.55,78.54,79.49,78.0,77.83,67563,68617
GOOS,0,0,0,50.16,51.14,51.32,51.23,50.85,52.3,50.33,50.25,942166,924163
ETSY,0,0,0,64.71,67.33,63.53,63.93,65.78,66.81,63.06,64.9,2396492,2400823
ULTA,0,0,0,354.7,365.31,344.02,355.88,357.46,349.37,343.71,349.11,528421,536194
NKE,0,0,0,85.53,86.2,86.8,85.42,87.5,86.9,84.8,85.84,6906884,7064799
SBUX,0,0,0,80.7,80.97,80.54,79.02,81.1,80.01,79.92,79.81,7130632,7231004
SNAP,0,0,0,11.66,11.89,11.09,10.98,11.72,11.86,11.08,11.09,37760085,36661016
FIZZ,0,0,0,53.77,55.01,54.06,53.5,53.47,54.46,53.0,52.8,354159,357039
