symbol,change,changeOverTime,changePercent,close,high,low,open,uClose,uHigh,uLow,uOpen,uVolume,volume
NFLX,0,0,0,376.16,378.25,375.36,378.19,376.16,378.25,375.36,378.19,3113402,3113402
DECK,0,0,0,177.92,177.96,175.89,176.17,177.92,177.96,175.89,176.17,345286,345286
AAPL,0,0,0,200.02,201.4,198.41,200.81,200.02,201.4,198.41,200.81,25338628,25338628
FB,0,0,0,195.76,196.68,193.64,195.19,195.76,196.68,193.64,195.19,9723858,9723858
DEO,0,0,0,173.19,173.61,172.71,173.05,173.19,173.61,172.71,173.05,218155,218155
LRLCF,0,0,0,286.4,286.4,286.4,286.4,286.4,286.4,286.4,286.4,35,35
TIF,0,0,0,93.77,94.71,93.35,94.22,93.77,94.71,93.35,94.22,963691,963691
DIS,0,0,0,141.02,142.23,140.97,142.18,141.02,142.23,140.97,142.18,4993865,4993865
LB,0,0,0,27.55,28.02,27.31,27.72,27.55,28.02,27.31,27.72,4348445,4348445
TGT,0,0,0,88.91,89.41,87.95,88.55,88.91,89.41,87.95,88.55,4734354,4734354
UAA,0,0,0,26.49,26.56,25.76,25.78,26.49,26.56,25.76,25.78,3344957,3344957
EL,0,0,0,185.25,185.63,184.56,184.88,185.25,185.63,184.56,184.88,671001,671001
LVMHF,0,0,0,430.3,430.3,427.66,428.45,430.3,430.3,427.66,428.45,324,324
LULU,0,0,0,186.8,186.95,181.6,181.86,186.8,186.95,181.6,181.86,1882988,1882988
ADDYY,0,0,0,157.29,157.61,156.81,157.02,157.29,157.61,156.81,157.02,14050,14050
GOOS,0,0,0,40.57,40.77,39.99,40.48,40.57,40.77,39.99,40.48,1065160,1065160
ETSY,0,0,0,64.01,64.32,62.31,63.08,64.01,64.32,62.31,63.08,1624037,1624037
ULTA,0,0,0,352.69,353.08,343.61,343.61,352.69,353.08,343.61,343.61,623014,623014
NKE,0,0,0,88.48,88.52,85.97,86.06,88.48,88.52,85.97,86.06,7051999,7051999
SBUX,0,0,0,87.44,87.95,87.18,87.6,87.44,87.95,87.18,87.6,6359676,6359676
SNAP,0,0,0,15.14,15.36,15.01,15.12,15.14,15.36,15.01,15.12,14292931,14292931
FIZZ,0,0,0,44.82,45.87,43.56,45.51,44.82,45.87,43.56,45.51,935025,935025
