symbol,change,changeOverTime,changePercent,close,high,low,open,uClose,uHigh,uLow,uOpen,uVolume,volume
NFLX,9.32,0.028549,2.8549,335.78,336.0,327.5,328.79,335.78,336.0,327.5,328.79,10847495,10847495
DECK,-18.06,-0.101701,-10.1701,159.52,177.5,152.73,174.7,159.52,177.5,152.73,174.7,1789571,1789571
AAPL,0.72,0.003478,0.3478,207.74,209.73,207.14,207.48,207.74,209.73,207.14,207.48,17618874,17618874
FB,-0.96,-0.004783,-0.4783,199.75,202.88,196.25,200.19,199.75,202.88,196.25,200.19,24433985,24433985
DEO,1.76,0.010776,1.0776,165.08,165.33,164.16,164.6,165.08,165.33,164.16,164.6,402245,402245
LRLCF,1.92,0.006928,0.6928,279.42,279.42,279.42,279.42,279.42,279.42,279.42,279.42,430,430
TIF,-0.32,-0.003419,-0.3419,93.27,94.96,92.2,94.4,93.27,94.96,92.2,94.4,1683435,1683435
DIS,1.44,0.010055,1.0055,144.65,145.19,143.05,143.74,144.65,145.19,143.05,143.74,8139402,8139402
LB,0.19,0.007249,0.7249,26.4,26.61,25.81,26.12,26.4,26.61,25.81,26.12,2415594,2415594
TGT,-0.91,-0.010344,-1.0344,87.06,87.84,86.37,87.84,87.06,87.84,86.37,87.84,5315911,5315911
UAA,-0.1,-0.003658,-0.3658,27.24,27.52,27.15,27.44,27.24,27.52,27.15,27.44,3732661,3732661
EL,1.33,0.007017,0.7017,190.87,190.93,188.37,190.19,190.87,190.93,188.37,190.19,686071,686071
LVMHF,11.87,0.028439,2.8439,429.26,429.3,425.63,427.4,429.26,429.3,425.63,427.4,355,355
LULU,-0.6,-0.003138,-0.3138,190.61,192.74,189.81,192.25,190.61,192.74,189.81,192.25,898984,898984
ADDYY,4.02,0.025501,2.5501,161.66,161.66,159.95,160.0,161.66,161.66,159.95,160.0,26288,26288
GOOS,0.17,0.003741,0.3741,45.61,45.97,45.44,45.54,45.61,45.97,45.44,45.54,499856,499856
ETSY,2.13,0.030991,3.0991,70.86,71.08,68.64,68.64,70.86,71.08,68.64,68.64,2370553,2370553
ULTA,-0.74,-0.002087,-0.2087,353.88,356.05,349.56,355.72,353.88,356.05,349.56,355.72,497649,497649
NKE,0.26,0.002979,0.2979,87.54,87.84,86.77,87.44,87.54,87.84,86.77,87.44,3707249,3707249
SBUX,8.13,0.08936,8.936,99.11,99.72,95.21,96.4,99.11,99.72,95.21,96.4,20846459,20846459
SNAP,0.2,0.011306,1.1306,17.89,18.36,17.62,17.7,17.89,18.36,17.62,17.7,55913056,55913056
FIZZ,1.78,0.043595,4.3595,42.61,42.8,40.89,41.01,42.61,42.8,40.89,41.01,268438,268438
