symbol,change,changeOverTime,changePercent,close,high,low,open,uClose,uHigh,uLow,uOpen,uVolume,volume
NFLX,-6.76,-0.020139,-2.0139,328.9,338.22,328.15,335.87,328.9,338.22,328.15,335.87,7655189,7655189
DECK,-0.97,-0.007699,-0.7699,125.02,127.15,124.54,126.48,125.02,127.15,124.54,126.48,459941,459941
AAPL,-1.62,-0.010365,-1.0365,154.68,158.13,154.11,156.25,154.68,158.13,154.11,156.25,41587239,41587239
FB,-3.28,-0.022242,-2.2242,144.19,148.1,143.43,148.09,144.19,148.1,143.43,148.09,17631953,17631953
DEO,0.63,0.00441,0.441,143.48,144.17,142.93,144.13,143.48,144.17,142.93,144.13,315698,315698
LRLCF,7.75,0.033969,3.3969,235.9,236.55,232.37,236.55,235.9,236.55,232.37,236.55,1502,1502
TIF,-0.59,-0.00669,-0.669,87.6,87.9,85.6,87.84,87.6,87.9,85.6,87.84,1754242,1754242
DIS,0.09,0.000812,0.0812,110.9,110.93,110.0,110.65,110.9,110.93,110.0,110.65,5253724,5253724
LB,-0.36,-0.012821,-1.2821,27.72,28.16,27.56,28.02,27.72,28.16,27.56,28.02,2012259,2012259
TGT,-0.42,-0.005824,-0.5824,71.7,72.19,71.3,72.12,71.7,72.19,71.3,72.12,3320733,3320733
UAA,-0.45,-0.021087,-2.1087,20.89,21.29,20.81,21.29,20.89,21.29,20.81,21.29,3179553,3179553
EL,-1.58,-0.011972,-1.1972,130.4,132.69,130.29,132.67,130.4,132.69,130.29,132.67,2939194,2939194
LVMHF,1.9,0.00646,0.646,296.0,318.71,295.0,298.05,296.0,318.71,295.0,298.05,377,377
LULU,-0.75,-0.00501,-0.501,148.95,149.93,147.81,149.83,148.95,149.93,147.81,149.83,1297849,1297849
ADDYY,0.29,0.002493,0.2493,116.6,116.92,116.18,116.37,116.6,116.92,116.18,116.37,198778,198778
GOOS,-0.3,-0.006001,-0.6001,49.69,50.19,48.22,49.78,49.69,50.19,48.22,49.78,1427747,1427747
ETSY,-1.4,-0.025492,-2.5492,53.52,55.88,53.09,55.01,53.52,55.88,53.09,55.01,1333992,1333992
ULTA,-1.46,-0.00503,-0.503,288.82,290.4,286.13,290.37,288.82,290.4,286.13,290.37,516935,516935
NKE,-0.1,-0.001245,-0.1245,80.22,80.83,79.84,80.36,80.22,80.83,79.84,80.36,4187527,4187527
SBUX,0.14,0.002093,0.2093,67.04,67.5,66.2,67.0,67.04,67.5,66.2,67.0,10703449,10703449
SNAP,0.09,0.014196,1.4196,6.43,6.5,6.29,6.42,6.43,6.5,6.29,6.42,14387117,14387117
FIZZ,-0.89,-0.010729,-1.0729,82.06,83.49,81.11,82.96,82.06,83.49,81.11,82.96,200529,200529
