symbol,change,changeOverTime,changePercent,close,high,low,open,uClose,uHigh,uLow,uOpen,uVolume,volume
NFLX,4.55,0.012058,1.2058,381.89,384.8,374.71,375.45,381.89,384.8,374.71,375.45,10089820,10089820
DECK,2.1,0.014012,1.4012,151.97,151.97,149.58,150.23,151.97,151.97,149.58,150.23,356442,356442
AAPL,2.95,0.014423,1.4423,207.48,207.75,203.9,204.43,207.48,207.75,203.9,204.43,23322991,23322991
FB,2.34,0.012897,1.2897,183.78,184.22,181.48,182.74,183.78,184.22,181.48,182.74,19954814,19954814
DEO,1.22,0.007504,0.7504,163.8,164.92,163.45,164.35,163.8,164.92,163.45,164.35,442307,442307
LRLCF,-0.5483,-0.002008,-0.2008,272.45,272.59,270.65,270.87,272.45,272.59,270.65,270.87,2132,2132
TIF,2.02,0.019107,1.9107,107.74,107.79,105.59,106.25,107.74,107.79,105.59,106.25,1204424,1204424
DIS,1.68,0.012758,1.2758,133.36,134.24,132.65,133.39,133.36,134.24,132.65,133.39,12159331,12159331
LB,0.45,0.018101,1.8101,25.31,25.61,25.07,25.23,25.31,25.61,25.07,25.23,7746008,7746008
TGT,0.14,0.001707,0.1707,82.16,82.26,80.29,81.64,82.16,82.26,80.29,81.64,6238520,6238520
UAA,0.44,0.020055,2.0055,22.38,22.49,22.03,22.03,22.38,22.49,22.03,22.03,2611258,2611258
EL,1.19,0.007003,0.7003,171.11,171.8,169.63,169.77,171.11,171.8,169.63,169.77,1122034,1122034
LVMHF,-3.27,-0.008257,-0.8257,393.37,393.37,389.85,389.85,393.37,393.37,389.85,389.85,1717,1717
LULU,3.76,0.021732,2.1732,176.78,177.16,173.03,174.51,176.78,177.16,173.03,174.51,2411858,2411858
ADDYY,-1.1,-0.0084,-0.84,129.85,129.85,129.1,129.32,129.85,129.85,129.1,129.32,19306,19306
GOOS,1.41,0.027152,2.7152,53.34,54.15,51.6,51.92,53.34,54.15,51.6,51.92,1614124,1614124
ETSY,1.71,0.026925,2.6925,65.22,65.56,63.72,63.95,65.22,65.56,63.72,63.95,1767635,1767635
ULTA,4.22,0.012147,1.2147,351.63,355.86,347.49,347.72,351.63,355.86,347.49,347.72,556517,556517
NKE,0.07,0.000801,0.0801,87.43,87.67,87.01,87.57,87.43,87.67,87.01,87.57,7513959,7513959
SBUX,0.59,0.007825,0.7825,75.99,76.06,75.41,75.48,75.99,76.06,75.41,75.48,5274059,5274059
SNAP,0.46,0.039896,3.9896,11.99,12.2,11.67,11.94,11.99,12.2,11.67,11.94,63113347,63113347
FIZZ,1.39,0.025688,2.5688,55.5,56.07,54.52,54.55,55.5,56.07,54.52,54.55,275158,275158
