symbol,change,changeOverTime,changePercent,close,high,low,open,uClose,uHigh,uLow,uOpen,uVolume,volume
NFLX,0.79,281.320882,0.2089,385.89,370.08,375.63,374.94,379.86,381.5,373.54,374.14,5207578,5261814
DECK,-3.62,101.970763,-2.5651,150.02,154.57,144.8,154.31,147.58,151.88,145.2,152.6,607203,595521
AAPL,2.86,193.441878,1.4686,200.6,199.58,192.8,194.05,200.82,196.82,197.45,196.14,22789418,23006540
FB,5.6,3.729097,3.3674,180.9,183.1,173.89,174.35,181.3,178.0,170.15,170.57,24664657,24703350
DEO,0.56,3.091702,0.3257,168.1,165.28,169.06,165.11,172.1,167.73,170.86,164.29,250158,247680
TIF,0.4,3.3802,0.388,108.85,109.12,108.8,106.89,111.09,109.75,108.3,111.18,2397832,2389778
DIS,-0.56,5.655095,-0.4989,113.33,118.8,112.97,118.79,114.16,117.3,116.31,117.91,9427455,9658220
LB,-0.2,1.141441,-0.7262,28.35,27.55,28.19,28.16,27.2,28.58,27.77,28.01,5280155,5470517
TGT,-0.52,1.76106,-0.6657,80.89,81.79,82.57,81.6,82.91,84.24,81.2,83.2,3007005,2976744
LRLCY,-0.24,2.590344,-0.4388,55.82,54.92,54.61,56.11,54.99,55.81,55.85,56.3,46029,45234
UAA,0.24,2.461835,1.1,22.01,22.43,21.86,21.54,22.37,21.8,21.94,22.06,3981778,3960276
EL,-1.57,10.307269,-0.9755,165.6,165.9,164.98,168.38,164.58,166.8,164.34,165.86,837646,820848
LULU,-0.05,11.32501,-0.0304,166.7,173.9,164.34,166.38,170.32,174.3,165.29,169.63,2231133,2258029
ADDYY,1.54,5.450143,1.2511,130.49,126.92,126.55,125.11,128.04,130.6,129.89,130.0,23791,23739
LVMUY,0.35,6.407208,0.469,75.33,75.8,74.62,76.51,78.08,78.84,77.48,78.05,90056,87675
GOOS,-0.33,2.063252,-0.6913,49.69,49.51,49.24,48.27,49.99,50.61,48.28,49.96,1003975,975474
ETSY,1.63,1.359828,2.3999,69.98,73.66,68.47,70.2,72.02,71.6,69.94,68.5,3714914,3662436
ULTA,-5.43,10.901272,-1.5199,360.1,365.25,359.67,369.87,358.9,354.18,363.43,364.81,532890,535234
NKE,-0.9,12.530307,-1.041,84.46,89.17,85.44,85.0,85.58,86.01,88.31,87.0,4483929,4606420
SBUX,0.32,11.060692,0.4304,77.69,77.72,77.05,74.17,75.32,77.05,75.73,77.46,5584231,5682436
SNAP,-0.15,-0.568151,-1.2436,11.68,11.5,11.14,11.0,11.58,11.7,11.18,11.0,20819936,21431123
FIZZ,0.02,9.188924,0.0353,59.5,61.43,59.38,58.7,60.4,60.25,57.39,59.16,232520,231642
