symbol,change,changeOverTime,changePercent,close,high,low,open,uClose,uHigh,uLow,uOpen,uVolume,volume
NFLX,1.45,0.004665,0.4665,312.28,316.43,308.16,309.77,312.28,316.43,308.16,309.77,5338761,5338761
DECK,3.07,0.021458,2.1458,146.14,149.14,141.43,142.23,146.14,149.14,141.43,142.23,663021,663021
AAPL,8.49,0.042348,4.2348,208.97,212.14,200.83,201.02,208.97,212.14,200.83,201.02,47539786,47539786
FB,3.08,0.016615,1.6615,188.45,191.38,185.37,185.52,188.45,191.38,185.37,185.52,13653319,13653319
DEO,-0.8,-0.004857,-0.4857,163.92,164.82,163.6,163.79,163.92,164.82,163.6,163.79,229192,229192
LRLCF,-3.22,-0.012204,-1.2204,261.0,263.07,260.35,260.35,261.0,263.07,260.35,260.35,685,685
TIF,0.78,0.008959,0.8959,87.84,90.25,85.85,86.72,87.84,90.25,85.85,86.72,1740840,1740840
DIS,1.26,0.009282,0.9282,137.01,137.92,135.0,135.0,137.01,137.92,135.0,135.0,8196997,8196997
LB,0.62,0.028118,2.8118,22.67,23.58,21.73,22.05,22.67,23.58,21.73,22.05,5539499,5539499
TGT,2.21,0.026941,2.6941,84.24,86.64,81.21,81.6,84.24,86.64,81.21,81.6,8434160,8434160
UAA,0.17,0.008638,0.8638,19.85,20.4,19.36,19.6,19.85,20.4,19.36,19.6,4460513,4460513
EL,3.07,0.017274,1.7274,180.79,183.51,175.3,176.63,180.79,183.51,175.3,176.63,1734017,1734017
LVMHF,4.75,0.011874,1.1874,404.79,407.3,392.47,393.75,404.79,407.3,392.47,393.75,332,332
LULU,0.77,0.004306,0.4306,179.59,183.72,176.42,177.62,179.59,183.72,176.42,177.62,1689839,1689839
ADDYY,-0.4,-0.002719,-0.2719,146.7,147.5,143.76,143.76,146.7,147.5,143.76,143.76,28430,28430
GOOS,1.15,0.027342,2.7342,43.21,43.85,40.48,41.57,43.21,43.85,40.48,41.57,1775914,1775914
ETSY,0.77,0.014008,1.4008,55.74,56.77,54.51,54.52,55.74,56.77,54.51,54.52,1481475,1481475
ULTA,4.69,0.013937,1.3937,341.2,348.32,333.33,334.31,341.2,348.32,333.33,334.31,576810,576810
NKE,1.67,0.020453,2.0453,83.32,84.15,80.85,81.17,83.32,84.15,80.85,81.17,6940602,6940602
SBUX,1.72,0.018122,1.8122,96.63,96.67,94.21,94.52,96.63,96.67,94.21,94.52,8938251,8938251
SNAP,0.19,0.011303,1.1303,17.0,17.11,16.65,16.8,17.0,17.11,16.65,16.8,22496800,22496800
FIZZ,-0.18,-0.004116,-0.4116,43.55,44.55,43.15,43.49,43.55,44.55,43.15,43.49,181460,181460
