symbol,change,changeOverTime,changePercent,close,high,low,open,uClose,uHigh,uLow,uOpen,uVolume,volume
NFLX,2.45,0.008735,0.8735,282.93,287.87,275.89,284.8,282.93,287.87,275.89,284.8,8817301,8817301
DECK,10.35,0.07201,7.201,154.08,156.53,150.0,150.74,154.08,156.53,150.0,150.74,668818,668818
AAPL,6.12,0.026598,2.6598,236.21,237.64,232.31,232.95,236.21,237.64,232.31,232.95,41990210,41990210
FB,4.16,0.023107,2.3107,184.19,186.49,182.14,182.15,184.19,186.49,182.14,182.15,14998754,14998754
DEO,-0.8,-0.004875,-0.4875,163.3,164.07,162.04,162.38,163.3,164.07,162.04,162.38,634337,634337
LRLCF,-1.9,-0.00707,-0.707,266.85,269.85,266.85,269.85,266.85,269.85,266.85,269.85,159,159
TIF,3.85,0.043735,4.3735,91.88,92.73,90.07,90.08,91.88,92.73,90.07,90.08,1729852,1729852
DIS,0.68,0.005257,0.5257,130.02,130.99,129.59,130.3,130.02,130.99,129.59,130.3,6809765,6809765
LB,0.66,0.039192,3.9192,17.5,17.98,17.09,17.09,17.5,17.98,17.09,17.09,5964407,5964407
TGT,1.26,0.011395,1.1395,111.83,112.94,111.21,111.85,111.83,112.94,111.21,111.85,4584153,4584153
UAA,0.35,0.017821,1.7821,19.99,20.39,19.82,19.93,19.99,20.39,19.82,19.93,3627290,3627290
EL,4.16,0.021931,2.1931,193.85,195.75,190.64,191.59,193.85,195.75,190.64,191.59,1210555,1210555
LVMHF,1.85,0.004469,0.4469,415.85,418.35,415.85,416.55,415.85,418.35,415.85,416.55,223,223
LULU,3.49,0.017615,1.7615,201.62,202.98,199.55,199.55,201.62,202.98,199.55,199.55,2293478,2293478
ADDYY,0.68,0.004427,0.4427,154.27,155.29,153.6,153.6,154.27,155.29,153.6,153.6,17530,17530
GOOS,1.19,0.031365,3.1365,39.13,39.57,38.53,38.9,39.13,39.57,38.53,38.9,2275301,2275301
ETSY,1.49,0.025792,2.5792,59.26,60.39,58.75,58.75,59.26,60.39,58.75,58.75,2814058,2814058
ULTA,6.71,0.027756,2.7756,248.46,249.55,244.12,245.41,248.46,249.55,244.12,245.41,1246627,1246627
NKE,0.88,0.009462,0.9462,93.88,94.57,93.56,94.0,93.88,94.57,93.56,94.0,6254127,6254127
SBUX,0.4,0.004653,0.4653,86.36,87.25,86.26,87.02,86.36,87.25,86.26,87.02,5621572,5621572
SNAP,0.08,0.005682,0.5682,14.16,14.57,14.1,14.24,14.16,14.57,14.1,14.24,27746480,27746480
FIZZ,1.05,0.021857,2.1857,49.09,50.0,48.13,48.41,49.09,50.0,48.13,48.41,620347,620347
