symbol,change,changeOverTime,changePercent,close,high,low,open,uClose,uHigh,uLow,uOpen,uVolume,volume
NFLX,5.41,0.01868,1.868,295.03,295.82,287.57,290.59,295.03,295.82,287.57,290.59,6337779,6337779
DECK,2.31,0.013992,1.3992,167.41,168.41,165.85,166.48,167.41,168.41,165.85,166.48,427450,427450
AAPL,3.12,0.011879,1.1879,265.76,265.78,263.01,263.68,265.76,265.78,263.01,263.68,25093666,25093666
FB,1.95,0.010096,1.0096,195.1,195.3,193.38,194.26,195.1,195.3,193.38,194.26,11530232,11530232
DEO,-0.79,-0.004909,-0.4909,160.13,160.34,159.36,159.61,160.13,160.34,159.36,159.61,282589,282589
LRLCF,-0.25,-0.000872,-0.0872,286.55,289.36,286.55,288.7,286.55,289.36,286.55,288.7,129,129
TIF,2.07,0.016828,1.6828,125.08,125.1,123.0,123.97,125.08,125.1,123.0,123.97,2032336,2032336
DIS,-2.48,-0.016854,-1.6854,144.67,147.2,144.21,147.14,144.67,147.2,144.21,147.14,13749344,13749344
LB,0.49,0.027873,2.7873,18.07,18.2,17.74,17.79,18.07,18.2,17.74,17.79,5928748,5928748
TGT,2.1,0.0189,1.89,113.21,113.68,111.33,112.05,113.21,113.68,111.33,112.05,5347516,5347516
UAA,0.67,0.039136,3.9136,17.79,17.89,17.11,17.12,17.79,17.89,17.11,17.12,5882938,5882938
EL,-0.51,-0.002663,-0.2663,190.99,192.3,190.19,191.71,190.99,192.3,190.19,191.71,1365772,1365772
LVMHF,2.98,0.006695,0.6695,448.1,449.4,446.17,447.28,448.1,449.4,446.17,447.28,919,919
LULU,2.69,0.012616,1.2616,215.91,216.05,212.26,214.31,215.91,216.05,212.26,214.31,1492783,1492783
ADDYY,1.86,0.012731,1.2731,147.96,147.96,146.34,147.11,147.96,147.96,146.34,147.11,285437,285437
GOOS,-0.04,-0.00112,-0.112,35.67,36.28,35.26,35.93,35.67,36.28,35.26,35.93,2226494,2226494
ETSY,0.16,0.003824,0.3824,42.0,42.98,41.74,42.3,42.0,42.98,41.74,42.3,5042559,5042559
ULTA,3.43,0.014123,1.4123,246.3,246.73,240.13,243.14,246.3,246.73,240.13,243.14,872448,872448
NKE,1.77,0.019393,1.9393,93.04,93.56,91.96,92.14,93.04,93.56,91.96,92.14,6785736,6785736
SBUX,-0.17,-0.002015,-0.2015,84.21,84.94,83.57,84.68,84.21,84.94,83.57,84.68,7537205,7537205
SNAP,-0.43,-0.029923,-2.9923,13.94,14.6,13.5,14.48,13.94,14.6,13.5,14.48,33510296,33510296
FIZZ,0.49,0.011419,1.1419,43.4,43.46,42.25,43.18,43.4,43.46,42.25,43.18,290426,290426
