symbol,change,changeOverTime,changePercent,close,high,low,open,uClose,uHigh,uLow,uOpen,uVolume,volume
NFLX,0,0,0,395.4,382.19,376.0,395.76,390.48,399.77,386.0,392.73,5857576,5821225
DECK,0,0,0,164.45,160.3,163.02,162.15,160.23,162.2,161.98,160.59,381040,394342
AAPL,0,0,0,216.02,216.47,205.2,207.66,211.65,209.81,209.3,210.14,33035690,33210950
FB,0,0,0,202.49,196.87,197.95,199.02,196.9,197.19,196.09,192.02,14241842,14466188
DEO,0,0,0,167.89,173.87,173.89,170.31,175.34,168.36,172.83,168.61,160983,163423
TIF,0,0,0,105.74,109.2,109.22,107.95,106.11,109.66,108.62,109.52,2121320,2041620
DIS,0,0,0,137.0,137.34,135.4,132.8,137.0,141.4,136.2,134.01,10438176,10259730
LB,0,0,0,26.72,26.83,25.21,26.4,26.18,26.23,26.34,26.39,2860898,2886359
TGT,0,0,0,79.73,78.52,75.63,77.0,76.75,77.68,76.07,76.0,4112831,4179653
LRLCY,0,0,0,54.12,54.88,55.1,53.87,55.4,56.17,55.1,54.44,53820,53887
UAA,0,0,0,23.24,23.03,21.9,22.87,22.64,23.16,21.92,22.82,6347781,6256665
EL,0,0,0,172.99,178.5,170.0,178.58,172.11,180.33,173.0,174.69,2234520,2268380
LULU,0,0,0,181.22,180.05,181.79,179.9,186.19,186.12,178.44,176.4,936614,959549
ADDYY,0,0,0,148.81,144.32,143.22,141.78,147.99,147.2,142.29,142.95,45411,44660
LVMUY,0,0,0,78.26,81.43,79.27,77.53,80.34,78.39,79.19,77.68,209458,209300
GOOS,0,0,0,53.49,55.08,52.97,53.81,54.65,55.1,53.7,52.98,1323408,1331238
ETSY,0,0,0,71.91,71.43,70.0,69.39,69.79,72.34,69.3,68.74,1809152,1781813
ULTA,0,0,0,359.71,362.71,340.81,352.98,350.43,364.76,344.71,343.42,722816,731300
NKE,0,0,0,84.52,84.44,86.55,85.0,86.97,85.28,86.08,84.49,13189356,13281158
SBUX,0,0,0,78.62,81.14,79.97,80.1,78.74,80.78,78.62,79.0,5867735,5861706
SNAP,0,0,0,11.79,12.31,11.68,11.51,12.31,12.18,11.89,11.5,13018791,12762432
FIZZ,0,0,0,59.33,59.74,57.7,59.71,58.26,59.43,57.0,58.22,282480,280320
