symbol,change,changeOverTime,changePercent,close,high,low,open,uClose,uHigh,uLow,uOpen,uVolume,volume
NFLX,0,0,0,383.27,387.1,373.32,384.0,386.73,389.41,367.99,391.0,7236110,7179927
DECK,0,0,0,156.34,160.65,154.59,161.2,156.6,164.06,154.71,158.23,474030,489098
AAPL,0,0,0,207.48,207.99,208.62,207.57,209.72,208.29,209.76,216.09,39480551,40364316
FB,0,0,0,195.37,201.3,197.11,199.16,190.42,201.8,195.83,196.16,16926901,16616073
DEO,0,0,0,171.7,169.13,173.18,170.32,170.0,172.15,169.17,169.57,392554,388253
TIF,0,0,0,107.05,109.5,107.17,109.21,106.35,107.92,105.79,105.13,1703402,1742430
DIS,0,0,0,134.51,142.61,138.2,140.55,137.7,139.51,138.72,135.36,11131363,11414969
LB,0,0,0,24.77,25.91,25.0,25.6,24.92,25.93,24.7,25.9,5334628,5361183
TGT,0,0,0,75.43,77.05,76.72,77.37,75.63,79.12,76.12,77.51,4543102,4628082
LRLCY,0,0,0,53.65,55.35,54.26,54.9,54.61,53.72,55.14,54.73,63595,63377
UAA,0,0,0,22.88,23.09,22.3,22.51,22.39,22.93,22.43,22.62,6838653,7110981
EL,0,0,0,174.95,171.94,170.69,170.49,173.78,172.39,170.88,175.33,2580440,2525606
LULU,0,0,0,174.44,182.7,177.5,177.0,181.56,180.0,180.7,182.0,1871863,1888872
ADDYY,0,0,0,143.84,143.85,141.0,143.14,141.7,147.68,142.0,141.84,65134,63453
LVMUY,0,0,0,75.37,77.9,76.07,77.09,78.34,77.8,75.48,77.9,148310,148014
GOOS,0,0,0,52.6,53.45,53.45,54.49,53.5,55.0,52.01,54.53,756853,730131
ETSY,0,0,0,68.1,69.61,68.45,71.46,68.19,71.29,68.26,70.51,2011098,1967457
ULTA,0,0,0,348.1,357.87,354.73,360.54,352.36,362.14,351.21,345.06,703607,703889
NKE,0,0,0,84.31,86.72,82.31,83.15,83.4,87.02,85.28,86.54,10066315,10260385
SBUX,0,0,0,78.69,82.45,80.41,80.09,80.61,82.55,77.83,78.2,8307701,8171482
SNAP,0,0,0,11.22,11.98,11.57,12.04,11.63,12.12,11.16,11.7,21716056,21136668
FIZZ,0,0,0,59.92,61.0,59.09,60.0,58.87,58.83,59.73,60.31,214431,206035
