symbol,change,changeOverTime,changePercent,close,high,low,open,uClose,uHigh,uLow,uOpen,uVolume,volume
NFLX,0,0,0,364.92,378.0,367.11,386.21,375.11,370.0,378.17,377.47,6621359,6796542
DECK,0,0,0,155.45,153.44,156.82,153.64,152.06,156.7,151.25,156.24,383646,390669
AAPL,0,0,0,206.3,205.55,205.13,212.0,211.7,207.52,205.77,205.4,27066787,27270364
FB,0,0,0,198.81,196.36,195.99,194.27,196.07,191.87,193.78,194.58,12973532,12578541
DEO,0,0,0,174.1,169.54,169.58,172.52,168.6,175.95,171.43,174.67,321992,323386
TIF,0,0,0,109.49,111.7,105.68,105.11,108.38,109.19,104.51,107.76,1052741,1034500
DIS,0,0,0,135.2,137.0,139.5,134.4,138.52,141.6,138.1,133.6,15928876,15515745
LB,0,0,0,24.43,25.42,24.21,25.13,25.26,25.82,24.57,25.02,4474149,4478909
TGT,0,0,0,76.19,78.98,77.4,75.82,77.89,77.6,77.6,78.44,4113419,4192505
LRLCY,0,0,0,53.4,55.47,54.84,54.92,55.5,54.22,53.26,53.73,56548,56979
UAA,0,0,0,23.15,22.74,22.38,22.54,22.56,23.16,22.33,22.39,3668305,3708636
EL,0,0,0,171.41,169.4,172.99,169.19,172.57,173.6,174.39,173.56,2232675,2229509
LULU,0,0,0,180.22,178.0,180.62,178.48,179.09,179.0,177.21,178.98,1042432,1045281
ADDYY,0,0,0,150.36,150.48,142.95,147.73,145.09,146.57,148.33,144.45,23350,22858
LVMUY,0,0,0,79.43,79.96,77.19,76.34,77.93,77.42,76.94,78.58,57913,56594
GOOS,0,0,0,52.29,53.75,51.1,53.0,52.02,53.22,51.0,53.0,1116342,1107468
ETSY,0,0,0,68.4,70.66,68.9,68.2,69.96,68.66,67.9,70.06,4067659,4013446
ULTA,0,0,0,359.6,357.75,344.81,353.93,352.15,354.7,341.92,343.59,590720,594914
NKE,0,0,0,85.71,86.08,85.57,82.45,85.66,84.06,82.89,85.13,9694212,9660204
SBUX,0,0,0,78.9,81.06,77.22,79.93,80.88,79.91,79.47,79.69,8005826,7906132
SNAP,0,0,0,10.92,11.61,11.23,11.45,11.23,11.47,11.23,11.73,21552906,21446545
FIZZ,0,0,0,58.56,60.94,57.25,58.22,58.72,58.97,58.79,58.98,222297,217123
