symbol,change,changeOverTime,changePercent,close,high,low,open,uClose,uHigh,uLow,uOpen,uVolume,volume
NFLX,-13.17,-0.042174,-4.2174,299.11,308.41,298.01,308.01,299.11,308.41,298.01,308.01,7355753,7355753
DECK,-8.75,-0.059874,-5.9874,137.39,142.32,137.27,142.19,137.39,142.32,137.27,142.19,602294,602294
AAPL,-6.22,-0.029765,-2.9765,202.75,206.44,202.59,203.16,202.75,206.44,202.59,203.16,36547443,36547443
FB,-8.74,-0.046378,-4.6378,179.71,185.99,179.31,185.8,179.71,185.99,179.31,185.8,18903716,18903716
DEO,-1.14,-0.006955,-0.6955,162.78,164.25,162.58,163.53,162.78,164.25,162.58,163.53,345774,345774
LRLCF,-3.78,-0.0145,-1.45,257.22,257.7,257.22,257.7,257.22,257.7,257.22,257.7,434,434
TIF,-5.11,-0.058174,-5.8174,82.73,85.48,82.32,85.48,82.73,85.48,82.32,85.48,3228162,3228162
DIS,-4.16,-0.030363,-3.0363,132.85,135.15,132.68,135.06,132.85,135.15,132.68,135.06,11797670,11797670
LB,-1.82,-0.080282,-8.0282,20.85,21.86,20.59,21.86,20.85,21.86,20.59,21.86,6487762,6487762
TGT,-2.35,-0.027896,-2.7896,81.89,83.22,81.15,81.86,81.89,83.22,81.15,81.86,7011543,7011543
UAA,-0.84,-0.042317,-4.2317,19.01,19.41,18.89,19.39,19.01,19.41,18.89,19.39,4799837,4799837
EL,-5.67,-0.031362,-3.1362,175.12,177.51,174.65,176.36,175.12,177.51,174.65,176.36,2164093,2164093
LVMHF,-17.75,-0.04385,-4.385,387.04,392.13,387.0,389.55,387.04,392.13,387.0,389.55,1051,1051
LULU,-4.91,-0.02734,-2.734,174.68,176.86,174.01,176.05,174.68,176.86,174.01,176.05,1770821,1770821
ADDYY,-4.8,-0.03272,-3.272,141.9,143.26,141.79,142.87,141.9,143.26,141.79,142.87,108162,108162
GOOS,-3.24,-0.074983,-7.4983,39.97,44.39,38.62,40.79,39.97,44.39,38.62,40.79,5494922,5494922
ETSY,-2.9,-0.052027,-5.2027,52.84,54.5,52.48,53.78,52.84,54.5,52.48,53.78,1753248,1753248
ULTA,-20.2,-0.059203,-5.9203,321.0,332.2,320.17,330.06,321.0,332.2,320.17,330.06,1249274,1249274
NKE,-2.29,-0.027484,-2.7484,81.03,81.69,80.51,81.24,81.03,81.69,80.51,81.24,7266253,7266253
SBUX,-1.71,-0.017696,-1.7696,94.92,97.02,94.87,95.91,94.92,97.02,94.87,95.91,9989526,9989526
SNAP,-0.64,-0.037647,-3.7647,16.36,16.89,16.29,16.62,16.36,16.89,16.29,16.62,18094850,18094850
FIZZ,-2.57,-0.059013,-5.9013,40.98,43.19,40.43,43.16,40.98,43.19,40.43,43.16,498178,498178
